"Instrument #83"
"Intercomparison date: 09-16-2016"
"Site: Izana, Tenerife"
"N table date: 10-01-1993"
"Lamp Corrections: -0.9, -0.8, -0.8"
"alph:IUPC"
"Observations, 32:
Time				 Mu_C		AirM_C	R_C  	N_C  	O3_C	Mu_D 	AirM_D	R_D	 N_D	 O3_D Mu_A	 AirM_A	R_A 	 N_A   O3_A Mu_CD	AirM_CD	O3_CD	Mu_AD	M_AD	 O3_AD
07:56:00 4.082 4.264  129.2 138.1 278  4.025	4.198	 78.0 74.4 284  3.969	4.135  232.7 245.7 278  4.053	4.231   274   3.997	4.166	275.8
08:00:00 3.862 4.013  121.6 130.0 277  3.811	3.956	 73.6 70.4 285  3.761	3.899  221.1 234.4 279  3.836	3.984   271   3.786	3.927	277.1
08:04:00 3.665 3.792  115.7 123.7 278  3.618	3.740	 69.7 66.8 285  3.573	3.690  210.4 223.9 279  3.641	3.766   273   3.596	3.715	277.8
08:08:00 3.486 3.594  109.9 117.4 278  3.444	3.548	 66.1 63.5 286  3.403	3.503  200.3 213.8 279  3.465	3.571   272   3.424	3.525	277.7
08:12:00 3.324 3.416  104.8 111.9 278  3.286	3.375	 63.0 60.7 287  3.249	3.334  191.1 204.5 279  3.305	3.395   272   3.268	3.354	277.3
08:16:00 3.177 3.256  100.1 106.9 279  3.142	3.218	 60.1 58.0 287  3.108	3.182  182.8 196.1 279  3.160	3.237   272   3.125	3.200	277.3
08:20:00 3.043 3.111   95.9 102.3 279  3.011	3.077	 57.5 55.6 288  2.980	3.043  175.4 188.6 280  3.027	3.094   271   2.995	3.060	277.7
08:24:00 2.920 2.979   92.1 098.3 280  2.890	2.948	 55.1 53.4 289  2.862	2.917  168.6 181.7 280  2.905	2.963   273   2.876	2.932	278.1
08:28:00 2.806 2.858   88.4 094.3 279  2.780	2.830	 52.8 51.2 288  2.753	2.802  162.1 175.0 280  2.793	2.844   273   2.766	2.816	277.9
08:32:00 2.702 2.748   85.1 090.7 279  2.677	2.721	 50.9 49.4 289  2.653	2.696  156.2 169.0 280  2.690	2.734   271   2.665	2.709	277.8
08:36:00 2.606 2.646   82.1 087.5 280  2.583	2.622	 49.0 47.6 289  2.561	2.598  150.8 163.5 280  2.594	2.634   272   2.572	2.610	278.2
08:40:00 2.517 2.552   79.4 084.6 280  2.496	2.530	 47.3 46.0 289  2.475	2.508  146.1 158.7 281  2.506	2.541   274   2.485	2.519	279.3
08:44:00 2.434 2.466   77.0 081.9 281  2.414	2.445	 45.4 44.2 285  2.395	2.425  141.2 153.6 281  2.424	2.455   278   2.405	2.435	279.6
08:48:00 2.357 2.385   74.4 079.1 280  2.339	2.366	 44.1 42.9 287  2.321	2.347  136.9 149.2 281  2.348	2.376   275   2.330	2.357	279.5
08:52:00 2.285 2.310   72.2 076.7 281  2.268	2.293	 42.8 41.7 288  2.251	2.275  132.8 144.9 281  2.277	2.302   275   2.260	2.284	279.3
08:56:00 2.218 2.241   70.0 074.3 280  2.202	2.224	 41.5 40.4 287  2.187	2.208  129.2 141.1 282  2.210	2.233   275   2.194	2.216	280.1
09:00:00 2.156 2.176   68.0 072.2 281  2.141	2.160	 40.2 39.1 286  2.126	2.145  125.5 137.2 281  2.148	2.168   277   2.133	2.153	280.2
09:04:00 2.097 2.115   66.1 070.1 280  2.083	2.101	 39.3 38.2 288  2.069	2.086  122.2 133.8 282  2.090	2.108   274   2.076	2.094	279.9
09:08:00 2.042 2.059   64.3 068.2 280  2.029	2.045	 38.3 37.2 288  2.016	2.031  119.2 130.6 282  2.035	2.052   274   2.022	2.038	280.2
09:12:00 1.990 2.005   62.8 066.5 281  1.978	1.992	 37.5 36.5 290  1.966	1.980  116.3 127.6 282  1.984	1.999   273   1.972	1.986	280.1
09:48:00 1.638 1.645   51.8 054.7 282  1.631	1.637	 31.3 30.2 294  1.623	1.630   96.3 106.3 283  1.634	1.641   273   1.627	1.633	280.3
09:52:00 1.609 1.615   50.8 053.6 281  1.602	1.607	 30.7 29.6 293  1.595	1.600   94.6 104.5 283  1.605	1.611   272   1.598	1.604	280.7
09:56:00 1.581 1.586   50.0 052.8 282  1.574	1.579	 30.1 29.0 292  1.567	1.572   92.9 102.7 283  1.577	1.583   275   1.571	1.576	280.9
10:00:00 1.554 1.559   49.2 051.9 282  1.548	1.553	 29.5 28.4 289  1.541	1.546   91.5 101.2 284  1.551	1.556   277   1.544	1.549	282.0
10:04:00 1.529 1.533   48.2 050.9 281  1.523	1.527	 29.1 28.0 291  1.517	1.521   90.0 099.6 283  1.526	1.530   274   1.520	1.524	281.6
10:08:00 1.505 1.509   47.7 050.3 283  1.499	1.503	 29.0 27.9 297  1.493	1.497   88.9 098.4 284  1.502	1.506   272   1.496	1.500	281.3
10:12:00 1.482 1.486   47.0 049.6 283  1.476	1.480	 28.6 27.5 297  1.471	1.475   87.7 097.1 285  1.479	1.483   273   1.474	1.477	281.7
10:16:00 1.460 1.464   46.4 049.0 284  1.455	1.458	 28.4 27.3 301  1.449	1.453   86.5 095.9 285  1.457	1.461   271   1.452	1.456	281.4
10:20:00 1.439 1.443   45.8 048.3 284  1.434	1.437	 28.0 26.9 301  1.429	1.432   85.3 094.6 285  1.437	1.440   272   1.432	1.435	281.5
10:24:00 1.419 1.422   45.0 047.5 283  1.415	1.418	 27.7 26.6 302  1.410	1.413   84.1 093.3 285  1.417	1.420   269   1.412	1.415	280.8
10:28:00 1.401 1.403   44.6 047.1 285  1.396	1.399	 27.4 26.3 303  1.392	1.394   83.2 092.4 286  1.398	1.401   271   1.394	1.396	281.9
10:32:00 1.383 1.385   44.1 046.6 286  1.378	1.381	 27.2 26.1 305  1.374	1.376   82.3 091.4 287  1.380	1.383   271   1.376	1.379	281.8
10:36:00 1.366 1.368   43.8 046.2 287  1.361	1.364	 27.0 25.9 308  1.357	1.360   81.5 090.5 287  1.363	1.366   272   1.359	1.362	282.0
10:40:00 1.349 1.351   43.1 045.5 286  1.345	1.347	 26.7 25.6 308  1.341	1.343   80.4 089.4 287  1.347	1.349   269   1.343	1.345	281.6
10:44:00 1.334 1.336   42.7 045.1 287  1.330	1.332	 26.4 25.3 307  1.326	1.328   79.7 088.6 288  1.332	1.334   271   1.328	1.330	282.6
10:48:00 1.319 1.321   42.2 044.6 287  1.315	1.317	 26.1 25.0 307  1.312	1.313   79.1 088.0 289  1.317	1.319   271   1.313	1.315	284.4
10:52:00 1.305 1.306   41.8 044.2 287  1.301	1.303	 26.1 25.0 312  1.298	1.300   78.1 086.9 288  1.303	1.305   268   1.300	1.301	282.0
10:56:00 1.291 1.293   41.3 043.7 287  1.288	1.290	 25.9 24.8 313  1.285	1.286   77.4 086.1 288  1.290	1.291   266   1.286	1.288	281.9
11:00:00 1.279 1.280   40.9 043.3 287  1.275	1.277	 25.7 24.5 314  1.272	1.274   76.5 085.2 288  1.277	1.278   266   1.274	1.275	281.3
11:04:00	1.266 1.268   40.5 042.8 286  1.263	1.265	 25.3 24.1 310  1.260	1.262   75.7 084.3 287  1.265	1.266   268   1.262	1.263	281.6