"Instrument #83"
"Intercomparison date: 09-19-2016"
"Site: Izana, Tenerife"
"N table date: 10-01-1993"
"Lamp Corrections: -0.8, -0.7, -0.6"
"alph: IUPC"
"Observations,: 45"
Time Local Mu_C  M_C   RC    NC    O3_C Mu_D  M_D   RD   ND   O3_D Mu_A  M_A   RA    NA    O3_A Mu_CD	M_CD	 O3_CD	Mu_AD	M_AD	 O3_AD
	7:56:00   4.168	4.363 138.0 129.2 270  4.109	4.295 79.4 75.9 283  4.051	4.228 245.8 232.9 271  4.138	4.329 260   4.080	4.261 267.9
	8:00:00   3.940	4.102 130.3 122.0 270  3.887	4.042 74.9 71.8 284  3.835	3.983 233.7 220.5 271  3.913	4.071 260   3.861	4.012 268.0
	8:04:00   3.735	3.871 123.5 115.6 271  3.687	3.817 70.6 67.8 283  3.641	3.765 222.9 209.5 272  3.711	3.844 261   3.664	3.791 268.9
	8:08:00   3.551	3.665 117.1 109.7 270  3.507	3.617 66.9 64.5 284  3.465	3.570 212.5 199.1 272  3.529	3.641 260   3.486	3.594 268.4
	8:12:00   3.383	3.481 111.4 104.4 270  3.344	3.438 63.6 61.4 284  3.306	3.396 203.2 189.9 272  3.364	3.459 260   3.325	3.417 268.4
	8:16:00   3.231	3.315 106.6 	99.9 271  3.196	3.276 60.7 58.8 285  3.160	3.238 194.9 181.7 272  3.213	3.295 261   3.178	3.257 268.7
	8:20:00   3.093	3.165 102.0 	95.7 272  3.060	3.129 58.0 56.3 286  3.028	3.095 187.1 174.1 272  3.076	3.147 261   3.044	3.112 268.5
	8:24:00   2.966	3.028  97.8 	91.8 272  2.936	2.996 55.7 54.1 288  2.906	2.965 180.3 167.3 273  2.951	3.012 260   2.921	2.980 268.9
	8:28:00   2.849	2.904  93.7 	88.0 271  2.822	2.875 53.4 52.0 288  2.795	2.846 173.6 160.8 273  2.836	2.889 259   2.808	2.860 268.7
	8:32:00   2.742	2.790  90.4 	84.9 273  2.717	2.763 51.3 50.0 287  2.692	2.737 167.6 154.9 273  2.729	2.776 261   2.704	2.750 268.9
	8:36:00   2.643	2.685  86.9 	81.7 272  2.620	2.661 49.3 48.1 287  2.597	2.636 161.7 149.2 272  2.632	2.673 261   2.608	2.648 268.4
	8:40:00   2.552	2.589  83.9 	78.9 272  2.530	2.566 47.7 46.6 288  2.509	2.544 156.7 144.3 273  2.541	2.578 260   2.519	2.555 268.7
	8:44:00   2.467	2.500  81.1 	76.3 273  2.447	2.479 46.1 45.0 288  2.427	2.458 152.0 139.7 273  2.457	2.489 261   2.437	2.468 269.1
	8:48:00   2.388	2.418  78.4 	73.8 273  2.369	2.398 44.6 43.6 288  2.351	2.379 147.4 135.3 273  2.379	2.408 260   2.360	2.388 269.0
	8:52:00   2.315	2.341  76.0 	71.6 273  2.297	2.323 43.3 42.3 290  2.280	2.305 143.2 131.3 273  2.306	2.332 260   2.289	2.314 269.0
	8:56:00   2.246	2.270  73.5 	69.3 272  2.230	2.253 41.9 41.0 288  2.214	2.236 139.1 127.4 273  2.238	2.261 260   2.222	2.244 269.1
	9:00:00   2.182	2.203  71.3 	67.3 272  2.167	2.188 40.8 39.9 289  2.152	2.172 135.3 123.8 273  2.175	2.195 258   2.159	2.180 268.6
	9:04:00   2.122	2.141  69.4 	65.5 273  2.108	2.126 39.6 38.7 288  2.094	2.112 131.8 120.4 273  2.115	2.134 260   2.101	2.119 268.9
	9:08:00   2.066	2.083  67.6 	63.9 273  2.053	2.069 38.6 37.7 289  2.039	2.056 128.7 117.5 273  2.059	2.076 261   2.046	2.062 269.4
	9:12:00   2.013	2.029  65.8 	62.2 273  2.001	2.016 37.6 36.8 289  1.988	2.003 125.4 114.3 273  2.007	2.022 261   1.994	2.009 268.8
	9:16:00   1.964	1.978  64.0 	60.6 272  1.952	1.965 36.9 36.1 292  1.940	1.953 122.7 111.7 273  1.958	1.972 257   1.946	1.959 268.9
	9:20:00   1.917	1.930  62.7 	59.4 274  1.906	1.918 36.0 35.2 291  1.895	1.907 119.8 109.0 273  1.911	1.924 260   1.900	1.912 268.6
	9:24:00   1.873	1.885  61.2 	58.0 274  1.862	1.874 35.3 34.5 293  1.852	1.863 117.0 106.4 273  1.868	1.879 259   1.857	1.868 267.6
	9:28:00   1.831	1.842  59.6 	56.5 272  1.821	1.832 34.4 33.6 291  1.811	1.821 114.7 104.2 273  1.826	1.837 258   1.816	1.827 268.8
	9:32:00   1.792	1.802  58.4 	55.4 273  1.782	1.792 33.8 33.0 292  1.773	1.782 112.1 101.8 272  1.787	1.797 258   1.778	1.787 267.4
	9:36:00   1.755	1.764  57.2 	54.2 273  1.746	1.754 33.2 32.4 294  1.737	1.745 110.1 	99.9 273  1.750	1.759 258   1.741	1.750 267.9
	9:40:00   1.720	1.728  56.2 	53.3 274  1.711	1.719 32.6 31.8 294  1.703	1.710 107.9 	97.9 273  1.715	1.723 259   1.707	1.715 267.4
	9:44:00   1.686	1.694  54.8 	52.0 272  1.678	1.686 32.0 31.2 295  1.670	1.677 106.1 	96.2 274  1.682	1.690 255   1.674	1.681 268.2
	9:48:00   1.655	1.662  54.1 	51.3 275  1.647	1.654 31.5 30.6 296  1.640	1.646 104.2 	94.4 274  1.651	1.658 258   1.643	1.650 267.8
10:20:00   1.453	1.456  47.5 	45.1 275  1.448	1.451 27.6 26.7 292  1.443	1.446 	92.1 	83.0 273  1.450	1.454 262   1.445	1.448 268.9
10:24:00   1.433	1.436  46.7 	44.3 274  1.428	1.431 27.2 26.3 291  1.423	1.426 	90.9 	81.9 274  1.430	1.433 261   1.425	1.428 269.1
10:28:00   1.414	1.417  46.2 	43.9 275  1.409	1.412 26.8 25.9 290  1.404	1.407 	89.7 	80.8 273  1.411	1.414 263   1.407	1.409 269.2
10:32:00   1.395	1.398  45.5 	43.2 274  1.391	1.394 26.6 25.7 292  1.387	1.389 	88.7 	79.9 274  1.393	1.396 260   1.389	1.391 269.0
10:36:00   1.378	1.381  45.1 	42.8 275  1.374	1.376 26.4 25.5 294  1.370	1.372 	87.9 	79.1 275  1.376	1.378 260   1.372	1.374 269.6
10:40:00   1.362	1.364  44.6 	42.3 276  1.358	1.360 26.1 25.2 294  1.354	1.356 	86.9 	78.2 275  1.360	1.362 261   1.356	1.358 269.7
10:44:00   1.346	1.348  43.9 	41.6 274  1.342	1.344 25.8 24.9 294  1.338	1.340 	86.1 	77.5 275  1.344	1.346 258   1.340	1.342 270.5
10:48:00   1.331	1.333  43.8 	41.5 277  1.327	1.329 26.1 25.2 306  1.324	1.325 	85.7 	77.1 277  1.329	1.331 255   1.325	1.327 270.0
10:52:00   1.317	1.318  43.5 	41.2 279  1.313	1.315 25.9 25.0 308  1.310	1.311 	84.8 	76.3 277  1.315	1.317 256   1.311	1.313 269.5
10:56:00   1.303	1.305  42.8 	40.6 276  1.300	1.301 25.6 24.6 306  1.296	1.298 	84.1 	75.6 278  1.301	1.303 253   1.298	1.300 270.5
11:00:00   1.290	1.292  42.5 	40.3 277  1.287	1.288 25.4 24.4 307  1.284	1.285 	83.2 	74.8 277  1.288	1.290 254   1.285	1.287 269.8
11:04:00   1.278	1.279  41.4 	39.2 271  1.275	1.276 24.9 23.9 301  1.272	1.273 	82.4 	74.0 277  1.276	1.278 247   1.273	1.275 271.1
11:08:00   1.266	1.267  41.7 	39.5 277  1.263	1.264 24.8 23.8 304  1.260	1.262 	81.5 	73.2 276  1.265	1.266 256   1.262	1.263 269.6
11:12:00   1.255	1.256  41.3 	39.1 277  1.252	1.253 24.4 23.4 299  1.250	1.251 	80.8 	72.6 276  1.254	1.255 259   1.251	1.252 270.6
11:16:00   1.244	1.245  40.3 	38.1 270  1.242	1.243 24.1 23.1 296  1.239	1.240 	80.3 	72.1 277  1.243	1.244 250   1.241	1.242 272.0
11:20:00   1.234	1.235  40.5 	38.3 275  1.232	1.233 24.0 23.0 298  1.230	1.231  79.7 	71.6 277  1.233	1.234 257   1.231	1.232 271.7
11:24:00   1.225	1.226  40.2 	38.0 275  1.223	1.223 23.9 22.9 300  1.220	1.221  79.0 	70.9 277  1.224	1.225 256   1.221	1.222 270.6