"Instrument #083"
"Intercomparison date: 09-14-2016"
"Site: Izana, Tenerife"
"N table date:1992"
Lamp Corrections:,  -0.9,  -0.7,  -0.7
"Observations,",41
Time Local Mu_C   M_C   RC    NC   O3_C    Mu_D   M_D    RD    ND  O3_D    Mu_A   M_A   RA    NA   O3_A   Mu_CD   M_CD O3_CD  Mu_AD   M_AD O3_AD
07:56:00, 4.030, 4.204,137.9,129.1,0.281, 3.974, 4.141, 78.4, 74.8,0.283, 3.920, 4.079,246.8,233.8,0.280, 4.002, 4.172,0.279, 3.947, 4.109,0.280
08:00:00, 3.816, 3.961,130.4,122.1,0.281, 3.765, 3.904, 74.1, 70.9,0.285, 3.716, 3.849,235.2,222.0,0.281, 3.790, 3.932,0.278, 3.741, 3.877,0.280
08:04:00, 3.622, 3.744,123.8,115.9,0.281, 3.577, 3.694, 69.8, 67.0,0.283, 3.533, 3.645,224.6,211.1,0.282, 3.600, 3.719,0.280, 3.555, 3.670,0.281
08:08:00, 3.448, 3.551,117.5,110.1,0.281, 3.407, 3.506, 66.3, 63.8,0.283, 3.367, 3.462,214.4,200.9,0.281, 3.427, 3.529,0.279, 3.386, 3.484,0.280
08:12:00, 3.289, 3.378,111.8,104.8,0.280, 3.252, 3.337, 63.0, 60.8,0.283, 3.215, 3.297,205.1,191.7,0.281, 3.270, 3.357,0.278, 3.233, 3.317,0.280
08:16:00, 3.145, 3.221,106.9,100.2,0.281, 3.111, 3.184, 60.1, 58.1,0.283, 3.077, 3.148,196.8,183.5,0.281, 3.128, 3.202,0.279, 3.094, 3.166,0.281
08:20:00, 3.013, 3.079,102.4, 96.0,0.281, 2.982, 3.045, 57.4, 55.6,0.283, 2.951, 3.013,189.1,175.9,0.281, 2.997, 3.062,0.280, 2.966, 3.029,0.281
08:24:00, 2.892, 2.949, 98.3, 92.2,0.281, 2.863, 2.919, 55.1, 53.4,0.284, 2.835, 2.889,182.5,169.4,0.282, 2.878, 2.934,0.280, 2.849, 2.904,0.282
08:28:00, 2.781, 2.831, 94.4, 88.6,0.281, 2.754, 2.803, 53.1, 51.6,0.286, 2.729, 2.775,176.0,163.1,0.282, 2.768, 2.817,0.278, 2.741, 2.789,0.281
08:32:00, 2.678, 2.722, 90.9, 85.3,0.281, 2.654, 2.697, 51.0, 49.6,0.285, 2.630, 2.671,169.7,156.9,0.282, 2.666, 2.709,0.278, 2.642, 2.684,0.281
08:36:00, 2.584, 2.622, 87.7, 82.4,0.282, 2.561, 2.599, 49.1, 47.8,0.285, 2.539, 2.575,164.2,151.5,0.282, 2.572, 2.610,0.279, 2.550, 2.587,0.281
08:40:00, 2.496, 2.530, 84.5, 79.4,0.281, 2.475, 2.508, 47.5, 46.3,0.286, 2.454, 2.487,159.2,146.6,0.282, 2.485, 2.519,0.278, 2.465, 2.497,0.281
08:44:00, 2.414, 2.445, 81.9, 77.0,0.282, 2.395, 2.425, 45.9, 44.7,0.285, 2.376, 2.405,154.4,142.0,0.282, 2.405, 2.435,0.280, 2.385, 2.415,0.282
08:48:00, 2.339, 2.366, 79.2, 74.6,0.282, 2.320, 2.347, 44.5, 43.4,0.286, 2.303, 2.328,149.8,137.5,0.282, 2.329, 2.356,0.279, 2.311, 2.338,0.281
08:52:00, 2.268, 2.292, 76.8, 72.4,0.282, 2.251, 2.275, 42.9, 41.8,0.283, 2.234, 2.257,145.7,133.6,0.283, 2.259, 2.283,0.282, 2.243, 2.266,0.282
08:56:00, 2.202, 2.224, 74.4, 70.1,0.282, 2.186, 2.207, 41.8, 40.7,0.285, 2.170, 2.191,141.7,129.7,0.283, 2.194, 2.215,0.280, 2.178, 2.199,0.282
09:00:00, 2.140, 2.160, 72.3, 68.2,0.282, 2.125, 2.144, 40.5, 39.5,0.284, 2.111, 2.129,137.9,126.1,0.283, 2.133, 2.152,0.281, 2.118, 2.137,0.282
09:04:00, 2.082, 2.100, 70.5, 66.6,0.283, 2.068, 2.085, 39.3, 38.3,0.282, 2.055, 2.071,134.4,122.8,0.283, 2.075, 2.093,0.285, 2.061, 2.078,0.283
09:08:00, 2.028, 2.044, 68.4, 64.6,0.282, 2.015, 2.030, 38.5, 37.5,0.285, 2.002, 2.017,131.0,119.5,0.282, 2.021, 2.037,0.280, 2.008, 2.024,0.282
09:12:00, 1.977, 1.991, 66.7, 63.1,0.283, 1.964, 1.979, 37.4, 36.4,0.283, 1.952, 1.966,128.0,116.7,0.283, 1.971, 1.985,0.283, 1.958, 1.972,0.283
09:45:00, 1.651, 1.658, 55.4, 52.6,0.282, 1.644, 1.650, 31.7, 30.7,0.287, 1.636, 1.642,107.9, 97.7,0.283, 1.647, 1.654,0.278, 1.640, 1.646,0.281
09:55:00, 1.578, 1.584, 52.9, 50.2,0.282, 1.571, 1.577, 30.2, 29.2,0.285, 1.565, 1.570,102.9, 93.1,0.281, 1.575, 1.580,0.280, 1.568, 1.573,0.280
09:59:00, 1.552, 1.557, 51.7, 49.1,0.280, 1.545, 1.550, 30.0, 29.0,0.290, 1.539, 1.543,101.6, 91.9,0.283, 1.548, 1.553,0.272, 1.542, 1.547,0.281
10:03:00, 1.526, 1.531, 51.1, 48.5,0.282, 1.520, 1.524, 29.4, 28.4,0.287, 1.514, 1.518, 99.9, 90.3,0.282, 1.523, 1.528,0.278, 1.517, 1.521,0.281
10:07:00, 1.502, 1.506, 50.2, 47.7,0.281, 1.496, 1.500, 29.1, 28.1,0.290, 1.490, 1.494, 98.6, 89.1,0.283, 1.499, 1.503,0.275, 1.493, 1.497,0.281
10:11:00, 1.479, 1.483, 49.5, 47.0,0.282, 1.473, 1.477, 28.7, 27.7,0.290, 1.468, 1.472, 97.0, 87.6,0.282, 1.476, 1.480,0.275, 1.471, 1.474,0.280
10:15:00, 1.457, 1.461, 48.7, 46.2,0.281, 1.452, 1.455, 28.3, 27.2,0.290, 1.447, 1.450, 95.8, 86.5,0.283, 1.454, 1.458,0.274, 1.449, 1.453,0.281
10:19:00, 1.436, 1.439, 48.2, 45.8,0.283, 1.431, 1.434, 28.0, 26.9,0.292, 1.426, 1.429, 94.4, 85.1,0.283, 1.434, 1.437,0.276, 1.429, 1.432,0.280
10:23:00, 1.416, 1.419, 47.4, 45.0,0.281, 1.412, 1.414, 27.6, 26.5,0.291, 1.407, 1.410, 93.2, 84.0,0.283, 1.414, 1.417,0.274, 1.409, 1.412,0.280
10:27:00, 1.397, 1.400, 47.3, 44.9,0.286, 1.393, 1.396, 27.2, 26.1,0.290, 1.388, 1.391, 92.2, 83.1,0.283, 1.395, 1.398,0.283, 1.391, 1.393,0.282
10:31:00, 1.379, 1.382, 46.3, 43.9,0.282, 1.375, 1.377, 26.8, 25.7,0.288, 1.371, 1.373, 90.9, 81.8,0.283, 1.377, 1.380,0.278, 1.373, 1.375,0.281
10:35:00, 1.362, 1.364, 45.6, 43.2,0.281, 1.358, 1.360, 26.6, 25.5,0.290, 1.354, 1.356, 89.8, 80.8,0.283, 1.360, 1.362,0.274, 1.356, 1.358,0.280
10:39:00, 1.346, 1.348, 45.3, 42.9,0.283, 1.342, 1.344, 26.4, 25.3,0.292, 1.338, 1.340, 88.8, 79.9,0.283, 1.344, 1.346,0.276, 1.340, 1.342,0.280
10:43:00, 1.330, 1.332, 44.7, 42.4,0.283, 1.326, 1.328, 26.2, 25.1,0.294, 1.323, 1.324, 87.9, 79.0,0.283, 1.328, 1.330,0.273, 1.324, 1.326,0.280
10:47:00, 1.315, 1.317, 44.2, 41.9,0.282, 1.312, 1.313, 25.8, 24.7,0.291, 1.308, 1.310, 86.9, 78.1,0.283, 1.313, 1.315,0.275, 1.310, 1.312,0.280
10:51:00, 1.301, 1.303, 43.9, 41.6,0.284, 1.298, 1.299, 25.5, 24.4,0.290, 1.294, 1.296, 86.2, 77.5,0.283, 1.299, 1.301,0.279, 1.296, 1.298,0.282
10:55:00, 1.288, 1.289, 43.4, 41.1,0.283, 1.284, 1.286, 25.3, 24.2,0.291, 1.281, 1.282, 85.4, 76.7,0.284, 1.286, 1.287,0.277, 1.283, 1.284,0.282
10:59:00, 1.275, 1.276, 42.9, 40.6,0.283, 1.272, 1.273, 25.2, 24.1,0.294, 1.268, 1.270, 84.8, 76.2,0.285, 1.273, 1.274,0.274, 1.270, 1.271,0.282
11:03:00, 1.262, 1.264, 42.9, 40.6,0.287, 1.259, 1.261, 25.2, 24.1,0.299, 1.257, 1.258, 84.1, 75.5,0.285, 1.261, 1.262,0.276, 1.258, 1.259,0.281
11:07:00, 1.251, 1.252, 42.2, 39.9,0.284, 1.248, 1.249, 25.1, 24.0,0.302, 1.245, 1.246, 83.4, 74.9,0.285, 1.249, 1.250,0.269, 1.247, 1.248,0.280
11:11:00, 1.240, 1.241, 41.8, 39.5,0.283, 1.237, 1.238, 24.8, 23.6,0.300, 1.234, 1.235, 82.4, 73.9,0.284, 1.238, 1.239,0.270, 1.236, 1.237,0.279
