FTIR_setup date(yymmdd) time(hhmmss) juldayhm(ftir) date_matlab RMS/maximum_intensity White_signal-to-noise RMS_residues_fit iterations_convergence Solar_elevation_angle(º) DOFH2O DOFO348 DOFO350a DOFO350s DOFO349a DOFO349s Total_Column_H2O(molec/m2) Total_Column_O3total(molec/m2) Total_Column_O348(molec/m2) Total_Column_O350a(molec/m2) Total_Column_O350s(molec/m2) TC_O349a(molec/m2) Total_Column_O349s(molec/m2) 
O3_iTY_1 160901 092643 6453.393 736574.393553 0.002588 724.361705 6021.687000 6.000000 34.711292 1.000000 4.168000 1.148000 1.213000 0.124500 0.180000 1.08920e+026 8.07117e+022 8.06350e+022 9.32700e+022 8.96220e+022 8.99960e+022 8.85020e+022 
O3_iTY_1 160901 095236 6453.411 736574.411528 0.002423 865.120132 5630.024000 6.000000 40.271847 1.000000 4.213000 1.125000 1.189000 0.116000 0.168000 1.05800e+026 8.07817e+022 8.07060e+022 9.29380e+022 9.00380e+022 8.99820e+022 8.83810e+022 
O3_iTY_1 160901 101826 6453.429 736574.429468 0.002370 673.348793 5509.669000 6.000000 45.715519 1.000000 4.212000 1.094000 1.156000 0.102800 0.150300 7.83330e+025 8.09306e+022 8.08540e+022 9.30600e+022 9.07230e+022 8.99930e+022 8.85250e+022 
O3_iTY_1 160901 104421 6453.447 736574.447465 0.002277 705.029964 5283.098000 6.000000 51.014233 1.000000 4.232000 1.080000 1.137000 0.097500 0.143100 1.08300e+026 8.10708e+022 8.09940e+022 9.33180e+022 9.07660e+022 9.00990e+022 8.87050e+022 
O3_iTY_1 160901 145003 6453.618 736574.618090 0.002213 739.853216 5126.263000 6.000000 58.108023 1.000000 4.246000 1.059000 1.110000 0.090700 0.132100 9.76360e+025 8.15514e+022 8.14740e+022 9.39340e+022 9.11440e+022 9.09440e+022 8.91130e+022 
O3_iTY_1 160906 091754 6458.387 736579.387431 0.002619 696.902701 6038.788000 7.000000 32.260178 1.000000 4.160000 1.157000 1.228000 0.126500 0.182800 1.21460e+026 7.74378e+022 7.73640e+022 8.93200e+022 8.63390e+022 8.64490e+022 8.49550e+022 
O3_iTY_1 160906 100751 6458.422 736579.422118 0.002408 712.309370 5509.126000 6.000000 42.854741 1.000000 4.186000 1.100000 1.157000 0.102800 0.150500 1.87480e+026 7.72974e+022 7.72210e+022 8.97260e+022 8.65500e+022 8.60130e+022 8.46300e+022 
O3_iTY_1 160906 103338 6458.440 736579.440023 0.002272 703.898027 5201.711000 6.000000 48.112774 1.000000 4.217000 1.089000 1.141000 0.100300 0.145500 1.75750e+026 7.73155e+022 7.72410e+022 8.94290e+022 8.61650e+022 8.63700e+022 8.45410e+022 
O3_iTY_1 160906 105931 6458.458 736579.457998 0.002264 653.839078 5178.254000 6.000000 53.150219 1.000000 4.194000 1.058000 1.112000 0.089290 0.131700 1.79500e+026 7.72153e+022 7.71400e+022 8.91870e+022 8.67750e+022 8.60250e+022 8.47090e+022 
O3_iTY_1 160906 112519 6458.476 736579.475914 0.002240 633.215315 5115.679000 6.000000 57.810658 1.000000 4.191000 1.042000 1.091000 0.083600 0.125100 1.73500e+026 7.75086e+022 7.74330e+022 8.95970e+022 8.69750e+022 8.62320e+022 8.53360e+022 
O3_iTY_1 160906 121011 6458.507 736579.507072 0.002224 648.012017 5071.785000 6.000000 64.446655 1.000000 4.183000 1.020000 1.068000 0.076530 0.113700 1.62480e+026 7.79949e+022 7.79190e+022 9.01470e+022 8.75070e+022 8.68110e+022 8.55240e+022 
O3_iTY_1 160906 130510 6458.545 736579.545255 0.002184 674.623948 4951.682000 6.000000 67.853462 1.000000 4.181000 1.014000 1.063000 0.076280 0.114200 1.79070e+026 7.80313e+022 7.79580e+022 8.96200e+022 8.74140e+022 8.66880e+022 8.56540e+022 
O3_iTY_1 160909 111213 6461.467 736582.466817 0.002302 712.041343 5185.604000 6.000000 54.902897 1.000000 4.102000 1.039000 1.093000 0.083670 0.125400 3.04380e+026 7.53066e+022 7.52320e+022 8.71170e+022 8.51110e+022 8.34490e+022 8.26400e+022 
O3_iTY_1 160909 113806 6461.485 736582.484792 0.002256 663.160901 5037.634000 6.000000 59.222426 1.000000 4.102000 1.029000 1.077000 0.081020 0.121300 3.23640e+026 7.53769e+022 7.53030e+022 8.71890e+022 8.47120e+022 8.37750e+022 8.28030e+022 
O3_iTY_1 160909 120347 6461.502 736582.502627 0.002217 694.315905 4928.817000 6.000000 62.814299 1.000000 4.106000 1.022000 1.071000 0.079560 0.117600 3.03670e+026 7.52644e+022 7.51910e+022 8.69280e+022 8.46990e+022 8.37440e+022 8.23220e+022 
O3_iTY_1 160909 122940 6461.520 736582.520602 0.002223 661.896566 4962.700000 6.000000 65.420111 1.000000 4.095000 1.014000 1.059000 0.076050 0.112900 3.02180e+026 7.52958e+022 7.52220e+022 8.71470e+022 8.45120e+022 8.38040e+022 8.24120e+022 
O3_iTY_1 160913 094521 6465.406 736586.406493 0.002633 719.723139 5579.252000 6.000000 37.229441 1.000000 4.081000 1.113000 1.177000 0.109400 0.158200 2.98830e+026 7.84945e+022 7.84190e+022 9.06820e+022 8.76690e+022 8.75800e+022 8.58690e+022 
O3_iTY_1 160913 101113 6465.424 736586.424456 0.002500 661.445250 5312.479000 6.000000 42.536749 1.000000 4.098000 1.093000 1.154000 0.100300 0.147500 3.35260e+026 7.83165e+022 7.82390e+022 9.07640e+022 8.80390e+022 8.70850e+022 8.58040e+022 
O3_iTY_1 160913 110245 6465.460 736586.460243 0.002376 711.830047 5132.191000 6.000000 52.404228 1.000000 4.102000 1.052000 1.105000 0.086130 0.127300 3.59050e+026 7.81932e+022 7.81160e+022 9.05310e+022 8.79920e+022 8.69520e+022 8.56370e+022 
O3_iTY_1 160913 112832 6465.478 736586.478148 0.002273 622.671830 4943.964000 6.000000 56.760426 1.000000 4.130000 1.048000 1.099000 0.085600 0.127000 3.34620e+026 7.83687e+022 7.82940e+022 9.04560e+022 8.75330e+022 8.69680e+022 8.57000e+022 
O3_iTY_1 160913 115424 6465.496 736586.496111 0.002237 689.477857 4886.312000 6.000000 60.497257 1.000000 4.134000 1.039000 1.092000 0.083320 0.124300 3.36720e+026 7.85188e+022 7.84420e+022 9.07280e+022 8.83380e+022 8.73220e+022 8.62300e+022 
O3_iTY_1 160913 122027 6465.514 736586.514201 0.002232 661.779779 4899.378000 6.000000 63.341420 1.000000 4.133000 1.027000 1.077000 0.079850 0.118500 3.09720e+026 7.83631e+022 7.82880e+022 9.02820e+022 8.78970e+022 8.72470e+022 8.58960e+022 
O3_iTY_1 160913 124625 6465.532 736586.532234 0.002230 707.130114 4867.475000 6.000000 64.942837 1.000000 4.133000 1.025000 1.073000 0.078570 0.116300 3.17970e+026 7.85560e+022 7.84790e+022 9.09420e+022 8.81610e+022 8.73760e+022 8.59440e+022 
O3_iTY_1 160914 094552 6466.406 736587.406852 0.002602 647.493742 5957.401000 6.000000 37.199074 1.000000 4.129000 1.119000 1.182000 0.112000 0.162000 8.57480e+025 7.87099e+022 7.86350e+022 9.06690e+022 8.79570e+022 8.79270e+022 8.61870e+022 
O3_iTY_1 160914 101140 6466.424 736587.424769 0.002495 584.807126 5712.949000 6.000000 42.472578 1.000000 4.136000 1.095000 1.151000 0.100800 0.147300 1.65480e+026 7.83357e+022 7.82580e+022 9.09090e+022 8.78800e+022 8.72610e+022 8.57460e+022 
O3_iTY_1 160914 103733 6466.442 736587.442743 0.002408 669.092432 5519.493000 6.000000 47.549557 1.000000 4.148000 1.076000 1.128000 0.094160 0.138800 1.94210e+026 7.86159e+022 7.85410e+022 9.07690e+022 8.76740e+022 8.73640e+022 8.60880e+022 
O3_iTY_1 160914 110327 6466.460 736587.460729 0.002333 712.682188 5345.978000 6.000000 52.322295 1.000000 4.160000 1.060000 1.110000 0.088650 0.131000 1.96990e+026 7.85991e+022 7.85230e+022 9.09000e+022 8.80150e+022 8.72360e+022 8.59830e+022 
O3_iTY_1 160914 112921 6466.478 736587.478715 0.002302 857.503382 5256.358000 6.000000 56.646981 1.000000 4.147000 1.044000 1.093000 0.083990 0.124800 2.31730e+026 7.84617e+022 7.83860e+022 9.05940e+022 8.79590e+022 8.71470e+022 8.60490e+022 
O3_iTY_1 160914 115507 6466.497 736587.496609 0.002272 676.211328 5188.350000 6.000000 60.304743 1.000000 4.149000 1.037000 1.084000 0.079910 0.119400 2.48110e+026 7.83911e+022 7.83140e+022 9.08200e+022 8.80490e+022 8.69350e+022 8.59730e+022 
O3_iTY_1 160914 122054 6466.514 736587.514514 0.002240 739.975527 5094.590000 6.000000 63.050930 1.000000 4.159000 1.031000 1.078000 0.079220 0.117700 2.31640e+026 7.85419e+022 7.84650e+022 9.09570e+022 8.81470e+022 8.71230e+022 8.59390e+022 
O3_iTY_1 160914 124642 6466.532 736587.532431 0.002255 759.975005 5126.043000 6.000000 64.584165 1.000000 4.145000 1.022000 1.069000 0.076030 0.113600 2.58100e+026 7.84720e+022 7.83960e+022 9.06500e+022 8.81960e+022 8.68330e+022 8.58270e+022 
O3_iTY_1 160914 131351 6466.551 736587.551285 0.002251 711.102064 5116.226000 6.000000 64.640888 1.000000 4.153000 1.023000 1.070000 0.076400 0.114100 2.37690e+026 7.84535e+022 7.83760e+022 9.08390e+022 8.83730e+022 8.70460e+022 8.60320e+022 
O3_iTY_1 160914 140226 6466.585 736587.585023 0.002258 697.798328 5122.420000 6.000000 60.902338 1.000000 4.162000 1.034000 1.085000 0.081670 0.121500 2.62460e+026 7.87328e+022 7.86570e+022 9.06740e+022 8.85610e+022 8.75470e+022 8.64960e+022 
O3_iTY_1 160914 163536 6466.691 736587.691389 0.002674 645.726998 6106.084000 6.000000 33.198683 1.000000 4.141000 1.150000 1.216000 0.123400 0.177000 1.83630e+026 7.90522e+022 7.89760e+022 9.13620e+022 8.82410e+022 8.83590e+022 8.65160e+022 
O3_iTY_1 160914 172715 6466.727 736587.727257 0.003155 662.439832 7063.380000 6.000000 22.104501 1.000000 4.023000 1.222000 1.307000 0.156300 0.219300 1.82940e+026 7.88270e+022 7.87510e+022 9.11660e+022 8.76580e+022 8.85560e+022 8.63880e+022 
O3_iTY_1 160914 175300 6466.745 736587.745139 0.003595 599.455618 7913.371000 6.000000 16.487796 1.000000 3.901000 1.263000 1.368000 0.174900 0.241200 1.89420e+026 7.85121e+022 7.84360e+022 9.08360e+022 8.73750e+022 8.84050e+022 8.59020e+022 
O3_iTY_1 160914 181852 6466.762 736587.763102 0.004242 518.397684 8966.290000 6.000000 10.824681 1.000000 3.698000 1.316000 1.453000 0.201700 0.273700 1.96160e+026 7.86107e+022 7.85350e+022 9.10340e+022 8.68910e+022 8.88880e+022 8.62660e+022 
O3_iTY_1 160915 093612 6467.400 736588.400139 0.002647 696.797012 5827.460000 6.000000 35.048191 1.000000 4.103000 1.141000 1.204000 0.118700 0.170900 3.15020e+026 7.83297e+022 7.82540e+022 9.06020e+022 8.73700e+022 8.74190e+022 8.59040e+022 
O3_iTY_1 160915 100207 6467.418 736588.418137 0.002548 652.981934 5635.218000 6.000000 40.391022 1.000000 4.115000 1.107000 1.166000 0.105100 0.152800 3.33790e+026 7.82607e+022 7.81850e+022 9.03990e+022 8.77480e+022 8.70120e+022 8.56820e+022 
O3_iTY_1 160915 102752 6467.435 736588.436019 0.003041 494.245128 4236.310000 5.000000 45.509254 1.000000 3.914000 0.994600 1.041000 0.067030 0.099920 3.42290e+026 7.93035e+022 7.92350e+022 9.04220e+022 8.74200e+022 8.75030e+022 8.67460e+022 
O3_iTY_1 160915 105340 6467.453 736588.453935 0.002385 702.645046 5328.233000 6.000000 50.365645 1.000000 4.123000 1.064000 1.113000 0.090290 0.133600 3.30860e+026 7.79663e+022 7.78910e+022 9.01160e+022 8.71780e+022 8.66880e+022 8.57230e+022 
O3_iTY_1 160915 111928 6467.472 736588.471852 0.002286 695.173729 5136.132000 6.000000 54.830132 1.000000 4.148000 1.057000 1.107000 0.087720 0.129800 3.39200e+026 7.78370e+022 7.77610e+022 8.99960e+022 8.74220e+022 8.64940e+022 8.54240e+022 
O3_iTY_1 160915 114528 6467.490 736588.489907 0.002268 775.152368 5098.224000 6.000000 58.754320 1.000000 4.140000 1.041000 1.089000 0.084020 0.124400 3.28060e+026 7.80809e+022 7.80070e+022 8.98370e+022 8.73230e+022 8.69740e+022 8.58180e+022 
O3_iTY_1 160915 121127 6467.508 736588.507951 0.002204 732.086206 4949.614000 6.000000 61.854021 1.000000 4.159000 1.044000 1.091000 0.083250 0.122300 3.00370e+026 7.81981e+022 7.81220e+022 9.05100e+022 8.76730e+022 8.67540e+022 8.52150e+022 
O3_iTY_1 160915 153321 6467.648 736588.648160 0.002417 647.070132 5360.816000 6.000000 45.599782 1.000000 4.127000 1.092000 1.146000 0.099380 0.144700 2.72480e+026 7.75732e+022 7.74970e+022 8.98030e+022 8.70090e+022 8.65590e+022 8.50410e+022 
O3_iTY_1 160915 163514 6467.691 736588.691134 0.002659 602.298655 5876.495000 6.000000 32.995283 1.000000 4.106000 1.158000 1.223000 0.128800 0.182400 2.36420e+026 7.77550e+022 7.76820e+022 8.94220e+022 8.65080e+022 8.73810e+022 8.51490e+022 
O3_iTY_1 160915 171449 6467.718 736588.718623 0.003014 628.576994 6566.120000 6.000000 24.532123 1.000000 4.024000 1.212000 1.289000 0.150700 0.212900 2.45340e+026 7.73299e+022 7.72550e+022 8.93270e+022 8.63360e+022 8.68380e+022 8.50360e+022 
O3_iTY_1 160915 172443 6467.725 736588.725498 0.003068 695.778376 6644.351000 6.000000 22.388115 1.000000 4.020000 1.236000 1.320000 0.163000 0.227900 2.47810e+026 7.73012e+022 7.72270e+022 8.91760e+022 8.62460e+022 8.68190e+022 8.47650e+022 
O3_iTY_1 160915 173436 6467.732 736588.732361 0.004232 656.267068 7967.018000 7.000000 20.240097 1.000000 3.728000 1.133000 1.208000 0.130700 0.185300 2.65560e+026 8.24089e+022 8.23610e+022 9.04410e+022 8.63690e+022 9.11180e+022 8.93690e+022 
O3_iTY_1 160915 181409 6467.760 736588.759826 0.003986 597.490022 8066.058000 6.000000 11.598174 1.000000 3.759000 1.338000 1.464000 0.217700 0.293200 2.58810e+026 7.72953e+022 7.72210e+022 8.93450e+022 8.56320e+022 8.75090e+022 8.49940e+022 
O3_iTY_1 160915 182403 6467.767 736588.766701 0.004283 466.206518 8392.656000 6.000000 9.432394 1.000000 3.661000 1.359000 1.504000 0.228700 0.307000 2.55200e+026 7.70201e+022 7.69460e+022 8.90460e+022 8.53280e+022 8.72140e+022 8.48110e+022 
O3_iTY_1 160915 183356 6467.773 736588.773565 0.004678 560.297312 8698.485000 6.000000 7.274635 1.000000 3.534000 1.372000 1.544000 0.234400 0.313800 2.47300e+026 7.68997e+022 7.68250e+022 8.90520e+022 8.53010e+022 8.70270e+022 8.45640e+022 
O3_iTY_1 160916 084124 6468.362 736589.362083 0.003002 755.413111 6603.267000 6.000000 23.246979 1.000000 4.044000 1.226000 1.308000 0.159300 0.223300 2.55650e+026 7.77951e+022 7.77230e+022 8.95510e+022 8.58880e+022 8.74070e+022 8.53780e+022 
O3_iTY_1 160916 090718 6468.380 736589.380069 0.002785 706.424720 6199.141000 6.000000 28.812118 1.000000 4.098000 1.181000 1.255000 0.136600 0.193600 2.70640e+026 7.77610e+022 7.76870e+022 8.96590e+022 8.66710e+022 8.71080e+022 8.50880e+022 
O3_iTY_1 160916 093303 6468.398 736589.397951 0.002647 583.818172 5926.416000 6.000000 34.254071 1.000000 4.119000 1.142000 1.211000 0.120700 0.171800 2.39300e+026 7.80930e+022 7.80190e+022 8.97490e+022 8.73670e+022 8.76780e+022 8.55740e+022 
O3_iTY_1 160916 095904 6468.416 736589.416019 0.002540 649.586073 5706.047000 5.000000 39.620394 1.000000 4.137000 1.112000 1.173000 0.106900 0.155000 2.25030e+026 7.84450e+022 7.83700e+022 9.03800e+022 8.76550e+022 8.78520e+022 8.62460e+022 
O3_iTY_1 160916 102456 6468.433 736589.433981 0.002423 640.453803 5476.629000 5.000000 44.767274 1.000000 4.166000 1.093000 1.150000 0.099840 0.144700 1.84110e+026 7.87955e+022 7.87210e+022 9.06980e+022 8.79460e+022 8.80930e+022 8.62620e+022 
O3_iTY_1 160916 105043 6468.451 736589.451887 0.002345 768.394915 5334.510000 5.000000 49.630540 1.000000 4.165000 1.075000 1.129000 0.093010 0.136700 1.69040e+026 7.89053e+022 7.88310e+022 9.08010e+022 8.79970e+022 8.79880e+022 8.65870e+022 
O3_iTY_1 160916 111631 6468.469 736589.469803 0.002316 743.516584 5282.510000 5.000000 54.114507 1.000000 4.161000 1.055000 1.107000 0.085330 0.125900 1.63790e+026 7.88361e+022 7.87600e+022 9.10070e+022 8.83820e+022 8.77230e+022 8.63620e+022 
O3_iTY_1 160916 120925 6468.506 736589.506539 0.002260 760.538097 5156.222000 5.000000 61.332630 1.000000 4.163000 1.030000 1.080000 0.078110 0.116400 1.94750e+026 7.86378e+022 7.85630e+022 9.05720e+022 8.80380e+022 8.73740e+022 8.62740e+022 
O3_iTY_1 160916 125748 6468.540 736589.540139 0.002254 699.395559 5127.260000 5.000000 64.042147 1.000000 4.150000 1.021000 1.070000 0.075240 0.113400 2.10310e+026 7.84053e+022 7.83300e+022 9.04050e+022 8.80560e+022 8.67670e+022 8.60900e+022 
O3_iTY_1 160916 151422 6468.635 736589.634977 0.002378 631.470415 5391.613000 6.000000 48.876527 1.000000 4.166000 1.075000 1.127000 0.092230 0.135400 2.03280e+026 7.82038e+022 7.81260e+022 9.07770e+022 8.77220e+022 8.71990e+022 8.58050e+022 
O3_iTY_1 160916 153410 6468.649 736589.648727 0.002405 740.726192 5448.746000 6.000000 45.128810 1.000000 4.169000 1.094000 1.150000 0.098810 0.145700 2.03370e+026 7.79969e+022 7.79200e+022 9.03000e+022 8.76420e+022 8.68560e+022 8.57260e+022 
O3_iTY_1 160916 154403 6468.656 736589.655590 0.002427 692.955955 5491.411000 5.000000 43.195078 1.000000 4.169000 1.104000 1.163000 0.102500 0.148800 1.77740e+026 7.79570e+022 7.78810e+022 9.00760e+022 8.75860e+022 8.68360e+022 8.51680e+022 
O3_iTY_1 160916 155355 6468.662 736589.662442 0.002497 733.179779 5651.874000 5.000000 41.229832 1.000000 4.151000 1.107000 1.163000 0.103800 0.151500 1.89270e+026 7.78518e+022 7.77750e+022 9.02210e+022 8.72700e+022 8.69300e+022 8.54980e+022 
O3_iTY_1 160916 160348 6468.669 736589.669306 0.002555 729.154775 5784.033000 5.000000 39.231356 1.000000 4.136000 1.114000 1.174000 0.105400 0.153700 1.83780e+026 7.77243e+022 7.76460e+022 9.03240e+022 8.74980e+022 8.66130e+022 8.52410e+022 
O3_iTY_1 160916 161342 6468.676 736589.676181 0.002594 728.799462 5861.843000 5.000000 37.202512 1.000000 4.135000 1.124000 1.188000 0.110300 0.161100 1.72200e+026 7.79440e+022 7.78680e+022 9.00250e+022 8.75850e+022 8.68470e+022 8.55690e+022 
O3_iTY_1 160916 162336 6468.683 736589.683056 0.002647 682.360746 5975.584000 6.000000 35.150177 1.000000 4.125000 1.135000 1.197000 0.115500 0.167200 1.75400e+026 7.78817e+022 7.78060e+022 9.00520e+022 8.70900e+022 8.70580e+022 8.55340e+022 
O3_iTY_1 160916 163329 6468.690 736589.689919 0.002638 656.035689 5953.252000 6.000000 33.081227 1.000000 4.140000 1.157000 1.224000 0.127700 0.181300 1.55680e+026 7.80205e+022 7.79450e+022 9.00300e+022 8.72890e+022 8.77470e+022 8.55750e+022 
O3_iTY_1 160916 164324 6468.697 736589.696806 0.002698 696.568580 6060.771000 6.000000 30.987639 1.000000 4.133000 1.173000 1.242000 0.133600 0.189200 1.54590e+026 7.78047e+022 7.77280e+022 9.00810e+022 8.70460e+022 8.76020e+022 8.54410e+022 
O3_iTY_1 160916 165317 6468.703 736589.703669 0.002795 682.795171 6281.485000 6.000000 28.885457 1.000000 4.104000 1.180000 1.253000 0.136800 0.194000 1.59290e+026 7.79029e+022 7.78280e+022 8.98420e+022 8.70500e+022 8.74770e+022 8.54740e+022 
O3_iTY_1 160916 170311 6468.710 736589.710544 0.002872 668.028106 6428.794000 6.000000 26.766659 1.000000 4.093000 1.197000 1.272000 0.142400 0.202200 1.72820e+026 7.76716e+022 7.75960e+022 8.98590e+022 8.67070e+022 8.70960e+022 8.51970e+022 
O3_iTY_1 160916 171304 6468.717 736589.717407 0.002989 790.073007 6660.589000 6.000000 24.639840 1.000000 4.058000 1.207000 1.286000 0.150200 0.211300 1.69490e+026 7.76634e+022 7.75880e+022 8.97670e+022 8.65860e+022 8.75410e+022 8.54300e+022 
O3_iTY_1 160916 172258 6468.724 736589.724282 0.003091 714.730318 6860.109000 6.000000 22.499269 1.000000 4.031000 1.224000 1.310000 0.158900 0.221400 1.73450e+026 7.76537e+022 7.75800e+022 8.93860e+022 8.65070e+022 8.75130e+022 8.51690e+022 
O3_iTY_1 160916 175238 6468.744 736589.744884 0.003510 725.862459 7683.281000 6.000000 16.042035 1.000000 3.915000 1.285000 1.391000 0.188600 0.260500 1.62310e+026 7.75805e+022 7.75050e+022 8.97380e+022 8.63440e+022 8.75920e+022 8.54500e+022 
O3_iTY_1 160916 181225 6468.758 736589.758623 0.003965 715.432547 8482.624000 6.000000 11.716203 1.000000 3.770000 1.326000 1.457000 0.211500 0.285200 1.66680e+026 7.74498e+022 7.73750e+022 8.95320e+022 8.59110e+022 8.78580e+022 8.50350e+022 
O3_iTY_1 160916 182218 6468.765 736589.765486 0.004219 599.391357 8853.325000 6.000000 9.554434 1.000000 3.679000 1.350000 1.500000 0.225400 0.300600 1.71280e+026 7.74522e+022 7.73780e+022 8.94210e+022 8.57710e+022 8.80940e+022 8.50240e+022 
O3_iTY_1 160916 183212 6468.772 736589.772361 0.004593 522.460255 9254.094000 6.000000 7.393810 1.000000 3.550000 1.365000 1.543000 0.230400 0.308500 1.84770e+026 7.74132e+022 7.73390e+022 8.94040e+022 8.57400e+022 8.79150e+022 8.50890e+022 
O3_iTY_1 160916 184204 6468.779 736589.779213 0.004877 434.802414 9385.234000 6.000000 5.250948 1.000000 3.416000 1.383000 1.603000 0.232400 0.315700 1.78630e+026 7.72515e+022 7.71770e+022 8.94560e+022 8.54040e+022 8.75020e+022 8.49020e+022 
O3_iTY_1 160920 085348 6472.370 736593.370694 0.002868 638.923813 6563.768000 6.000000 25.433386 1.000000 4.065000 1.195000 1.267000 0.146200 0.207900 6.88020e+025 7.44569e+022 7.43860e+022 8.59900e+022 8.25320e+022 8.37240e+022 8.18860e+022 
O3_iTY_1 160920 090340 6472.377 736593.377546 0.002783 741.247502 6390.770000 6.000000 27.533276 1.000000 4.079000 1.177000 1.246000 0.140100 0.197000 6.39890e+025 7.43793e+022 7.43080e+022 8.59320e+022 8.25760e+022 8.39150e+022 8.14620e+022 
O3_iTY_1 160920 091333 6472.384 736593.384410 0.002764 724.171263 6337.396000 6.000000 29.622853 1.000000 4.075000 1.157000 1.222000 0.127700 0.183200 9.62250e+025 7.43448e+022 7.42730e+022 8.59860e+022 8.27940e+022 8.32940e+022 8.15390e+022 
O3_iTY_1 160920 092327 6472.391 736593.391285 0.002689 615.218040 6173.226000 6.000000 31.699253 1.000000 4.090000 1.145000 1.208000 0.122100 0.176800 1.12830e+026 7.43166e+022 7.42450e+022 8.58490e+022 8.29150e+022 8.31040e+022 8.16170e+022 
O3_iTY_1 160920 093321 6472.398 736593.398160 0.002619 630.606959 6012.319000 6.000000 33.757317 1.000000 4.102000 1.135000 1.193000 0.118200 0.171000 8.80360e+025 7.42484e+022 7.41760e+022 8.59800e+022 8.27990e+022 8.31770e+022 8.15980e+022 
O3_iTY_1 160920 094314 6472.405 736593.405023 0.002621 673.354226 6015.258000 6.000000 35.790171 1.000000 4.092000 1.112000 1.168000 0.110500 0.160600 7.83440e+025 7.44572e+022 7.43860e+022 8.58770e+022 8.29710e+022 8.35180e+022 8.19770e+022 
O3_iTY_1 160920 095306 6472.412 736593.411875 0.002550 736.758466 5845.798000 6.000000 37.794950 1.000000 4.112000 1.104000 1.160000 0.107400 0.156400 7.86610e+025 7.43887e+022 7.43180e+022 8.57070e+022 8.30200e+022 8.31460e+022 8.16590e+022 
O3_iTY_1 160920 100301 6472.419 736593.418762 0.002492 715.876016 5717.190000 6.000000 39.782541 1.000000 4.121000 1.099000 1.153000 0.103800 0.152400 7.42230e+025 7.43010e+022 7.42290e+022 8.59040e+022 8.30320e+022 8.28970e+022 8.16950e+022 
O3_iTY_1 160920 102246 6472.432 736593.432477 0.002440 779.585758 5561.702000 6.000000 43.641985 1.000000 4.118000 1.077000 1.128000 0.097530 0.142700 7.40230e+025 7.44056e+022 7.43350e+022 8.56800e+022 8.30110e+022 8.31990e+022 8.18200e+022 
O3_iTY_1 160920 103240 6472.439 736593.439352 0.002444 720.588213 5585.876000 6.000000 45.517849 1.000000 4.102000 1.064000 1.113000 0.091160 0.134200 8.40930e+025 7.41676e+022 7.40940e+022 8.59530e+022 8.33260e+022 8.27530e+022 8.15240e+022 
O3_iTY_1 160920 104233 6472.446 736593.446215 0.002406 757.925413 5488.491000 6.000000 47.343865 1.000000 4.110000 1.058000 1.104000 0.090160 0.131300 9.18620e+025 7.43829e+022 7.43110e+022 8.60390e+022 8.30040e+022 8.30370e+022 8.13430e+022 
O3_iTY_1 160920 110219 6472.460 736593.459942 0.002361 695.755709 5337.517000 6.000000 50.828594 1.000000 4.112000 1.045000 1.093000 0.085320 0.124700 1.09510e+026 7.42440e+022 7.41710e+022 8.58380e+022 8.35210e+022 8.29210e+022 8.13640e+022 
O3_iTY_1 160920 111212 6472.467 736593.466806 0.002351 746.632788 5340.092000 6.000000 52.471264 1.000000 4.107000 1.040000 1.086000 0.082340 0.122500 8.24690e+025 7.44455e+022 7.43710e+022 8.63740e+022 8.38860e+022 8.27460e+022 8.17340e+022 
O3_iTY_1 160920 112206 6472.474 736593.473681 0.002322 719.021771 5273.122000 6.000000 54.037731 1.000000 4.115000 1.037000 1.082000 0.081660 0.121000 8.36510e+025 7.45207e+022 7.44470e+022 8.64040e+022 8.36220e+022 8.29770e+022 8.17800e+022 
O3_iTY_1 160920 113159 6472.480 736593.480544 0.002358 642.475395 5374.370000 6.000000 55.511378 1.000000 4.091000 1.022000 1.065000 0.077180 0.115100 6.49640e+025 7.45808e+022 7.45070e+022 8.64490e+022 8.37600e+022 8.29800e+022 8.19430e+022 
O3_iTY_1 160920 114153 6472.487 736593.487419 0.002333 642.872190 5292.029000 6.000000 56.884758 1.000000 4.093000 1.019000 1.064000 0.077160 0.114600 8.22040e+025 7.45175e+022 7.44450e+022 8.60700e+022 8.36040e+022 8.30690e+022 8.18960e+022 
O3_iTY_1 160920 115147 6472.494 736593.494294 0.002292 777.734273 5180.179000 6.000000 58.141828 1.000000 4.109000 1.023000 1.067000 0.076920 0.115300 9.75540e+025 7.45569e+022 7.44830e+022 8.64380e+022 8.38660e+022 8.26900e+022 8.18870e+022 
O3_iTY_1 160920 122127 6472.515 736593.514896 0.002288 719.792540 5121.947000 6.000000 61.067350 1.000000 4.095000 1.013000 1.054000 0.073960 0.110500 1.48320e+026 7.44816e+022 7.44060e+022 8.66560e+022 8.39830e+022 8.27300e+022 8.18260e+022 
O3_iTY_1 160920 123120 6472.522 736593.521759 0.002288 675.918259 5149.484000 6.000000 61.712501 1.000000 4.096000 1.009000 1.049000 0.073580 0.110300 1.12600e+026 7.45516e+022 7.44780e+022 8.63590e+022 8.36270e+022 8.30680e+022 8.22650e+022 
O3_iTY_1 160920 125107 6472.535 736593.535498 0.002275 587.654926 5189.095000 6.000000 62.435000 1.000000 4.096000 1.008000 1.051000 0.073250 0.108700 8.91200e+025 7.47554e+022 7.46830e+022 8.63110e+022 8.39930e+022 8.29930e+022 8.17630e+022 
O3_iTY_1 160920 130351 6472.544 736593.544340 0.002215 676.389449 5040.440000 6.000000 62.476826 1.000000 4.128000 1.019000 1.064000 0.076210 0.115100 1.17570e+026 7.45455e+022 7.44720e+022 8.62230e+022 8.39990e+022 8.27330e+022 8.22040e+022 
O3_iTY_1 160920 135219 6472.578 736593.577998 0.002300 626.513732 5204.971000 6.000000 59.695116 1.000000 4.098000 1.018000 1.058000 0.075730 0.113400 1.24930e+026 7.50090e+022 7.49340e+022 8.72150e+022 8.41440e+022 8.33190e+022 8.24630e+022 
O3_iTY_1 160920 163733 6472.692 736593.692743 0.002785 620.835610 6142.497000 6.000000 31.087907 1.000000 4.075000 1.144000 1.206000 0.122400 0.175000 1.56590e+026 7.52085e+022 7.51360e+022 8.67820e+022 8.39450e+022 8.45190e+022 8.27470e+022 
O3_iTY_1 160920 164726 6472.699 736593.699606 0.002802 740.580411 6186.047000 6.000000 29.008643 1.000000 4.079000 1.165000 1.231000 0.133500 0.188700 1.46930e+026 7.53101e+022 7.52370e+022 8.70800e+022 8.39310e+022 8.47700e+022 8.26890e+022 
O3_iTY_1 160920 165718 6472.706 736593.706458 0.002929 704.051508 6444.475000 6.000000 26.917347 1.000000 4.044000 1.174000 1.242000 0.134800 0.192500 1.37110e+026 7.51584e+022 7.50850e+022 8.69720e+022 8.38890e+022 8.43640e+022 8.27350e+022 
O3_iTY_1 160920 170711 6472.713 736593.713322 0.003019 632.289899 6615.890000 6.000000 24.808289 1.000000 4.028000 1.187000 1.259000 0.143400 0.201700 1.54320e+026 7.51438e+022 7.50700e+022 8.69970e+022 8.38390e+022 8.48400e+022 8.27470e+022 
O3_iTY_1 160920 171705 6472.720 736593.720197 0.003185 718.494871 6945.450000 6.000000 22.683762 1.000000 3.983000 1.195000 1.272000 0.146400 0.204600 1.39480e+026 7.50356e+022 7.49630e+022 8.66640e+022 8.36220e+022 8.46980e+022 8.23880e+022 
O3_iTY_1 160921 095152 6473.410 736594.411019 0.002485 625.951396 5727.348000 6.000000 37.388723 1.000000 4.175000 1.130000 1.192000 0.113000 0.163100 5.73650e+025 7.65701e+022 7.64960e+022 8.85070e+022 8.54560e+022 8.58230e+022 8.39970e+022 
O3_iTY_1 160921 101740 6473.428 736594.428935 0.002414 697.522502 5542.755000 6.000000 42.481745 1.000000 4.181000 1.100000 1.158000 0.100800 0.148200 7.76740e+025 7.65547e+022 7.64820e+022 8.81940e+022 8.55400e+022 8.52910e+022 8.39810e+022 
O3_iTY_1 160921 104325 6473.447 736594.446817 0.002368 680.348557 5453.608000 6.000000 47.298028 1.000000 4.177000 1.069000 1.126000 0.091370 0.134800 3.95120e+025 7.65359e+022 7.64640e+022 8.78110e+022 8.57520e+022 8.53850e+022 8.41000e+022 
O3_iTY_1 160921 110924 6473.465 736594.464861 0.002315 743.021695 5331.940000 5.000000 51.778558 1.000000 4.180000 1.055000 1.106000 0.085500 0.126200 2.88940e+025 7.65590e+022 7.64850e+022 8.83570e+022 8.57970e+022 8.53800e+022 8.40190e+022 
O3_iTY_1 160921 113510 6473.483 736594.482755 0.002277 727.689694 5244.229000 5.000000 55.692433 1.000000 4.173000 1.041000 1.092000 0.081740 0.121100 5.59140e+025 7.64253e+022 7.63520e+022 8.79980e+022 8.57100e+022 8.53790e+022 8.40670e+022 
O3_iTY_1 160921 120425 6473.503 736594.503067 0.002186 746.319840 5028.919000 5.000000 59.235604 1.000000 4.196000 1.047000 1.093000 0.081880 0.121600 7.39510e+025 7.63486e+022 7.62740e+022 8.84350e+022 8.54240e+022 8.49430e+022 8.37240e+022 
O3_iTY_1 160921 125300 6473.537 736594.536806 0.002166 689.981695 4966.667000 5.000000 62.078621 1.000000 4.201000 1.037000 1.085000 0.079530 0.118700 1.05730e+026 7.65118e+022 7.64380e+022 8.83680e+022 8.57600e+022 8.49080e+022 8.38490e+022 
O3_iTY_1 160921 143639 6473.608 736594.608785 0.002261 743.382711 5174.984000 5.000000 53.578792 1.000000 4.196000 1.057000 1.110000 0.086380 0.127700 1.13740e+026 7.65791e+022 7.65040e+022 8.85430e+022 8.61500e+022 8.52450e+022 8.39370e+022 
O3_iTY_1 160921 144632 6473.615 736594.615648 0.002301 779.988697 5262.227000 5.000000 52.017482 1.000000 4.185000 1.060000 1.109000 0.086770 0.127500 1.06100e+026 7.63972e+022 7.63200e+022 8.88760e+022 8.59150e+022 8.52050e+022 8.37710e+022 
O3_iTY_1 160921 152604 6473.643 736594.643102 0.002409 745.192138 5509.113000 6.000000 45.075525 1.000000 4.171000 1.082000 1.136000 0.093970 0.138500 1.11550e+026 7.62038e+022 7.61280e+022 8.84400e+022 8.56140e+022 8.47920e+022 8.35500e+022 
O3_iTY_1 160921 153558 6473.649 736594.649977 0.002409 702.404989 5517.091000 6.000000 43.203099 1.000000 4.184000 1.094000 1.151000 0.098830 0.146000 1.04510e+026 7.62158e+022 7.61420e+022 8.79780e+022 8.55100e+022 8.48070e+022 8.37360e+022 
O3_iTY_1 160921 154551 6473.656 736594.656840 0.002453 769.957493 5606.646000 6.000000 41.292285 1.000000 4.172000 1.100000 1.160000 0.102700 0.150700 1.06930e+026 7.62311e+022 7.61570e+022 8.80070e+022 8.55850e+022 8.50300e+022 8.37910e+022 
O3_iTY_1 160921 155543 6473.663 736594.663692 0.002507 692.708989 5727.706000 6.000000 39.349385 1.000000 4.160000 1.109000 1.168000 0.104500 0.152700 1.07240e+026 7.61534e+022 7.60780e+022 8.82860e+022 8.55300e+022 8.48600e+022 8.34780e+022 
O3_iTY_1 160921 160537 6473.670 736594.670567 0.002522 704.188031 5758.680000 6.000000 37.367524 1.000000 4.168000 1.123000 1.184000 0.111000 0.159600 1.08940e+026 7.61867e+022 7.61120e+022 8.81840e+022 8.54400e+022 8.51420e+022 8.31990e+022 
O3_iTY_1 160921 161531 6473.677 736594.677442 0.002553 701.792184 5825.214000 6.000000 35.358161 1.000000 4.165000 1.137000 1.201000 0.116000 0.167700 1.01910e+026 7.59997e+022 7.59250e+022 8.79500e+022 8.53140e+022 8.48700e+022 8.32520e+022 
O3_iTY_1 160921 162524 6473.684 736594.684306 0.002628 618.522714 5994.876000 6.000000 33.327026 1.000000 4.146000 1.143000 1.209000 0.119100 0.173700 9.87150e+025 7.60238e+022 7.59500e+022 8.78720e+022 8.50390e+022 8.48460e+022 8.36180e+022 
O3_iTY_1 160921 163518 6473.691 736594.691181 0.002690 671.701564 6141.316000 6.000000 31.271253 1.000000 4.138000 1.156000 1.222000 0.124600 0.177700 8.41500e+025 7.59898e+022 7.59150e+022 8.80770e+022 8.49920e+022 8.51440e+022 8.31130e+022 
O3_iTY_1 160922 092135 6474.390 736595.389988 0.002738 681.927042 6300.590000 6.000000 31.030038 1.000000 4.103000 1.145000 1.211000 0.123900 0.176800 4.37680e+025 7.63429e+022 7.62690e+022 8.83620e+022 8.50560e+022 8.54660e+022 8.33970e+022 
O3_iTY_1 160922 093128 6474.397 736595.396852 0.002696 756.476224 6203.434000 7.000000 33.077216 1.000000 4.112000 1.130000 1.191000 0.117200 0.168900 4.36250e+025 7.63930e+022 7.63190e+022 8.84730e+022 8.50310e+022 8.54590e+022 8.36350e+022 
O3_iTY_1 160922 094122 6474.403 736595.403727 0.002594 720.598188 5971.143000 6.000000 35.105487 1.000000 4.137000 1.127000 1.189000 0.116800 0.168800 2.95090e+025 7.64687e+022 7.63950e+022 8.83450e+022 8.52680e+022 8.56900e+022 8.39860e+022 
O3_iTY_1 160922 095116 6474.410 736595.410602 0.002611 628.061302 6014.293000 6.000000 37.108547 1.000000 4.119000 1.102000 1.160000 0.108100 0.155300 2.41610e+025 7.64561e+022 7.63840e+022 8.80180e+022 8.51000e+022 8.57800e+022 8.37280e+022 
O3_iTY_1 160922 100110 6474.417 736595.417477 0.002560 750.639184 5896.402000 6.000000 39.083533 1.000000 4.129000 1.094000 1.152000 0.103400 0.149900 5.68090e+024 7.64658e+022 7.63940e+022 8.79200e+022 8.53520e+022 8.53840e+022 8.36440e+022 
O3_iTY_1 160922 102057 6474.431 736595.431215 0.002473 705.551916 5697.818000 6.000000 42.929225 1.000000 4.149000 1.080000 1.135000 0.097250 0.143700 5.53020e+024 7.66019e+022 7.65270e+022 8.86010e+022 8.58470e+022 8.54150e+022 8.43270e+022 
O3_iTY_1 160922 103049 6474.438 736595.438067 0.002396 768.302442 5523.088000 6.000000 44.787900 1.000000 4.165000 1.082000 1.136000 0.096650 0.142200 1.13220e+025 7.64311e+022 7.63560e+022 8.84990e+022 8.57620e+022 8.51190e+022 8.38190e+022 
O3_iTY_1 160922 104042 6474.444 736595.444931 0.002393 806.439566 5514.842000 6.000000 46.602458 1.000000 4.159000 1.069000 1.122000 0.093470 0.137100 2.70420e+025 7.66361e+022 7.65620e+022 8.85030e+022 8.58560e+022 8.54160e+022 8.39340e+022 
O3_iTY_1 160922 105036 6474.451 736595.451806 0.002378 683.188587 5468.091000 6.000000 48.366595 1.000000 4.155000 1.059000 1.113000 0.090160 0.133500 4.03980e+025 7.64453e+022 7.63710e+022 8.82400e+022 8.59500e+022 8.50160e+022 8.38840e+022 
O3_iTY_1 160922 111023 6474.465 736595.465544 0.002337 689.599494 5371.248000 6.000000 51.699490 1.000000 4.154000 1.050000 1.100000 0.086110 0.127600 2.97590e+025 7.64707e+022 7.63950e+022 8.86940e+022 8.58640e+022 8.49890e+022 8.37680e+022 
O3_iTY_1 160922 112017 6474.472 736595.472419 0.002332 658.982408 5353.991000 6.000000 53.253925 1.000000 4.152000 1.042000 1.089000 0.084150 0.125700 3.65830e+025 7.64057e+022 7.63300e+022 8.86430e+022 8.56630e+022 8.50440e+022 8.41510e+022 
O3_iTY_1 160922 113009 6474.479 736595.479271 0.002309 599.547224 5291.311000 6.000000 54.713248 1.000000 4.153000 1.039000 1.086000 0.082990 0.122400 5.01710e+025 7.62569e+022 7.61820e+022 8.83200e+022 8.55160e+022 8.49040e+022 8.35260e+022 
O3_iTY_1 160922 114004 6474.486 736595.486157 0.002345 701.500306 5374.253000 6.000000 56.078607 1.000000 4.127000 1.025000 1.072000 0.078370 0.117000 6.11650e+025 7.63476e+022 7.62720e+022 8.84520e+022 8.59720e+022 8.47200e+022 8.37750e+022 
O3_iTY_1 160922 114956 6474.492 736595.493009 0.002283 724.335001 5232.059000 6.000000 57.323071 1.000000 4.153000 1.031000 1.078000 0.079780 0.119100 6.91950e+025 7.64017e+022 7.63260e+022 8.85760e+022 8.59990e+022 8.46800e+022 8.37010e+022 
O3_iTY_1 160922 120531 6474.503 736595.503831 0.002296 641.442351 5253.492000 6.000000 59.023610 1.000000 4.140000 1.021000 1.068000 0.077790 0.115500 7.71210e+025 7.64420e+022 7.63670e+022 8.84160e+022 8.59110e+022 8.50760e+022 8.38440e+022 
O3_iTY_1 160922 125406 6474.538 736595.537569 0.002271 666.161639 5142.383000 6.000000 61.705052 1.000000 4.145000 1.017000 1.062000 0.075420 0.112500 1.03140e+026 7.63032e+022 7.62260e+022 8.87100e+022 8.61200e+022 8.47210e+022 8.36920e+022 
O3_iTY_1 160922 150240 6474.626 736595.626852 0.002413 611.658799 5440.082000 6.000000 48.962471 1.000000 4.144000 1.054000 1.102000 0.088850 0.131500 7.42720e+025 7.68815e+022 7.68050e+022 8.92150e+022 8.63430e+022 8.55460e+022 8.44940e+022 
O3_iTY_1 160922 151234 6474.633 736595.633727 0.002442 755.367982 5491.972000 6.000000 47.218387 1.000000 4.143000 1.059000 1.110000 0.091760 0.132400 9.15650e+025 7.68195e+022 7.67430e+022 8.90070e+022 8.64780e+022 8.59290e+022 8.39690e+022 
O3_iTY_1 160922 152228 6474.640 736595.640602 0.002486 690.339122 5602.243000 6.000000 45.418154 1.000000 4.129000 1.065000 1.116000 0.092820 0.135800 8.09990e+025 7.69721e+022 7.68960e+022 8.91750e+022 8.65110e+022 8.57850e+022 8.43810e+022 
O3_iTY_1 160922 153222 6474.647 736595.647477 0.002476 720.956109 5572.773000 7.000000 43.568073 1.000000 4.146000 1.080000 1.131000 0.098170 0.144000 8.24520e+025 7.70267e+022 7.69500e+022 8.94150e+022 8.64670e+022 8.58270e+022 8.45840e+022 
O3_iTY_1 160922 154215 6474.654 736595.654340 0.002487 739.555857 5605.235000 7.000000 41.678458 1.000000 4.152000 1.092000 1.145000 0.102900 0.150600 6.97850e+025 7.70752e+022 7.70000e+022 8.92010e+022 8.62230e+022 8.59510e+022 8.46730e+022 
O3_iTY_1 160922 155209 6474.661 736595.661215 0.002528 779.760674 5698.323000 6.000000 39.746445 1.000000 4.143000 1.101000 1.156000 0.106200 0.154900 1.03450e+026 7.71228e+022 7.70470e+022 8.94250e+022 8.62900e+022 8.58930e+022 8.45650e+022 
O3_iTY_1 160922 160201 6474.668 736595.668067 0.002590 780.120092 5813.628000 7.000000 37.788075 1.000000 4.130000 1.107000 1.166000 0.109300 0.157800 9.70900e+025 7.70215e+022 7.69460e+022 8.90510e+022 8.64690e+022 8.60890e+022 8.44170e+022 
O3_iTY_1 160922 161155 6474.674 736595.674942 0.002708 652.530611 6070.491000 7.000000 35.793609 1.000000 4.095000 1.107000 1.164000 0.109900 0.158400 9.94920e+025 7.71585e+022 7.70840e+022 8.91410e+022 8.61090e+022 8.64100e+022 8.47070e+022 
O3_iTY_1 160922 162148 6474.681 736595.681806 0.002697 649.516079 6062.917000 7.000000 33.775652 1.000000 4.111000 1.127000 1.187000 0.117400 0.169300 8.53550e+025 7.69555e+022 7.68800e+022 8.91510e+022 8.60610e+022 8.60920e+022 8.45080e+022 
O3_iTY_1 160922 171113 6474.716 736595.716123 0.003138 723.002371 6974.655000 7.000000 23.393083 1.000000 4.015000 1.188000 1.264000 0.146500 0.205500 8.60450e+025 7.70550e+022 7.69800e+022 8.92530e+022 8.57240e+022 8.66590e+022 8.44390e+022 
O3_iTY_1 160922 172107 6474.723 736595.722998 0.003228 671.340414 7177.753000 7.000000 21.269129 1.000000 3.992000 1.209000 1.291000 0.155900 0.217600 8.59210e+025 7.70676e+022 7.69930e+022 8.91860e+022 8.57650e+022 8.66410e+022 8.43130e+022 
O3_iTY_1 160922 173101 6474.730 736595.729873 0.003338 627.632185 7412.465000 7.000000 19.135434 1.000000 3.963000 1.230000 1.318000 0.166800 0.233100 8.79050e+025 7.69549e+022 7.68800e+022 8.91530e+022 8.55530e+022 8.66030e+022 8.45640e+022 
O3_iTY_1 160922 174054 6474.736 736595.736736 0.003523 678.058415 7768.421000 6.000000 16.997155 1.000000 3.909000 1.247000 1.343000 0.175700 0.241700 7.87210e+025 7.69955e+022 7.69210e+022 8.91360e+022 8.54680e+022 8.68780e+022 8.42750e+022 
O3_iTY_1 160922 175046 6474.743 736595.743588 0.003675 675.534022 8097.644000 7.000000 14.855439 1.000000 3.862000 1.270000 1.377000 0.188000 0.255800 7.86270e+025 7.67955e+022 7.67200e+022 8.90590e+022 8.54400e+022 8.68670e+022 8.39760e+022 
O3_iTY_1 160922 180040 6474.750 736595.750463 0.003889 631.767122 8585.475000 7.000000 12.701691 1.000000 3.793000 1.288000 1.408000 0.199300 0.272200 7.66070e+025 7.68213e+022 7.67470e+022 8.89130e+022 8.51710e+022 8.69090e+022 8.43320e+022 
O3_iTY_1 160923 110944 6475.465 736596.465093 0.002449 685.227120 5637.682000 6.000000 51.353997 1.000000 4.120000 1.029000 1.077000 0.079800 0.118900 7.01350e+025 7.69496e+022 7.68740e+022 8.90890e+022 8.64520e+022 8.54710e+022 8.44570e+022 
O3_iTY_1 160926 075328 6478.328 736599.328796 0.003784 600.320045 8524.865000 6.000000 11.709901 1.000000 3.797000 1.339000 1.471000 0.214200 0.292100 3.66490e+025 7.55208e+022 7.54500e+022 8.71230e+022 8.30150e+022 8.58850e+022 8.29030e+022 
O3_iTY_1 160926 080321 6478.335 736599.335660 0.003575 684.873088 8095.814000 6.000000 13.850471 1.000000 3.867000 1.313000 1.430000 0.201100 0.276100 5.11020e+025 7.55696e+022 7.55000e+022 8.69780e+022 8.30590e+022 8.55120e+022 8.27290e+022 
O3_iTY_1 160926 081315 6478.342 736599.342535 0.003445 724.674787 7796.892000 6.000000 15.989323 1.000000 3.915000 1.284000 1.391000 0.184800 0.258900 6.05100e+025 7.55329e+022 7.54630e+022 8.68950e+022 8.32040e+022 8.53260e+022 8.31830e+022 
O3_iTY_1 160926 082310 6478.349 736599.349421 0.003217 649.728093 7269.577000 6.000000 18.124163 1.000000 3.983000 1.273000 1.375000 0.179900 0.253100 6.70080e+025 7.55259e+022 7.54560e+022 8.67420e+022 8.35340e+022 8.52070e+022 8.31970e+022 
O3_iTY_1 160926 083304 6478.356 736599.356296 0.003094 644.357518 7020.078000 6.000000 20.246399 1.000000 4.017000 1.251000 1.344000 0.169900 0.240100 5.60840e+025 7.56648e+022 7.55950e+022 8.69360e+022 8.34540e+022 8.54380e+022 8.34740e+022 
O3_iTY_1 160926 084258 6478.363 736599.363171 0.002983 689.466527 6776.990000 6.000000 22.357176 1.000000 4.049000 1.233000 1.319000 0.159700 0.223500 4.75010e+025 7.55621e+022 7.54920e+022 8.69130e+022 8.34510e+022 8.53700e+022 8.27910e+022 
O3_iTY_1 160926 085252 6478.369 736599.370046 0.002862 700.636232 6504.971000 6.000000 24.454774 1.000000 4.083000 1.219000 1.302000 0.153900 0.215700 4.61710e+025 7.55770e+022 7.55060e+022 8.70140e+022 8.37240e+022 8.53890e+022 8.27440e+022 
O3_iTY_1 160926 090246 6478.376 736599.376921 0.002802 636.597278 6366.691000 6.000000 26.537476 1.000000 4.090000 1.198000 1.276000 0.143600 0.205600 5.95690e+025 7.56410e+022 7.55710e+022 8.69410e+022 8.36650e+022 8.50610e+022 8.32070e+022 
O3_iTY_1 160926 091239 6478.383 736599.383785 0.002751 591.554647 6256.512000 6.000000 28.600124 1.000000 4.096000 1.179000 1.254000 0.135100 0.192600 5.41610e+025 7.55358e+022 7.54650e+022 8.68500e+022 8.38970e+022 8.50960e+022 8.29580e+022 
O3_iTY_1 160926 092234 6478.390 736599.390671 0.002702 648.528037 6132.067000 6.000000 30.650167 1.000000 4.105000 1.161000 1.231000 0.128800 0.183600 5.99280e+025 7.54730e+022 7.54030e+022 8.66310e+022 8.36530e+022 8.51950e+022 8.29560e+022 
O3_iTY_1 160926 093228 6478.397 736599.397546 0.002579 726.670629 5857.263000 6.000000 32.675000 1.000000 4.140000 1.159000 1.230000 0.126500 0.183600 6.62510e+025 7.53348e+022 7.52640e+022 8.65600e+022 8.39560e+022 8.45630e+022 8.29930e+022 
O3_iTY_1 160926 094221 6478.404 736599.404410 0.002617 642.609315 5960.987000 6.000000 34.671758 1.000000 4.112000 1.128000 1.196000 0.113900 0.165500 6.24280e+025 7.54040e+022 7.53340e+022 8.64870e+022 8.40080e+022 8.45220e+022 8.28110e+022 
O3_iTY_1 160926 095214 6478.411 736599.411273 0.002515 663.088878 5729.116000 6.000000 36.641586 1.000000 4.142000 1.132000 1.193000 0.113300 0.165700 6.39550e+025 7.54212e+022 7.53490e+022 8.71630e+022 8.38320e+022 8.43860e+022 8.29690e+022 
O3_iTY_1 160926 100209 6478.418 736599.418160 0.002464 782.956322 5611.312000 6.000000 38.586205 1.000000 4.152000 1.121000 1.183000 0.110400 0.161500 7.73870e+025 7.54339e+022 7.53630e+022 8.67810e+022 8.39790e+022 8.44050e+022 8.29200e+022 
O3_iTY_1 160926 101203 6478.425 736599.425035 0.002419 840.971707 5519.199000 6.000000 40.491863 1.000000 4.157000 1.114000 1.172000 0.105900 0.154800 5.13520e+025 7.51353e+022 7.50630e+022 8.68490e+022 8.37550e+022 8.39340e+022 8.23650e+022 
O3_iTY_1 160926 103603 6478.442 736599.441701 0.002336 730.131301 5327.096000 6.000000 44.936869 1.000000 4.178000 1.094000 1.152000 0.098380 0.145400 6.60910e+025 7.54069e+022 7.53360e+022 8.67700e+022 8.40820e+022 8.39880e+022 8.27110e+022 
O3_iTY_1 160926 111430 6478.468 736599.468403 0.002285 662.519554 5202.281000 6.000000 51.351132 1.000000 4.164000 1.062000 1.115000 0.086850 0.129400 9.34480e+025 7.52045e+022 7.51320e+022 8.68740e+022 8.41680e+022 8.35600e+022 8.24310e+022 
O3_iTY_1 160926 121234 6478.508 736599.508727 0.002689 485.926183 6111.791000 6.000000 58.322309 1.000000 3.953000 0.946400 0.989600 0.057270 0.086440 1.09270e+026 7.54152e+022 7.53460e+022 8.65320e+022 8.39510e+022 8.35140e+022 8.26530e+022 
O3_iTY_1 160926 132256 6478.557 736599.557593 0.002237 748.799324 5087.140000 6.000000 59.522656 1.000000 4.137000 1.029000 1.079000 0.077850 0.116200 1.29610e+026 7.46481e+022 7.45740e+022 8.64900e+022 8.41450e+022 8.28900e+022 8.17380e+022 
O3_iTY_1 160926 164319 6478.697 736599.696748 0.002806 711.324074 6275.479000 6.000000 28.164676 1.000000 4.053000 1.165000 1.239000 0.131600 0.191600 1.34610e+026 7.38682e+022 7.37960e+022 8.53860e+022 8.26340e+022 8.31720e+022 8.11400e+022 
O3_iTY_1 160926 165313 6478.703 736599.703623 0.002937 709.228458 6559.090000 6.000000 26.094006 1.000000 4.023000 1.175000 1.251000 0.137200 0.197400 1.20100e+026 7.41677e+022 7.40960e+022 8.56190e+022 8.26980e+022 8.37650e+022 8.14720e+022 
O3_iTY_1 160926 170306 6478.710 736599.710486 0.002982 699.491409 6655.128000 6.000000 24.010159 1.000000 4.021000 1.200000 1.280000 0.148600 0.212500 1.24190e+026 7.42408e+022 7.41690e+022 8.57560e+022 8.27150e+022 8.37130e+022 8.15420e+022 
O3_iTY_1 160926 171300 6478.717 736599.717361 0.003112 667.545013 6933.285000 6.000000 21.908550 1.000000 3.987000 1.211000 1.296000 0.154700 0.219100 1.32090e+026 7.40160e+022 7.39450e+022 8.53580e+022 8.24150e+022 8.36380e+022 8.12470e+022 
O3_iTY_1 160926 175139 6478.744 736599.744201 0.003727 643.376916 8058.944000 6.000000 13.598370 1.000000 3.816000 1.294000 1.408000 0.196300 0.271600 1.43290e+026 7.36573e+022 7.35860e+022 8.51710e+022 8.18660e+022 8.33280e+022 8.08500e+022 
O3_iTY_1 160926 180132 6478.751 736599.751065 0.003963 638.574789 8182.950000 6.000000 11.455508 1.000000 3.735000 1.318000 1.443000 0.208900 0.286500 1.46730e+026 7.34721e+022 7.34020e+022 8.47910e+022 8.13420e+022 8.34490e+022 8.07860e+022 
O3_iTY_1 160927 074041 6479.319 736600.319919 0.004255 602.355143 8973.209000 6.000000 8.822767 1.000000 3.624000 1.355000 1.502000 0.228000 0.312800 1.70810e+026 7.27094e+022 7.26410e+022 8.39270e+022 7.99470e+022 8.25490e+022 8.00480e+022 
O3_iTY_1 160927 080626 6479.337 736600.337801 0.003565 574.315399 7775.839000 6.000000 14.397646 1.000000 3.845000 1.297000 1.405000 0.199800 0.276500 1.76130e+026 7.28081e+022 7.27400e+022 8.37650e+022 8.04170e+022 8.26290e+022 8.02790e+022 
O3_iTY_1 160927 083213 6479.356 736600.355706 0.003112 667.357670 6857.680000 7.000000 19.937002 1.000000 3.975000 1.249000 1.337000 0.174900 0.242600 1.73310e+026 7.29205e+022 7.28520e+022 8.39660e+022 8.06910e+022 8.25650e+022 7.99760e+022 
O3_iTY_1 160927 085758 6479.373 736600.373588 0.002874 595.589585 6402.812000 7.000000 25.391560 1.000000 4.028000 1.195000 1.271000 0.146700 0.209300 1.53310e+026 7.29217e+022 7.28540e+022 8.37290e+022 8.08450e+022 8.21950e+022 8.03190e+022 
O3_iTY_1 160927 092346 6479.391 736600.391505 0.002657 621.116100 5940.770000 7.000000 30.744705 1.000000 4.065000 1.162000 1.227000 0.130700 0.187500 1.85530e+026 7.27708e+022 7.27010e+022 8.40450e+022 8.08830e+022 8.19040e+022 7.99950e+022 
O3_iTY_1 160927 094932 6479.409 736600.409398 0.002521 595.500226 5644.530000 7.000000 35.937421 1.000000 4.092000 1.130000 1.192000 0.116400 0.170200 1.81330e+026 7.28023e+022 7.27330e+022 8.38090e+022 8.12300e+022 8.16930e+022 8.03260e+022 
O3_iTY_1 160927 101516 6479.427 736600.427269 0.002386 676.681550 5341.114000 6.000000 40.912987 1.000000 4.118000 1.109000 1.166000 0.108700 0.157800 1.78740e+026 7.28178e+022 7.27480e+022 8.39560e+022 8.12700e+022 8.18220e+022 8.00440e+022 
O3_iTY_1 160927 104149 6479.445 736600.445706 0.002301 775.353252 5159.370000 6.000000 45.743594 1.000000 4.129000 1.089000 1.144000 0.100300 0.146800 1.80200e+026 7.29309e+022 7.28620e+022 8.38540e+022 8.14310e+022 8.16840e+022 8.00940e+022 
O3_iTY_1 160927 114758 6479.491 736600.491644 0.002209 658.377019 4964.545000 6.000000 55.577842 1.000000 4.126000 1.047000 1.098000 0.085790 0.126800 1.65780e+026 7.29176e+022 7.28470e+022 8.40880e+022 8.18310e+022 8.15750e+022 8.01520e+022 
O3_iTY_1 160927 152418 6479.642 736600.641875 0.002388 744.325951 5338.116000 6.000000 43.441450 1.000000 4.125000 1.093000 1.147000 0.101500 0.147300 2.13470e+026 7.35453e+022 7.34720e+022 8.53050e+022 8.25350e+022 8.25070e+022 8.06980e+022 
O3_iTY_1 160927 153413 6479.649 736600.648762 0.002449 844.970702 5458.666000 6.000000 41.613141 1.000000 4.109000 1.096000 1.153000 0.100500 0.149300 2.62840e+026 7.34965e+022 7.34240e+022 8.51250e+022 8.26540e+022 8.15720e+022 8.06880e+022 
O3_iTY_1 160927 154406 6479.656 736600.655625 0.002467 652.440379 5468.983000 6.000000 39.745872 1.000000 4.127000 1.107000 1.166000 0.106400 0.157000 2.61310e+026 7.36144e+022 7.35420e+022 8.51620e+022 8.26790e+022 8.21100e+022 8.10800e+022 
O3_iTY_1 160927 155359 6479.662 736600.662488 0.002545 687.857804 5654.133000 6.000000 37.840214 1.000000 4.099000 1.111000 1.171000 0.108400 0.157800 2.31230e+026 7.37241e+022 7.36530e+022 8.49750e+022 8.26810e+022 8.24700e+022 8.09470e+022 
O3_iTY_1 160927 160353 6479.669 736600.669363 0.002583 672.115721 5740.168000 6.000000 35.896168 1.000000 4.101000 1.123000 1.184000 0.114300 0.164800 1.97760e+026 7.39028e+022 7.38330e+022 8.50230e+022 8.24030e+022 8.28850e+022 8.10540e+022 
O3_iTY_1 160927 161347 6479.676 736600.676238 0.002627 656.051892 5827.679000 6.000000 33.921183 1.000000 4.097000 1.136000 1.200000 0.119200 0.171200 1.89740e+026 7.37364e+022 7.36650e+022 8.50550e+022 8.26030e+022 8.28390e+022 8.09430e+022 
O3_iTY_1 160927 162341 6479.683 736600.683113 0.002729 662.608209 6037.425000 6.000000 31.918695 1.000000 4.070000 1.140000 1.204000 0.120500 0.174500 1.86250e+026 7.37810e+022 7.37110e+022 8.49760e+022 8.22000e+022 8.27090e+022 8.11770e+022 
O3_iTY_1 160927 163335 6479.690 736600.689988 0.002768 668.044823 6115.904000 6.000000 29.892144 1.000000 4.069000 1.158000 1.226000 0.128000 0.184800 1.90620e+026 7.36720e+022 7.36000e+022 8.51310e+022 8.24790e+022 8.27460e+022 8.12360e+022 
O3_iTY_1 160927 171515 6479.719 736600.718924 0.003188 663.484982 6942.470000 6.000000 21.154537 1.000000 3.971000 1.220000 1.303000 0.156800 0.220500 1.84370e+026 7.34695e+022 7.33980e+022 8.49170e+022 8.19590e+022 8.29330e+022 8.07930e+022 
O3_iTY_1 160927 172509 6479.726 736600.725799 0.003296 740.862760 7134.233000 6.000000 19.040323 1.000000 3.947000 1.241000 1.329000 0.169300 0.236000 1.87250e+026 7.34758e+022 7.34050e+022 8.48900e+022 8.16140e+022 8.31230e+022 8.08570e+022 
O3_iTY_1 160927 173503 6479.733 736600.732674 0.003473 743.175750 7453.546000 6.000000 16.915223 1.000000 3.898000 1.262000 1.358000 0.177300 0.247400 1.92390e+026 7.34148e+022 7.33430e+022 8.49590e+022 8.17770e+022 8.30350e+022 8.09050e+022 
O3_iTY_1 160927 174455 6479.739 736600.739525 0.003660 668.230203 7766.348000 6.000000 14.788976 1.000000 3.846000 1.283000 1.386000 0.188000 0.259000 1.93820e+026 7.32988e+022 7.32270e+022 8.49020e+022 8.15730e+022 8.29390e+022 8.04480e+022 
O3_iTY_1 160927 175449 6479.746 736600.746400 0.003900 642.449259 8155.118000 6.000000 12.647833 1.000000 3.771000 1.303000 1.418000 0.199200 0.272700 1.96480e+026 7.31852e+022 7.31140e+022 8.46220e+022 8.13520e+022 8.31430e+022 8.05160e+022 
O3_iTY_1 160928 093427 6480.399 736601.398924 0.002587 668.836051 5731.779000 6.000000 32.758651 1.000000 4.098000 1.171000 1.236000 0.136600 0.195100 2.26890e+026 7.69434e+022 7.68700e+022 8.88680e+022 8.54910e+022 8.62080e+022 8.43600e+022 
O3_iTY_1 160928 094421 6480.406 736601.405799 0.002532 759.670554 5619.777000 6.000000 34.739940 1.000000 4.106000 1.163000 1.228000 0.132600 0.188100 2.04230e+026 7.70793e+022 7.70040e+022 8.91460e+022 8.61690e+022 8.67110e+022 8.44470e+022 
O3_iTY_1 160928 095415 6480.413 736601.412674 0.002498 746.289184 5548.802000 6.000000 36.692007 1.000000 4.109000 1.152000 1.214000 0.126000 0.180700 2.23380e+026 7.73724e+022 7.72960e+022 8.97220e+022 8.65710e+022 8.66220e+022 8.47510e+022 
O3_iTY_1 160928 100409 6480.419 736601.419549 0.002426 809.369282 5397.967000 6.000000 38.610269 1.000000 4.123000 1.149000 1.209000 0.124100 0.178700 2.38120e+026 7.74399e+022 7.73630e+022 8.98910e+022 8.66940e+022 8.66350e+022 8.48680e+022 
O3_iTY_1 160928 101404 6480.426 736601.426435 0.002405 730.304011 5347.059000 6.000000 40.494728 1.000000 4.127000 1.136000 1.195000 0.118800 0.172200 2.40510e+026 7.75724e+022 7.74960e+022 8.98820e+022 8.69170e+022 8.66760e+022 8.50800e+022 
O3_iTY_1 160928 102358 6480.433 736601.433310 0.002418 767.855820 5380.142000 6.000000 42.333349 1.000000 4.108000 1.118000 1.175000 0.112500 0.162600 2.12840e+026 7.77991e+022 7.77250e+022 8.97350e+022 8.67750e+022 8.69460e+022 8.51170e+022 
O3_iTY_1 160928 103352 6480.440 736601.440185 0.002392 736.622376 5325.310000 6.000000 44.124415 1.000000 4.117000 1.108000 1.165000 0.110000 0.158600 2.04800e+026 7.80652e+022 7.79910e+022 8.99080e+022 8.71540e+022 8.74440e+022 8.54720e+022 
O3_iTY_1 160928 104345 6480.447 736601.447049 0.002338 697.176131 5206.574000 6.000000 45.858759 1.000000 4.127000 1.108000 1.164000 0.109000 0.159300 1.95300e+026 7.81376e+022 7.80630e+022 8.99900e+022 8.73700e+022 8.74180e+022 8.59880e+022 
O3_iTY_1 160928 105340 6480.453 736601.453935 0.002334 698.546671 5203.048000 6.000000 47.538671 1.000000 4.120000 1.097000 1.151000 0.105000 0.152300 1.84340e+026 7.80956e+022 7.80200e+022 9.02350e+022 8.72650e+022 8.74890e+022 8.57020e+022 
O3_iTY_1 160928 110334 6480.460 736601.460810 0.002322 767.735928 5180.092000 6.000000 49.146963 1.000000 4.116000 1.091000 1.144000 0.102400 0.148800 1.90260e+026 7.84083e+022 7.83320e+022 9.06100e+022 8.77750e+022 8.77690e+022 8.59980e+022 
O3_iTY_1 160928 112322 6480.474 736601.474560 0.002281 714.390956 5079.009000 6.000000 52.123479 1.000000 4.121000 1.080000 1.133000 0.098900 0.144900 1.80460e+026 7.84767e+022 7.84000e+022 9.06430e+022 8.81040e+022 8.77710e+022 8.62950e+022 
O3_iTY_1 160928 113316 6480.481 736601.481435 0.002255 726.372007 5025.504000 6.000000 53.471649 1.000000 4.130000 1.078000 1.129000 0.097950 0.143500 1.86610e+026 7.86481e+022 7.85720e+022 9.08440e+022 8.80000e+022 8.78300e+022 8.63440e+022 
O3_iTY_1 160928 114310 6480.488 736601.488310 0.002294 663.125534 5117.605000 6.000000 54.711529 1.000000 4.111000 1.064000 1.117000 0.092400 0.135300 1.78200e+026 7.86188e+022 7.85420e+022 9.06760e+022 8.85360e+022 8.79550e+022 8.63410e+022 
O3_iTY_1 160928 115304 6480.495 736601.495185 0.002263 686.900486 5055.990000 6.000000 55.831662 1.000000 4.122000 1.063000 1.116000 0.093520 0.136700 1.86320e+026 7.89561e+022 7.88810e+022 9.07730e+022 8.84850e+022 8.83520e+022 8.66900e+022 
O3_iTY_1 160928 120258 6480.501 736601.502060 0.002288 765.708066 5102.835000 6.000000 56.818868 1.000000 4.108000 1.057000 1.106000 0.089480 0.130600 1.86440e+026 7.89264e+022 7.88490e+022 9.12780e+022 8.86600e+022 8.81240e+022 8.63540e+022 
O3_iTY_1 160928 121252 6480.508 736601.508935 0.002224 761.425398 4946.639000 6.000000 57.661689 1.000000 4.126000 1.067000 1.118000 0.092530 0.136700 1.98150e+026 7.88412e+022 7.87640e+022 9.11050e+022 8.87330e+022 8.77020e+022 8.64970e+022 
O3_iTY_1 160928 122246 6480.515 736601.515810 0.002267 756.886037 5028.311000 6.000000 58.348093 1.000000 4.106000 1.055000 1.103000 0.089120 0.130300 2.15920e+026 7.89858e+022 7.89090e+022 9.12570e+022 8.85480e+022 8.82340e+022 8.65840e+022 
O3_iTY_1 160928 123240 6480.522 736601.522685 0.002268 794.832424 5032.213000 6.000000 58.867765 1.000000 4.106000 1.052000 1.101000 0.088730 0.129700 2.05910e+026 7.90684e+022 7.89920e+022 9.12030e+022 8.86920e+022 8.82820e+022 8.66170e+022 
O3_iTY_1 160928 124234 6480.529 736601.529560 0.002230 808.595340 4963.966000 6.000000 59.212113 1.000000 4.119000 1.058000 1.107000 0.089980 0.131500 1.97410e+026 7.89871e+022 7.89100e+022 9.13200e+022 8.86710e+022 8.80520e+022 8.63550e+022 
O3_iTY_1 160928 125229 6480.536 736601.536447 0.002261 693.143706 5019.646000 6.000000 59.374833 1.000000 4.107000 1.050000 1.100000 0.088420 0.128800 2.09070e+026 7.91056e+022 7.90300e+022 9.10930e+022 8.87410e+022 8.82340e+022 8.64310e+022 
O3_iTY_1 160928 130222 6480.543 736601.543310 0.002222 717.333571 4943.350000 6.000000 59.353633 1.000000 4.123000 1.059000 1.110000 0.091140 0.134300 1.93670e+026 7.92276e+022 7.91520e+022 9.12190e+022 8.87600e+022 8.83660e+022 8.70210e+022 
O3_iTY_1 160928 131216 6480.550 736601.550185 0.002266 738.535055 5045.379000 6.000000 59.149088 1.000000 4.107000 1.051000 1.101000 0.088660 0.129500 1.99230e+026 7.93186e+022 7.92420e+022 9.14730e+022 8.89800e+022 8.85930e+022 8.68490e+022 
O3_iTY_1 160928 132210 6480.557 736601.557060 0.002236 740.063754 4974.839000 5.000000 58.764060 1.000000 4.118000 1.061000 1.110000 0.090880 0.133400 1.87650e+026 7.90979e+022 7.90190e+022 9.17310e+022 8.89310e+022 8.83360e+022 8.68180e+022 
O3_iTY_1 160928 133205 6480.564 736601.563947 0.002273 656.246561 5063.802000 6.000000 58.204280 1.000000 4.112000 1.056000 1.104000 0.088050 0.129800 2.07190e+026 7.91825e+022 7.91040e+022 9.17690e+022 8.90500e+022 8.81850e+022 8.67820e+022 
O3_iTY_1 160928 143303 6480.606 736601.606285 0.002351 753.090390 5229.444000 6.000000 51.571148 1.000000 4.106000 1.075000 1.127000 0.095920 0.140400 1.84020e+026 7.95402e+022 7.94630e+022 9.18050e+022 8.91660e+022 8.89470e+022 8.74310e+022 
O3_iTY_1 160929 104540 6481.448 736602.448380 0.002445 708.037142 5463.144000 5.000000 45.961891 1.000000 4.078000 1.087000 1.143000 0.097630 0.143300 1.35550e+026 7.93272e+022 7.92490e+022 9.18460e+022 8.91910e+022 8.83460e+022 8.68770e+022 
O3_iTY_1 160929 105533 6481.455 736602.455243 0.002433 676.755523 5442.210000 5.000000 47.612009 1.000000 4.078000 1.080000 1.134000 0.095670 0.140700 1.29590e+026 7.97398e+022 7.96630e+022 9.20290e+022 8.93520e+022 8.86830e+022 8.73320e+022 
O3_iTY_1 160929 110527 6481.462 736602.462118 0.002444 702.587862 5427.777000 5.000000 49.193946 1.000000 4.067000 1.065000 1.121000 0.090700 0.134800 1.83610e+026 7.96841e+022 7.96080e+022 9.16830e+022 8.95790e+022 8.85040e+022 8.74800e+022 
O3_iTY_1 160929 111521 6481.469 736602.468993 0.002395 629.889985 5336.468000 5.000000 50.697387 1.000000 4.081000 1.068000 1.118000 0.091090 0.135100 1.74470e+026 7.95307e+022 7.94520e+022 9.22550e+022 8.92030e+022 8.84710e+022 8.73550e+022 
O3_iTY_1 160929 112515 6481.476 736602.475868 0.002405 627.802540 5347.696000 6.000000 52.110874 1.000000 4.072000 1.057000 1.107000 0.088320 0.131000 1.63090e+026 7.97441e+022 7.96670e+022 9.21530e+022 8.92570e+022 8.86260e+022 8.74810e+022 
O3_iTY_1 160929 113509 6481.483 736602.482743 0.002394 582.844910 5298.666000 6.000000 53.425812 1.000000 4.074000 1.050000 1.102000 0.086120 0.127800 1.23150e+026 7.98774e+022 7.98020e+022 9.18980e+022 8.94420e+022 8.86390e+022 8.74340e+022 
O3_iTY_1 160929 115457 6481.496 736602.496493 0.002385 706.894535 5249.625000 6.000000 55.710768 1.000000 4.064000 1.037000 1.089000 0.083080 0.123200 1.42300e+026 7.98738e+022 7.97990e+022 9.16310e+022 8.95700e+022 8.87690e+022 8.75500e+022 
O3_iTY_1 160929 120451 6481.503 736602.503368 0.002376 627.438823 5242.181000 6.000000 56.657867 1.000000 4.068000 1.035000 1.086000 0.083140 0.123400 1.22150e+026 7.99631e+022 7.98890e+022 9.16540e+022 8.93180e+022 8.90870e+022 8.78630e+022 
O3_iTY_1 160929 121445 6481.510 736602.510243 0.002350 592.072887 5155.485000 6.000000 57.458289 1.000000 4.073000 1.036000 1.087000 0.084450 0.123900 1.44660e+026 8.00518e+022 7.99780e+022 9.16970e+022 8.93040e+022 8.93710e+022 8.77020e+022 
O3_iTY_1 160929 133127 6481.563 736602.563507 0.002345 630.316843 5124.781000 6.000000 57.847900 1.000000 4.071000 1.033000 1.084000 0.081300 0.121400 1.40480e+026 7.94166e+022 7.93400e+022 9.14780e+022 8.93590e+022 8.83680e+022 8.73330e+022 
O3_iTY_1 160929 141641 6481.594 736602.594919 0.002426 641.502510 5234.638000 6.000000 53.433261 1.000000 4.050000 1.043000 1.092000 0.083450 0.122500 1.50980e+026 7.94438e+022 7.93660e+022 9.19330e+022 8.91790e+022 8.84540e+022 8.68330e+022 
O3_iTY_1 160929 161929 6481.680 736602.680197 0.002889 571.884777 6167.876000 6.000000 32.179964 1.000000 3.997000 1.132000 1.197000 0.118700 0.171100 1.66740e+026 7.91293e+022 7.90540e+022 9.10950e+022 8.84690e+022 8.84780e+022 8.68580e+022 
O3_iTY_1 160929 163920 6481.694 736602.693981 0.002979 631.160589 6336.520000 6.000000 28.131444 1.000000 3.991000 1.169000 1.239000 0.133600 0.190800 1.47440e+026 7.90401e+022 7.89650e+022 9.11710e+022 8.79930e+022 8.83870e+022 8.65970e+022 
O3_iTY_1 160929 173143 6481.730 736602.730359 0.003664 584.224790 7488.152000 6.000000 17.093985 1.000000 3.818000 1.249000 1.345000 0.174700 0.241600 1.60750e+026 7.85933e+022 7.85180e+022 9.07270e+022 8.72920e+022 8.87550e+022 8.63620e+022 
O3_iTY_1 160929 174136 6481.737 736602.737222 0.003805 638.534693 7779.826000 6.000000 14.971750 1.000000 3.784000 1.275000 1.382000 0.189100 0.259000 1.54340e+026 7.85439e+022 7.84680e+022 9.07360e+022 8.73770e+022 8.88450e+022 8.62080e+022 
O3_iTY_1 160929 175130 6481.744 736602.744097 0.004071 524.175182 8202.455000 6.000000 12.837482 1.000000 3.701000 1.291000 1.407000 0.196200 0.267200 1.52990e+026 7.83162e+022 7.82400e+022 9.07010e+022 8.69520e+022 8.86030e+022 8.58140e+022 
O3_iTY_1 160930 095308 6482.412 736603.411898 0.002455 633.913707 5567.204000 6.000000 36.118476 1.000000 4.165000 1.166000 1.232000 0.130500 0.188200 1.00370e+026 7.91672e+022 7.90920e+022 9.13410e+022 8.80980e+022 8.84770e+022 8.67700e+022 
O3_iTY_1 160930 101919 6482.430 736603.430081 0.002478 620.822579 5628.183000 5.000000 41.075134 1.000000 4.129000 1.115000 1.176000 0.109200 0.159200 1.18500e+026 7.92516e+022 7.91760e+022 9.13600e+022 8.85960e+022 8.83540e+022 8.68200e+022 
O3_iTY_1 160930 110741 6482.463 736603.463669 0.002318 763.734857 5253.257000 5.000000 49.285046 1.000000 4.162000 1.089000 1.144000 0.098720 0.146200 1.32100e+026 7.95542e+022 7.94790e+022 9.16620e+022 8.87570e+022 8.83710e+022 8.72310e+022 
O3_iTY_1 160930 115721 6482.498 736603.498160 0.002242 743.640985 5072.441000 6.000000 55.629408 1.000000 4.160000 1.067000 1.121000 0.093040 0.137000 1.15780e+026 7.93709e+022 7.92950e+022 9.14330e+022 8.89290e+022 8.84920e+022 8.70720e+022 
O3_iTY_1 160930 124544 6482.531 736603.531759 0.002245 679.550286 5051.855000 6.000000 58.522272 1.000000 4.147000 1.052000 1.104000 0.087850 0.130900 1.15300e+026 7.92070e+022 7.91300e+022 9.14380e+022 8.90920e+022 8.79640e+022 8.68960e+022 
O3_iTY_1 160930 134548 6482.573 736603.573472 0.002309 667.097964 5163.658000 6.000000 56.374253 1.000000 4.122000 1.048000 1.100000 0.086800 0.128900 1.33010e+026 7.89604e+022 7.88840e+022 9.10770e+022 8.87240e+022 8.78310e+022 8.66670e+022 
