09:53:32  9 13 2016   51.090    1.584 ds    279.8 
11:15:54  9 13 2016   35.328    1.224 ds    280.0 
11:19:07  9 13 2016   34.787    1.216 ds    280.7 
11:22:20  9 13 2016   34.256    1.208 ds    280.1 
11:25:33  9 13 2016   33.734    1.201 ds    279.4 
11:33:44  9 13 2016   32.449    1.183 ds    281.6 
11:41:42  9 13 2016   31.261    1.168 ds    280.8 
11:44:55  9 13 2016   30.801    1.163 ds    280.5 
11:48:08  9 13 2016   30.354    1.158 ds    280.7 
11:53:32  9 13 2016   29.633    1.149 ds    280.5 
12:00:00  9 13 2016   28.822    1.140 ds    279.6 
12:05:07  9 13 2016   28.220    1.134 ds    280.8 
12:11:34  9 13 2016   27.523    1.127 ds    281.3 
12:14:48  9 13 2016   27.197    1.123 ds    280.4 
12:23:01  9 13 2016   26.456    1.116 ds    279.9 
12:26:16  9 13 2016   26.198    1.114 ds    279.2 
12:29:28  9 13 2016   25.962    1.111 ds    278.9 
12:38:04  9 13 2016   25.435    1.107 ds    281.5 
12:41:16  9 13 2016   25.277    1.105 ds    280.9 
12:49:38  9 13 2016   24.972    1.102 ds    281.3 
12:52:51  9 13 2016   24.895    1.102 ds    280.0 
12:56:05  9 13 2016   24.843    1.101 ds    281.4 
12:59:18  9 13 2016   24.814    1.101 ds    281.4 
13:07:31  9 13 2016   24.847    1.101 ds    281.7 
13:10:45  9 13 2016   24.902    1.102 ds    281.7 
13:17:15  9 13 2016   25.084    1.103 ds    281.9 
13:22:39  9 13 2016   25.306    1.105 ds    281.6 
13:25:52  9 13 2016   25.469    1.107 ds    280.1 
13:29:06  9 13 2016   25.654    1.109 ds    281.4 
13:32:22  9 13 2016   25.863    1.110 ds    279.9 
13:39:01  9 13 2016   26.354    1.115 ds    281.3 
13:42:14  9 13 2016   26.624    1.118 ds    281.1 
13:56:52  9 13 2016   28.076    1.132 ds    281.3 
14:00:05  9 13 2016   28.442    1.136 ds    281.8 
14:08:43  9 13 2016   29.499    1.148 ds    281.7 
14:11:56  9 13 2016   29.921    1.153 ds    283.2 
14:17:02  9 13 2016   30.615    1.161 ds    281.6 
14:20:14  9 13 2016   31.068    1.166 ds    282.8 
14:26:38  9 13 2016   32.007    1.178 ds    281.7 
14:34:48  9 13 2016   33.267    1.194 ds    281.1 
14:42:45  9 13 2016   34.556    1.212 ds    283.3 
14:45:57  9 13 2016   35.090    1.220 ds    283.7 
14:54:30  9 13 2016   36.553    1.243 ds    283.1 
15:00:54  9 13 2016   37.684    1.261 ds    283.6 
15:05:58  9 13 2016   38.596    1.277 ds    284.4 
15:09:10  9 13 2016   39.182    1.287 ds    283.5 
15:12:22  9 13 2016   39.774    1.298 ds    283.5 
15:15:34  9 13 2016   40.370    1.309 ds    281.9 
15:23:43  9 13 2016   41.909    1.340 ds    283.6 
15:31:41  9 13 2016   43.446    1.373 ds    284.6 
15:34:53  9 13 2016   44.070    1.388 ds    283.4 
15:38:05  9 13 2016   44.699    1.402 ds    283.2 
15:43:27  9 13 2016   45.762    1.429 ds    283.7 
15:54:53  9 13 2016   48.059    1.490 ds    283.5 
15:58:05  9 13 2016   48.709    1.509 ds    281.7 
16:01:17  9 13 2016   49.362    1.529 ds    281.7 
16:12:36  9 13 2016   51.690    1.605 ds    282.2 
16:23:52  9 13 2016   54.037    1.692 ds    284.1 
16:27:04  9 13 2016   54.709    1.720 ds    281.3 
16:32:28  9 13 2016   55.845    1.769 ds    283.0 
16:35:40  9 13 2016   56.521    1.800 ds    281.5 
16:38:52  9 13 2016   57.199    1.832 ds    282.0 
16:43:51  9 13 2016   58.262    1.885 ds    281.8 
16:51:24  9 13 2016   59.872    1.974 ds    282.4 
16:54:36  9 13 2016   60.556    2.014 ds    282.3 
16:57:48  9 13 2016   61.242    2.057 ds    283.3 
17:01:00  9 13 2016   61.930    2.102 ds    281.9 
17:09:03  9 13 2016   63.666    2.226 ds    281.5 
17:17:02  9 13 2016   65.393    2.366 ds    281.3 
17:20:14  9 13 2016   66.086    2.428 ds    281.2 
17:23:26  9 13 2016   66.781    2.494 ds    281.0 
17:28:50  9 13 2016   67.955    2.614 ds    280.3 
17:32:02  9 13 2016   68.650    2.691 ds    280.4 
17:35:13  9 13 2016   69.347    2.774 ds    280.2 
17:40:10  9 13 2016   70.426    2.913 ds    280.7 
17:43:22  9 13 2016   71.123    3.010 ds    279.9 
17:46:37  9 13 2016   71.833    3.117 ds    279.3 
17:49:49  9 13 2016   72.533    3.230 ds    278.3 
17:57:50  9 13 2016   74.286    3.553 ds    278.1 
18:05:49  9 13 2016   76.031    3.946 ds    277.4 
08:02:42  9 14 2016   74.964    3.696 ds    278.0 
08:10:41  9 14 2016   73.223    3.350 ds    279.4 
08:13:53  9 14 2016   72.524    3.228 ds    280.3 
08:17:08  9 14 2016   71.814    3.114 ds    280.0 
08:22:35  9 14 2016   70.628    2.940 ds    280.1 
08:25:46  9 14 2016   69.932    2.847 ds    280.8 
08:28:59  9 14 2016   69.235    2.760 ds    280.3 
08:33:58  9 14 2016   68.152    2.636 ds    280.2 
08:37:10  9 14 2016   67.455    2.561 ds    279.5 
08:40:23  9 14 2016   66.759    2.492 ds    280.1 
08:43:35  9 14 2016   66.065    2.426 ds    280.6 
08:51:39  9 14 2016   64.324    2.277 ds    281.0 
08:59:43  9 14 2016   62.587    2.147 ds    282.0 
09:02:55  9 14 2016   61.898    2.100 ds    282.1 
09:06:08  9 14 2016   61.210    2.055 ds    282.4 
09:11:33  9 14 2016   60.051    1.984 ds    281.4 
09:14:45  9 14 2016   59.368    1.945 ds    281.0 
09:17:59  9 14 2016   58.682    1.908 ds    281.7 
09:23:04  9 14 2016   57.600    1.852 ds    283.4 
09:26:18  9 14 2016   56.918    1.818 ds    282.6 
09:29:31  9 14 2016   56.240    1.787 ds    281.3 
09:32:44  9 14 2016   55.563    1.756 ds    281.9 
09:48:59  9 14 2016   52.173    1.622 ds    281.4 
09:52:12  9 14 2016   51.509    1.599 ds    281.9 
09:55:24  9 14 2016   50.849    1.576 ds    280.9 
10:00:48  9 14 2016   49.744    1.541 ds    280.6 
10:07:14  9 14 2016   48.438    1.501 ds    281.0 
10:15:31  9 14 2016   46.775    1.455 ds    281.0 
10:18:44  9 14 2016   46.136    1.438 ds    281.1 
10:21:56  9 14 2016   45.502    1.422 ds    281.1 
10:30:05  9 14 2016   43.905    1.384 ds    282.9 
10:38:07  9 14 2016   42.361    1.350 ds    281.0 
10:41:19  9 14 2016   41.753    1.337 ds    282.2 
10:44:31  9 14 2016   41.149    1.325 ds    281.4 
10:49:54  9 14 2016   40.147    1.305 ds    281.6 
10:53:06  9 14 2016   39.558    1.294 ds    280.9 
10:56:19  9 14 2016   38.974    1.284 ds    281.6 
11:04:39  9 14 2016   37.486    1.258 ds    282.8 
11:07:52  9 14 2016   36.924    1.249 ds    281.8 
11:11:04  9 14 2016   36.371    1.240 ds    282.7 
11:19:14  9 14 2016   34.996    1.219 ds    283.3 
11:27:13  9 14 2016   33.708    1.200 ds    281.9 
11:33:37  9 14 2016   32.715    1.187 ds    279.5 
11:39:01  9 14 2016   31.910    1.177 ds    281.1 
11:42:15  9 14 2016   31.445    1.171 ds    281.1 
11:45:27  9 14 2016   30.994    1.165 ds    280.5 
11:53:47  9 14 2016   29.884    1.152 ds    280.9 
11:57:00  9 14 2016   29.478    1.148 ds    283.0 
12:00:13  9 14 2016   29.088    1.143 ds    282.3 
12:08:24  9 14 2016   28.164    1.133 ds    280.3 
12:11:38  9 14 2016   27.829    1.130 ds    282.3 
12:14:50  9 14 2016   27.514    1.127 ds    279.6 
12:18:02  9 14 2016   27.215    1.124 ds    281.2 
12:23:26  9 14 2016   26.756    1.119 ds    281.4 
12:26:38  9 14 2016   26.508    1.117 ds    280.3 
12:29:51  9 14 2016   26.280    1.114 ds    281.1 
12:41:26  9 14 2016   25.631    1.108 ds    278.7 
12:52:51  9 14 2016   25.271    1.105 ds    279.8 
12:59:17  9 14 2016   25.195    1.104 ds    281.4 
13:02:30  9 14 2016   25.192    1.104 ds    281.6 
13:08:00  9 14 2016   25.242    1.105 ds    281.6 
13:11:13  9 14 2016   25.302    1.105 ds    280.8 
13:14:26  9 14 2016   25.385    1.106 ds    280.4 
13:17:43  9 14 2016   25.494    1.107 ds    280.0 
13:24:09  9 14 2016   25.773    1.110 ds    278.5 
13:27:22  9 14 2016   25.946    1.111 ds    280.3 
13:35:36  9 14 2016   26.484    1.116 ds    281.5 
13:42:03  9 14 2016   26.998    1.121 ds    282.6 
13:45:15  9 14 2016   27.281    1.124 ds    281.2 
13:50:38  9 14 2016   27.799    1.129 ds    282.5 
13:53:51  9 14 2016   28.131    1.133 ds    281.1 
14:02:55  9 14 2016   29.156    1.144 ds    281.1 
14:06:08  9 14 2016   29.548    1.148 ds    281.5 
14:09:20  9 14 2016   29.954    1.153 ds    281.7 
14:17:31  9 14 2016   31.052    1.166 ds    281.2 
14:25:30  9 14 2016   32.199    1.180 ds    282.5 
14:28:43  9 14 2016   32.681    1.187 ds    282.2 
14:31:56  9 14 2016   33.173    1.193 ds    283.1 
14:37:20  9 14 2016   34.023    1.205 ds    281.8 
14:40:32  9 14 2016   34.539    1.212 ds    283.4 
14:43:44  9 14 2016   35.065    1.220 ds    282.3 
14:48:51  9 14 2016   35.920    1.233 ds    282.7 
14:52:03  9 14 2016   36.468    1.241 ds    283.3 
14:55:17  9 14 2016   37.025    1.250 ds    282.6 
14:58:30  9 14 2016   37.590    1.260 ds    283.7 
15:06:39  9 14 2016   39.050    1.285 ds    281.8 
15:14:38  9 14 2016   40.517    1.312 ds    282.2 
15:21:03  9 14 2016   41.718    1.336 ds    282.2 
15:26:25  9 14 2016   42.740    1.358 ds    282.9 
15:29:37  9 14 2016   43.356    1.371 ds    282.9 
15:36:04  9 14 2016   44.609    1.400 ds    283.2 
15:39:16  9 14 2016   45.239    1.416 ds    282.0 
15:42:28  9 14 2016   45.871    1.431 ds    283.3 
15:45:41  9 14 2016   46.509    1.448 ds    282.7 
15:53:51  9 14 2016   48.146    1.493 ds    283.6 
16:01:57  9 14 2016   49.788    1.542 ds    282.5 
16:05:11  9 14 2016   50.450    1.563 ds    283.8 
16:08:23  9 14 2016   51.108    1.585 ds    283.8 
16:13:47  9 14 2016   52.222    1.624 ds    283.0 
16:17:00  9 14 2016   52.888    1.648 ds    283.8 
16:20:12  9 14 2016   53.557    1.674 ds    282.7 
16:25:18  9 14 2016   54.621    1.716 ds    283.1 
16:28:30  9 14 2016   55.293    1.745 ds    283.3 
16:31:42  9 14 2016   55.966    1.774 ds    283.7 
16:34:54  9 14 2016   56.640    1.805 ds    284.1 
16:43:00  9 14 2016   58.356    1.890 ds    284.7 
16:51:03  9 14 2016   60.072    1.985 ds    283.7 
16:54:15  9 14 2016   60.756    2.026 ds    283.4 
16:57:29  9 14 2016   61.447    2.070 ds    283.9 
17:02:55  9 14 2016   62.613    2.149 ds    282.9 
17:06:11  9 14 2016   63.318    2.199 ds    282.8 
17:09:23  9 14 2016   64.009    2.252 ds    282.5 
17:12:39  9 14 2016   64.714    2.309 ds    282.9 
17:15:52  9 14 2016   65.407    2.367 ds    282.5 
17:19:05  9 14 2016   66.103    2.430 ds    283.2 
17:22:17  9 14 2016   66.797    2.495 ds    282.5 
17:30:23  9 14 2016   68.557    2.681 ds    281.8 
17:38:24  9 14 2016   70.301    2.896 ds    281.7 
17:41:36  9 14 2016   70.999    2.993 ds    280.9 
17:44:49  9 14 2016   71.699    3.096 ds    281.6 
17:50:13  9 14 2016   72.881    3.289 ds    280.8 
17:53:28  9 14 2016   73.591    3.418 ds    280.3 
17:56:40  9 14 2016   74.291    3.554 ds    280.1 
18:01:35  9 14 2016   75.366    3.786 ds    279.5 
18:04:47  9 14 2016   76.065    3.954 ds    279.8 
08:03:11  9 15 2016   74.965    3.696 ds    276.5 
08:11:09  9 15 2016   73.226    3.350 ds    277.8 
08:14:21  9 15 2016   72.528    3.229 ds    277.2 
08:17:36  9 15 2016   71.819    3.115 ds    277.0 
08:23:01  9 15 2016   70.641    2.942 ds    278.6 
08:26:13  9 15 2016   69.946    2.849 ds    276.7 
08:29:25  9 15 2016   69.250    2.762 ds    277.4 
08:34:24  9 15 2016   68.169    2.638 ds    278.1 
08:37:35  9 15 2016   67.477    2.564 ds    277.8 
08:40:48  9 15 2016   66.781    2.494 ds    278.1 
08:44:00  9 15 2016   66.090    2.429 ds    278.6 
08:51:28  9 15 2016   64.478    2.289 ds    278.5 
08:59:30  9 15 2016   62.751    2.158 ds    279.6 
09:02:42  9 15 2016   62.066    2.111 ds    279.6 
09:05:54  9 15 2016   61.382    2.066 ds    280.4 
09:14:30  9 15 2016   59.547    1.955 ds    278.6 
09:17:42  9 15 2016   58.867    1.917 ds    280.5 
09:22:42  9 15 2016   57.809    1.862 ds    280.0 
09:25:54  9 15 2016   57.132    1.829 ds    279.5 
09:29:06  9 15 2016   56.458    1.797 ds    279.5 
09:32:18  9 15 2016   55.786    1.766 ds    280.5 
09:40:24  9 15 2016   54.093    1.695 ds    280.1 
09:48:28  9 15 2016   52.420    1.631 ds    279.6 
09:51:40  9 15 2016   51.761    1.607 ds    281.7 
09:54:52  9 15 2016   51.104    1.585 ds    280.5 
10:00:15  9 15 2016   50.006    1.549 ds    280.4 
10:03:27  9 15 2016   49.357    1.529 ds    280.5 
10:06:39  9 15 2016   48.711    1.509 ds    280.7 
10:11:40  9 15 2016   47.702    1.480 ds    279.5 
10:14:52  9 15 2016   47.064    1.463 ds    278.9 
10:18:05  9 15 2016   46.427    1.446 ds    279.6 
10:21:17  9 15 2016   45.795    1.429 ds    280.4 
10:29:26  9 15 2016   44.207    1.391 ds    279.8 
10:43:49  9 15 2016   41.470    1.331 ds    278.6 
10:49:10  9 15 2016   40.475    1.312 ds    279.1 
10:52:22  9 15 2016   39.889    1.300 ds    279.1 
10:55:35  9 15 2016   39.308    1.290 ds    277.9 
11:03:49  9 15 2016   37.841    1.264 ds    278.9 
11:07:02  9 15 2016   37.283    1.254 ds    278.4 
11:10:14  9 15 2016   36.733    1.246 ds    279.9 
11:18:23  9 15 2016   35.367    1.224 ds    278.7 
11:26:20  9 15 2016   34.087    1.206 ds    281.5 
11:29:32  9 15 2016   33.588    1.199 ds    280.0 
11:32:45  9 15 2016   33.098    1.192 ds    279.5 
11:38:09  9 15 2016   32.299    1.182 ds    280.9 
11:41:22  9 15 2016   31.836    1.176 ds    280.5 
11:44:34  9 15 2016   31.388    1.170 ds    278.8 
11:49:38  9 15 2016   30.704    1.162 ds    281.2 
11:56:03  9 15 2016   29.886    1.152 ds    280.4 
12:07:26  9 15 2016   28.577    1.138 ds    280.4 
12:10:39  9 15 2016   28.243    1.134 ds    278.3 
12:13:52  9 15 2016   27.928    1.131 ds    279.8 
12:17:04  9 15 2016   27.630    1.128 ds    278.3 
12:22:27  9 15 2016   27.170    1.123 ds    279.6 
12:25:40  9 15 2016   26.922    1.121 ds    278.6 
12:28:52  9 15 2016   26.693    1.118 ds    279.6 
12:35:20  9 15 2016   26.293    1.115 ds    279.5 
12:41:44  9 15 2016   25.982    1.112 ds    277.3 
12:49:55  9 15 2016   25.710    1.109 ds    278.8 
12:53:09  9 15 2016   25.643    1.108 ds    279.6 
12:56:21  9 15 2016   25.599    1.108 ds    279.4 
12:59:33  9 15 2016   25.578    1.108 ds    279.4 
13:04:56  9 15 2016   25.595    1.108 ds    279.2 
13:11:02  9 15 2016   25.689    1.109 ds    277.9 
13:19:20  9 15 2016   25.949    1.111 ds    280.9 
13:22:32  9 15 2016   26.090    1.113 ds    278.5 
13:25:45  9 15 2016   26.252    1.114 ds    279.2 
13:28:59  9 15 2016   26.436    1.116 ds    279.5 
13:37:13  9 15 2016   27.000    1.121 ds    280.2 
13:40:27  9 15 2016   27.256    1.124 ds    280.3 
13:43:40  9 15 2016   27.530    1.127 ds    279.5 
13:46:52  9 15 2016   27.822    1.130 ds    280.4 
13:52:17  9 15 2016   28.354    1.135 ds    280.2 
13:55:29  9 15 2016   28.693    1.139 ds    281.3 
13:58:42  9 15 2016   29.048    1.143 ds    280.2 
14:01:57  9 15 2016   29.423    1.147 ds    279.3 
14:05:10  9 15 2016   29.808    1.151 ds    281.0 
14:08:23  9 15 2016   30.209    1.156 ds    279.7 
14:19:47  9 15 2016   31.738    1.174 ds    279.4 
14:27:46  9 15 2016   32.899    1.189 ds    279.7 
14:31:00  9 15 2016   33.388    1.196 ds    279.7 
14:39:39  9 15 2016   34.747    1.215 ds    279.9 
14:46:04  9 15 2016   35.798    1.231 ds    278.9 
14:51:11  9 15 2016   36.661    1.244 ds    279.7 
14:54:24  9 15 2016   37.211    1.253 ds    278.6 
14:57:36  9 15 2016   37.770    1.263 ds    279.0 
15:00:49  9 15 2016   38.336    1.272 ds    280.0 
15:09:01  9 15 2016   39.808    1.299 ds    278.8 
15:17:01  9 15 2016   41.282    1.327 ds    279.2 
15:20:14  9 15 2016   41.884    1.340 ds    279.3 
15:32:03  9 15 2016   44.140    1.389 ds    278.6 
15:35:16  9 15 2016   44.766    1.404 ds    280.2 
15:38:32  9 15 2016   45.403    1.420 ds    278.7 
15:41:45  9 15 2016   46.035    1.436 ds    279.6 
15:44:59  9 15 2016   46.674    1.452 ds    278.9 
15:48:11  9 15 2016   47.311    1.469 ds    279.7 
15:56:20  9 15 2016   48.946    1.516 ds    279.6 
16:04:26  9 15 2016   50.590    1.568 ds    279.7 
16:07:38  9 15 2016   51.247    1.590 ds    278.6 
16:10:51  9 15 2016   51.905    1.612 ds    278.1 
16:16:15  9 15 2016   53.021    1.653 ds    279.0 
16:19:27  9 15 2016   53.686    1.679 ds    279.2 
16:22:40  9 15 2016   54.356    1.705 ds    279.0 
16:25:55  9 15 2016   55.036    1.734 ds    277.9 
16:29:08  9 15 2016   55.709    1.763 ds    278.3 
16:32:22  9 15 2016   56.388    1.794 ds    279.1 
16:35:34  9 15 2016   57.062    1.825 ds    278.4 
16:43:45  9 15 2016   58.793    1.913 ds    278.6 
16:51:49  9 15 2016   60.509    2.011 ds    278.3 
16:55:01  9 15 2016   61.194    2.054 ds    278.2 
16:58:14  9 15 2016   61.881    2.098 ds    277.7 
17:03:42  9 15 2016   63.055    2.180 ds    277.8 
17:06:55  9 15 2016   63.746    2.232 ds    278.1 
17:10:07  9 15 2016   64.436    2.286 ds    276.8 
17:15:11  9 15 2016   65.531    2.378 ds    276.3 
17:18:24  9 15 2016   66.226    2.441 ds    276.1 
17:24:50  9 15 2016   67.617    2.578 ds    277.0 
17:32:55  9 15 2016   69.373    2.777 ds    276.7 
17:40:54  9 15 2016   71.112    3.009 ds    276.7 
17:44:07  9 15 2016   71.811    3.114 ds    276.5 
17:47:20  9 15 2016   72.512    3.227 ds    276.0 
17:52:48  9 15 2016   73.708    3.440 ds    276.2 
17:56:01  9 15 2016   74.410    3.578 ds    274.8 
17:59:13  9 15 2016   75.110    3.728 ds    275.5 
18:04:14  9 15 2016   76.205    3.990 ds    274.1 
08:03:39  9 16 2016   74.968    3.697 ds    273.9 
08:11:38  9 16 2016   73.228    3.351 ds    275.2 
08:14:50  9 16 2016   72.532    3.230 ds    275.2 
08:18:05  9 16 2016   71.824    3.115 ds    275.4 
08:23:30  9 16 2016   70.647    2.943 ds    275.7 
08:26:41  9 16 2016   69.952    2.850 ds    276.8 
08:29:53  9 16 2016   69.259    2.763 ds    276.5 
08:34:51  9 16 2016   68.182    2.639 ds    276.3 
08:38:03  9 16 2016   67.491    2.565 ds    275.8 
08:41:15  9 16 2016   66.799    2.496 ds    276.5 
08:44:27  9 16 2016   66.108    2.430 ds    277.0 
08:52:30  9 16 2016   64.373    2.281 ds    276.4 
09:00:32  9 16 2016   62.651    2.151 ds    277.9 
09:03:44  9 16 2016   61.966    2.104 ds    278.2 
09:06:56  9 16 2016   61.283    2.060 ds    278.6 
09:14:57  9 16 2016   59.576    1.957 ds    278.5 
09:18:09  9 16 2016   58.898    1.919 ds    277.3 
09:23:09  9 16 2016   57.843    1.864 ds    279.1 
09:26:21  9 16 2016   57.169    1.830 ds    279.7 
09:29:33  9 16 2016   56.496    1.798 ds    279.0 
09:32:45  9 16 2016   55.826    1.768 ds    279.7 
09:40:51  9 16 2016   54.137    1.697 ds    280.4 
09:48:55  9 16 2016   52.471    1.633 ds    280.8 
09:52:07  9 16 2016   51.814    1.609 ds    280.8 
09:55:19  9 16 2016   51.160    1.587 ds    280.4 
10:00:42  9 16 2016   50.066    1.551 ds    280.8 
10:03:54  9 16 2016   49.419    1.531 ds    281.2 
10:07:06  9 16 2016   48.776    1.511 ds    281.0 
10:12:08  9 16 2016   47.770    1.482 ds    281.1 
10:15:20  9 16 2016   47.134    1.465 ds    281.8 
10:18:32  9 16 2016   46.503    1.448 ds    281.4 
10:21:44  9 16 2016   45.874    1.431 ds    280.0 
10:37:52  9 16 2016   42.774    1.359 ds    282.7 
10:44:16  9 16 2016   41.576    1.333 ds    282.2 
10:49:37  9 16 2016   40.588    1.314 ds    282.5 
10:52:50  9 16 2016   40.005    1.303 ds    282.7 
10:56:02  9 16 2016   39.429    1.292 ds    282.2 
11:04:18  9 16 2016   37.971    1.266 ds    284.9 
11:07:30  9 16 2016   37.418    1.257 ds    282.5 
11:10:42  9 16 2016   36.874    1.248 ds    283.1 
11:18:52  9 16 2016   35.522    1.227 ds    282.3 
11:26:49  9 16 2016   34.256    1.208 ds    284.3 
11:30:02  9 16 2016   33.763    1.201 ds    283.4 
11:33:14  9 16 2016   33.281    1.195 ds    284.0 
11:38:37  9 16 2016   32.493    1.184 ds    282.5 
11:41:49  9 16 2016   32.040    1.178 ds    281.1 
11:45:01  9 16 2016   31.599    1.173 ds    281.9 
11:48:16  9 16 2016   31.164    1.167 ds    281.6 
11:51:28  9 16 2016   30.749    1.162 ds    281.3 
11:54:41  9 16 2016   30.346    1.157 ds    281.8 
11:57:53  9 16 2016   29.958    1.153 ds    281.8 
12:06:03  9 16 2016   29.035    1.143 ds    282.8 
12:09:17  9 16 2016   28.699    1.139 ds    280.7 
12:12:29  9 16 2016   28.382    1.136 ds    283.0 
12:21:04  9 16 2016   27.618    1.128 ds    281.1 
12:24:16  9 16 2016   27.367    1.125 ds    283.4 
12:27:28  9 16 2016   27.135    1.123 ds    282.3 
12:30:43  9 16 2016   26.920    1.121 ds    281.5 
12:33:55  9 16 2016   26.728    1.119 ds    282.2 
12:48:32  9 16 2016   26.120    1.113 ds    280.1 
12:51:45  9 16 2016   26.047    1.112 ds    281.1 
12:58:09  9 16 2016   25.968    1.111 ds    282.1 
13:03:32  9 16 2016   25.972    1.111 ds    280.8 
13:06:45  9 16 2016   26.004    1.112 ds    281.1 
13:09:57  9 16 2016   26.058    1.112 ds    281.8 
13:18:16  9 16 2016   26.303    1.115 ds    281.0 
13:21:28  9 16 2016   26.436    1.116 ds    280.3 
13:24:40  9 16 2016   26.590    1.117 ds    282.7 
13:32:51  9 16 2016   27.080    1.122 ds    281.3 
13:36:04  9 16 2016   27.309    1.124 ds    283.1 
13:39:17  9 16 2016   27.555    1.127 ds    280.9 
13:42:29  9 16 2016   27.821    1.130 ds    280.7 
13:47:53  9 16 2016   28.309    1.135 ds    280.8 
13:51:05  9 16 2016   28.622    1.138 ds    280.3 
13:54:17  9 16 2016   28.952    1.142 ds    281.7 
13:59:23  9 16 2016   29.509    1.148 ds    281.0 
14:02:35  9 16 2016   29.880    1.152 ds    281.1 
14:05:47  9 16 2016   30.264    1.157 ds    281.5 
14:08:59  9 16 2016   30.664    1.161 ds    281.7 
14:17:10  9 16 2016   31.743    1.174 ds    279.9 
14:25:07  9 16 2016   32.871    1.189 ds    282.1 
14:28:19  9 16 2016   33.345    1.195 ds    281.1 
14:31:31  9 16 2016   33.829    1.202 ds    282.5 
14:36:55  9 16 2016   34.666    1.214 ds    281.0 
14:43:20  9 16 2016   35.696    1.229 ds    280.3 
14:48:24  9 16 2016   36.534    1.242 ds    279.2 
14:51:36  9 16 2016   37.074    1.251 ds    281.9 
14:54:48  9 16 2016   37.622    1.260 ds    281.3 
14:58:00  9 16 2016   38.177    1.270 ds    280.2 
15:06:09  9 16 2016   39.621    1.295 ds    282.0 
15:14:07  9 16 2016   41.071    1.323 ds    282.1 
15:17:19  9 16 2016   41.664    1.335 ds    281.9 
15:20:31  9 16 2016   42.261    1.348 ds    280.2 
15:25:54  9 16 2016   43.275    1.370 ds    281.7 
15:29:06  9 16 2016   43.886    1.383 ds    280.1 
15:32:18  9 16 2016   44.501    1.398 ds    280.9 
15:35:32  9 16 2016   45.128    1.413 ds    279.6 
15:38:44  9 16 2016   45.752    1.428 ds    280.8 
15:41:56  9 16 2016   46.380    1.444 ds    281.0 
15:45:08  9 16 2016   47.011    1.461 ds    280.6 
16:01:19  9 16 2016   50.255    1.557 ds    281.4 
16:04:31  9 16 2016   50.905    1.578 ds    280.0 
16:07:44  9 16 2016   51.559    1.600 ds    279.6 
16:13:07  9 16 2016   52.667    1.640 ds    279.7 
16:16:19  9 16 2016   53.327    1.665 ds    279.5 
16:19:32  9 16 2016   53.994    1.691 ds    278.8 
16:24:34  9 16 2016   55.039    1.734 ds    280.4 
16:27:46  9 16 2016   55.707    1.763 ds    280.4 
16:30:58  9 16 2016   56.378    1.793 ds    280.5 
16:34:10  9 16 2016   57.050    1.825 ds    278.8 
16:42:16  9 16 2016   58.760    1.912 ds    279.1 
16:50:18  9 16 2016   60.464    2.009 ds    279.8 
16:53:30  9 16 2016   61.145    2.051 ds    279.6 
16:56:42  9 16 2016   61.830    2.095 ds    278.7 
17:02:10  9 16 2016   63.000    2.176 ds    278.4 
17:05:23  9 16 2016   63.688    2.227 ds    278.6 
17:08:35  9 16 2016   64.378    2.281 ds    278.6 
17:13:34  9 16 2016   65.453    2.371 ds    278.3 
17:16:46  9 16 2016   66.143    2.433 ds    278.5 
17:19:58  9 16 2016   66.833    2.499 ds    277.7 
17:23:10  9 16 2016   67.524    2.569 ds    278.0 
17:31:13  9 16 2016   69.272    2.765 ds    278.0 
17:39:13  9 16 2016   71.011    2.994 ds    276.9 
17:42:25  9 16 2016   71.707    3.097 ds    276.6 
17:45:37  9 16 2016   72.403    3.208 ds    277.2 
17:51:01  9 16 2016   73.582    3.416 ds    275.8 
17:54:17  9 16 2016   74.294    3.555 ds    276.0 
17:57:29  9 16 2016   74.992    3.702 ds    275.9 
18:02:26  9 16 2016   76.075    3.957 ds    275.1 
08:05:44  9 17 2016   74.623    3.623 ds    265.1 
08:13:41  9 17 2016   72.890    3.291 ds    264.7 
08:16:53  9 17 2016   72.196    3.174 ds    266.0 
08:20:04  9 17 2016   71.502    3.066 ds    265.2 
08:25:26  9 17 2016   70.335    2.900 ds    265.9 
08:28:38  9 17 2016   69.642    2.810 ds    266.6 
08:31:50  9 17 2016   68.948    2.726 ds    265.1 
08:36:45  9 17 2016   67.883    2.607 ds    266.1 
08:39:57  9 17 2016   67.194    2.535 ds    266.7 
08:46:25  9 17 2016   65.801    2.402 ds    268.7 
09:02:24  9 17 2016   62.372    2.132 ds    271.6 
09:05:36  9 17 2016   61.691    2.086 ds    271.5 
09:08:51  9 17 2016   60.999    2.042 ds    272.1 
09:14:14  9 17 2016   59.857    1.973 ds    272.6 
09:17:26  9 17 2016   59.180    1.935 ds    275.0 
09:20:38  9 17 2016   58.504    1.898 ds    273.9 
09:25:38  9 17 2016   57.451    1.844 ds    274.4 
09:28:50  9 17 2016   56.781    1.812 ds    274.0 
09:32:02  9 17 2016   56.112    1.781 ds    275.5 
09:35:14  9 17 2016   55.445    1.751 ds    275.2 
09:43:19  9 17 2016   53.771    1.682 ds    274.5 
09:51:19  9 17 2016   52.128    1.620 ds    276.2 
09:54:31  9 17 2016   51.475    1.597 ds    275.8 
09:57:43  9 17 2016   50.825    1.575 ds    275.4 
10:03:08  9 17 2016   49.731    1.540 ds    277.6 
10:06:20  9 17 2016   49.087    1.520 ds    277.2 
10:14:35  9 17 2016   47.449    1.473 ds    277.6 
10:17:47  9 17 2016   46.819    1.456 ds    278.5 
10:20:59  9 17 2016   46.191    1.440 ds    279.0 
10:24:11  9 17 2016   45.569    1.424 ds    278.5 
10:32:20  9 17 2016   44.004    1.386 ds    278.8 
10:40:19  9 17 2016   42.501    1.353 ds    280.5 
10:43:32  9 17 2016   41.904    1.340 ds    281.6 
10:46:44  9 17 2016   41.315    1.328 ds    280.5 
10:52:05  9 17 2016   40.342    1.309 ds    280.8 
10:55:17  9 17 2016   39.768    1.298 ds    280.0 
10:58:30  9 17 2016   39.199    1.288 ds    278.4 
11:03:33  9 17 2016   38.317    1.272 ds    282.1 
11:06:45  9 17 2016   37.768    1.263 ds    280.9 
11:09:57  9 17 2016   37.226    1.254 ds    280.5 
11:13:09  9 17 2016   36.691    1.245 ds    280.3 
11:21:18  9 17 2016   35.368    1.224 ds    279.3 
11:29:16  9 17 2016   34.131    1.206 ds    279.4 
11:32:28  9 17 2016   33.651    1.200 ds    279.4 
11:35:40  9 17 2016   33.182    1.193 ds    279.6 
11:41:04  9 17 2016   32.416    1.183 ds    278.7 
11:44:16  9 17 2016   31.977    1.177 ds    277.1 
11:47:28  9 17 2016   31.551    1.172 ds    278.6 
11:52:35  9 17 2016   30.897    1.164 ds    280.5 
11:55:47  9 17 2016   30.505    1.159 ds    278.5 
11:58:59  9 17 2016   30.127    1.155 ds    279.0 
12:20:01  9 17 2016   28.039    1.132 ds    279.1 
12:25:24  9 17 2016   27.626    1.128 ds    277.4 
12:28:36  9 17 2016   27.406    1.125 ds    279.2 
12:40:01  9 17 2016   26.785    1.119 ds    280.9 
12:43:13  9 17 2016   26.658    1.118 ds    278.3 
12:46:26  9 17 2016   26.552    1.117 ds    279.3 
12:49:38  9 17 2016   26.468    1.116 ds    277.9 
12:57:49  9 17 2016   26.354    1.115 ds    278.9 
13:01:02  9 17 2016   26.348    1.115 ds    278.7 
13:04:15  9 17 2016   26.366    1.115 ds    279.5 
13:07:27  9 17 2016   26.405    1.116 ds    278.4 
13:12:50  9 17 2016   26.520    1.117 ds    279.2 
13:16:02  9 17 2016   26.617    1.118 ds    278.9 
13:24:20  9 17 2016   26.970    1.121 ds    278.5 
13:30:45  9 17 2016   27.338    1.125 ds    278.6 
13:42:08  9 17 2016   28.184    1.133 ds    277.9 
13:51:46  9 17 2016   29.080    1.143 ds    278.1 
13:57:09  9 17 2016   29.647    1.149 ds    277.8 
14:00:21  9 17 2016   30.005    1.153 ds    278.0 
14:03:34  9 17 2016   30.378    1.158 ds    279.2 
14:08:38  9 17 2016   30.997    1.165 ds    277.0 
14:11:50  9 17 2016   31.406    1.170 ds    278.1 
14:15:02  9 17 2016   31.828    1.176 ds    280.5 
14:18:14  9 17 2016   32.263    1.181 ds    277.8 
14:26:24  9 17 2016   33.423    1.196 ds    277.6 
14:34:22  9 17 2016   34.624    1.213 ds    280.3 
14:40:46  9 17 2016   35.634    1.228 ds    278.1 
14:46:08  9 17 2016   36.506    1.242 ds    276.8 
14:49:20  9 17 2016   37.038    1.250 ds    278.0 
14:52:32  9 17 2016   37.578    1.259 ds    275.4 
14:55:47  9 17 2016   38.133    1.269 ds    276.2 
15:02:12  9 17 2016   39.251    1.289 ds    275.0 
15:05:24  9 17 2016   39.819    1.299 ds    276.1 
15:13:32  9 17 2016   41.291    1.328 ds    276.2 
15:21:31  9 17 2016   42.769    1.358 ds    276.9 
15:24:43  9 17 2016   43.371    1.372 ds    277.4 
15:27:55  9 17 2016   43.978    1.385 ds    276.6 
15:33:17  9 17 2016   45.007    1.410 ds    277.5 
15:36:29  9 17 2016   45.625    1.425 ds    276.3 
15:39:41  9 17 2016   46.249    1.441 ds    275.4 
15:42:56  9 17 2016   46.883    1.458 ds    277.0 
15:46:08  9 17 2016   47.514    1.475 ds    277.6 
15:49:20  9 17 2016   48.148    1.493 ds    276.8 
15:52:32  9 17 2016   48.785    1.511 ds    275.8 
16:00:39  9 17 2016   50.417    1.562 ds    276.6 
16:08:43  9 17 2016   52.057    1.618 ds    276.2 
16:11:55  9 17 2016   52.712    1.642 ds    276.0 
16:15:07  9 17 2016   53.370    1.666 ds    276.9 
16:20:31  9 17 2016   54.484    1.711 ds    276.0 
16:23:42  9 17 2016   55.148    1.738 ds    276.0 
16:26:55  9 17 2016   55.814    1.768 ds    276.4 
16:31:55  9 17 2016   56.863    1.816 ds    275.4 
16:35:08  9 17 2016   57.534    1.848 ds    275.8 
16:38:21  9 17 2016   58.214    1.883 ds    275.5 
16:41:33  9 17 2016   58.888    1.919 ds    276.2 
16:49:38  9 17 2016   60.602    2.017 ds    274.8 
16:57:41  9 17 2016   62.315    2.128 ds    276.0 
17:00:53  9 17 2016   62.999    2.176 ds    275.2 
17:04:05  9 17 2016   63.683    2.227 ds    275.3 
17:09:29  9 17 2016   64.842    2.319 ds    275.8 
17:12:41  9 17 2016   65.531    2.378 ds    275.5 
17:15:53  9 17 2016   66.222    2.441 ds    274.5 
17:20:51  9 17 2016   67.294    2.545 ds    274.7 
17:24:03  9 17 2016   67.985    2.617 ds    274.8 
17:27:15  9 17 2016   68.677    2.695 ds    274.7 
17:30:26  9 17 2016   69.370    2.777 ds    276.1 
17:38:28  9 17 2016   71.114    3.009 ds    273.9 
17:46:28  9 17 2016   72.854    3.285 ds    274.4 
17:49:43  9 17 2016   73.561    3.412 ds    274.0 
17:52:54  9 17 2016   74.257    3.547 ds    273.1 
17:58:18  9 17 2016   75.435    3.803 ds    271.7 
18:01:30  9 17 2016   76.133    3.972 ds    271.8 
08:04:40  9 18 2016   74.962    3.696 ds    271.1 
08:12:39  9 18 2016   73.226    3.351 ds    272.0 
08:15:51  9 18 2016   72.530    3.229 ds    271.7 
08:19:07  9 18 2016   71.818    3.115 ds    273.3 
08:24:32  9 18 2016   70.643    2.942 ds    272.8 
08:27:45  9 18 2016   69.948    2.850 ds    272.5 
08:30:58  9 18 2016   69.251    2.762 ds    273.8 
08:36:01  9 18 2016   68.160    2.636 ds    273.3 
08:39:13  9 18 2016   67.470    2.563 ds    273.3 
08:42:25  9 18 2016   66.778    2.493 ds    274.6 
08:45:38  9 18 2016   66.088    2.428 ds    274.1 
08:53:44  9 18 2016   64.349    2.279 ds    273.9 
09:01:43  9 18 2016   62.642    2.151 ds    275.2 
09:04:59  9 18 2016   61.948    2.103 ds    273.5 
09:08:11  9 18 2016   61.265    2.058 ds    274.7 
09:13:36  9 18 2016   60.117    1.988 ds    274.6 
09:16:48  9 18 2016   59.442    1.949 ds    275.0 
09:20:01  9 18 2016   58.766    1.912 ds    274.5 
09:25:03  9 18 2016   57.707    1.857 ds    274.9 
09:28:16  9 18 2016   57.036    1.824 ds    274.3 
09:31:29  9 18 2016   56.365    1.793 ds    275.3 
09:34:41  9 18 2016   55.700    1.763 ds    275.9 
09:42:47  9 18 2016   54.026    1.692 ds    276.1 
09:50:48  9 18 2016   52.382    1.629 ds    276.2 
09:54:00  9 18 2016   51.732    1.606 ds    274.9 
09:57:12  9 18 2016   51.082    1.584 ds    276.3 
10:02:35  9 18 2016   49.998    1.549 ds    276.2 
10:05:47  9 18 2016   49.359    1.529 ds    275.3 
10:08:59  9 18 2016   48.721    1.509 ds    277.6 
10:14:02  9 18 2016   47.724    1.481 ds    276.5 
10:17:14  9 18 2016   47.095    1.463 ds    275.0 
10:20:27  9 18 2016   46.470    1.447 ds    275.6 
10:23:39  9 18 2016   45.849    1.431 ds    274.9 
10:39:46  9 18 2016   42.795    1.359 ds    275.6 
10:42:58  9 18 2016   42.204    1.346 ds    274.7 
10:46:10  9 18 2016   41.617    1.334 ds    275.6 
11:44:14  9 18 2016   32.259    1.181 ds    277.3 
11:52:45  9 18 2016   31.168    1.167 ds    276.8 
12:17:05  9 18 2016   28.620    1.138 ds    275.2 
12:28:52  9 18 2016   27.741    1.129 ds    276.7 
12:37:11  9 18 2016   27.278    1.124 ds    277.7 
12:40:24  9 18 2016   27.136    1.123 ds    275.2 
12:43:37  9 18 2016   27.015    1.122 ds    274.1 
13:05:57  9 18 2016   26.775    1.119 ds    275.9 
13:11:21  9 18 2016   26.876    1.120 ds    275.1 
13:14:33  9 18 2016   26.965    1.121 ds    276.2 
13:21:01  9 18 2016   27.208    1.123 ds    275.1 
13:24:13  9 18 2016   27.362    1.125 ds    275.9 
13:27:25  9 18 2016   27.535    1.127 ds    274.5 
13:30:38  9 18 2016   27.728    1.129 ds    275.4 
13:38:48  9 18 2016   28.308    1.135 ds    275.0 
13:45:14  9 18 2016   28.848    1.141 ds    277.0 
13:48:26  9 18 2016   29.145    1.144 ds    276.9 
13:53:49  9 18 2016   29.681    1.150 ds    275.0 
13:57:02  9 18 2016   30.021    1.154 ds    274.7 
14:00:14  9 18 2016   30.376    1.158 ds    275.1 
14:05:19  9 18 2016   30.971    1.165 ds    274.8 
14:08:32  9 18 2016   31.365    1.170 ds    275.2 
14:11:44  9 18 2016   31.772    1.175 ds    275.5 
14:14:57  9 18 2016   32.192    1.180 ds    275.2 
14:23:07  9 18 2016   33.317    1.195 ds    275.9 
14:31:05  9 18 2016   34.484    1.211 ds    276.4 
14:34:17  9 18 2016   34.971    1.218 ds    274.8 
14:37:29  9 18 2016   35.469    1.226 ds    275.9 
14:46:03  9 18 2016   36.842    1.247 ds    269.4 
15:08:07  9 18 2016   40.640    1.315 ds    274.0 
15:32:47  9 18 2016   45.227    1.415 ds    274.4 
15:36:00  9 18 2016   45.844    1.431 ds    273.9 
15:41:02  9 18 2016   46.824    1.456 ds    273.2 
15:44:18  9 18 2016   47.462    1.474 ds    272.4 
15:47:33  9 18 2016   48.103    1.491 ds    272.4 
15:50:45  9 18 2016   48.736    1.510 ds    272.2 
15:58:53  9 18 2016   50.361    1.560 ds    271.4 
16:07:00  9 18 2016   52.003    1.616 ds    272.0 
16:13:31  9 18 2016   53.336    1.665 ds    271.5 
16:18:57  9 18 2016   54.453    1.709 ds    272.2 
16:25:22  9 18 2016   55.780    1.766 ds    272.4 
16:30:26  9 18 2016   56.839    1.815 ds    272.2 
16:33:42  9 18 2016   57.522    1.848 ds    271.8 
16:36:54  9 18 2016   58.193    1.882 ds    273.3 
16:40:07  9 18 2016   58.869    1.918 ds    271.7 
16:48:17  9 18 2016   60.595    2.016 ds    272.1 
16:56:16  9 18 2016   62.291    2.126 ds    272.3 
16:59:28  9 18 2016   62.972    2.174 ds    271.4 
17:02:40  9 18 2016   63.655    2.225 ds    271.3 
17:08:03  9 18 2016   64.811    2.316 ds    271.7 
17:11:15  9 18 2016   65.497    2.375 ds    271.3 
17:14:27  9 18 2016   66.186    2.437 ds    269.9 
17:19:25  9 18 2016   67.255    2.541 ds    270.4 
17:22:37  9 18 2016   67.945    2.613 ds    270.9 
17:25:49  9 18 2016   68.637    2.690 ds    271.0 
17:29:01  9 18 2016   69.329    2.772 ds    270.2 
17:37:03  9 18 2016   71.073    3.003 ds    270.3 
17:47:33  9 18 2016   73.357    3.374 ds    269.7 
17:50:45  9 18 2016   74.054    3.506 ds    269.5 
17:53:57  9 18 2016   74.750    3.649 ds    269.0 
17:57:09  9 18 2016   75.447    3.805 ds    269.4 
18:00:21  9 18 2016   76.145    3.975 ds    268.4 
08:05:15  9 19 2016   74.946    3.692 ds    265.7 
08:13:14  9 19 2016   73.208    3.347 ds    265.6 
08:16:27  9 19 2016   72.512    3.226 ds    266.3 
08:19:39  9 19 2016   71.817    3.114 ds    267.1 
08:25:06  9 19 2016   70.633    2.941 ds    267.7 
08:28:19  9 19 2016   69.939    2.849 ds    267.4 
08:31:31  9 19 2016   69.246    2.762 ds    266.8 
08:36:36  9 19 2016   68.151    2.635 ds    267.9 
08:39:48  9 19 2016   67.461    2.562 ds    266.9 
08:43:00  9 19 2016   66.772    2.493 ds    267.2 
08:46:12  9 19 2016   66.084    2.428 ds    265.8 
08:54:18  9 19 2016   64.351    2.279 ds    266.8 
09:02:20  9 19 2016   62.635    2.150 ds    267.6 
09:05:36  9 19 2016   61.943    2.103 ds    266.5 
09:08:52  9 19 2016   61.252    2.058 ds    267.4 
09:14:17  9 19 2016   60.105    1.987 ds    266.7 
09:17:29  9 19 2016   59.430    1.948 ds    267.8 
09:20:42  9 19 2016   58.757    1.911 ds    267.8 
09:25:45  9 19 2016   57.697    1.857 ds    268.2 
09:28:58  9 19 2016   57.029    1.824 ds    267.8 
09:32:10  9 19 2016   56.361    1.792 ds    267.6 
09:35:23  9 19 2016   55.695    1.762 ds    268.0 
09:43:31  9 19 2016   54.020    1.692 ds    267.7 
09:51:37  9 19 2016   52.367    1.629 ds    267.8 
09:54:50  9 19 2016   51.716    1.606 ds    268.3 
09:58:02  9 19 2016   51.071    1.584 ds    268.6 
10:03:26  9 19 2016   49.988    1.548 ds    267.7 
10:06:38  9 19 2016   49.352    1.528 ds    267.9 
10:09:51  9 19 2016   48.717    1.509 ds    268.7 
10:14:58  9 19 2016   47.711    1.480 ds    267.3 
10:18:11  9 19 2016   47.085    1.463 ds    266.3 
10:21:24  9 19 2016   46.462    1.447 ds    266.2 
10:32:45  9 19 2016   44.295    1.393 ds    267.1 
10:40:45  9 19 2016   42.806    1.359 ds    268.3 
10:43:58  9 19 2016   42.216    1.347 ds    267.5 
10:47:11  9 19 2016   41.632    1.335 ds    269.6 
10:52:33  9 19 2016   40.669    1.315 ds    270.1 
10:55:46  9 19 2016   40.104    1.304 ds    268.9 
10:58:59  9 19 2016   39.542    1.294 ds    268.9 
11:04:08  9 19 2016   38.657    1.278 ds    269.0 
11:07:21  9 19 2016   38.116    1.269 ds    270.4 
11:10:34  9 19 2016   37.582    1.259 ds    268.7 
11:21:57  9 19 2016   35.756    1.230 ds    270.2 
11:29:55  9 19 2016   34.546    1.212 ds    269.4 
11:33:09  9 19 2016   34.075    1.205 ds    270.1 
11:36:21  9 19 2016   33.617    1.199 ds    269.3 
11:44:58  9 19 2016   32.445    1.183 ds    268.3 
11:48:10  9 19 2016   32.031    1.178 ds    269.5 
11:53:16  9 19 2016   31.401    1.170 ds    270.9 
11:56:28  9 19 2016   31.022    1.166 ds    271.7 
11:59:41  9 19 2016   30.657    1.161 ds    270.5 
12:02:54  9 19 2016   30.307    1.157 ds    271.2 
12:11:05  9 19 2016   29.486    1.148 ds    269.8 
12:14:20  9 19 2016   29.190    1.144 ds    271.0 
12:17:33  9 19 2016   28.915    1.141 ds    271.3 
12:20:46  9 19 2016   28.658    1.138 ds    271.7 
12:26:11  9 19 2016   28.267    1.134 ds    271.6 
12:29:25  9 19 2016   28.059    1.132 ds    269.4 
12:32:37  9 19 2016   27.873    1.130 ds    271.3 
12:37:45  9 19 2016   27.616    1.128 ds    271.2 
12:47:24  9 19 2016   27.276    1.124 ds    270.3 
12:58:49  9 19 2016   27.124    1.123 ds    270.2 
13:02:01  9 19 2016   27.130    1.123 ds    273.2 
13:05:14  9 19 2016   27.158    1.123 ds    270.9 
13:10:39  9 19 2016   27.254    1.124 ds    272.5 
13:13:53  9 19 2016   27.340    1.125 ds    270.5 
13:17:06  9 19 2016   27.448    1.126 ds    272.5 
13:22:15  9 19 2016   27.663    1.128 ds    271.9 
13:25:27  9 19 2016   27.824    1.130 ds    271.3 
13:28:40  9 19 2016   28.005    1.132 ds    271.3 
13:31:52  9 19 2016   28.205    1.134 ds    271.6 
13:43:16  9 19 2016   29.072    1.143 ds    270.4 
13:46:28  9 19 2016   29.356    1.146 ds    270.6 
13:49:41  9 19 2016   29.657    1.150 ds    271.8 
13:55:04  9 19 2016   30.201    1.156 ds    271.1 
13:58:16  9 19 2016   30.545    1.160 ds    269.7 
14:01:29  9 19 2016   30.904    1.164 ds    271.6 
14:04:43  9 19 2016   31.283    1.169 ds    271.1 
14:07:56  9 19 2016   31.671    1.174 ds    272.2 
14:14:20  9 19 2016   32.488    1.184 ds    271.3 
14:22:30  9 19 2016   33.600    1.199 ds    271.7 
14:30:27  9 19 2016   34.755    1.215 ds    273.6 
14:33:39  9 19 2016   35.238    1.222 ds    270.2 
14:36:51  9 19 2016   35.730    1.230 ds    270.2 
14:42:13  9 19 2016   36.575    1.243 ds    269.9 
14:48:37  9 19 2016   37.617    1.260 ds    270.7 
14:56:54  9 19 2016   39.011    1.284 ds    270.9 
15:00:06  9 19 2016   39.563    1.294 ds    271.5 
15:03:18  9 19 2016   40.123    1.305 ds    270.0 
15:11:28  9 19 2016   41.576    1.333 ds    271.0 
15:19:26  9 19 2016   43.033    1.364 ds    270.7 
15:22:38  9 19 2016   43.628    1.377 ds    270.3 
15:25:50  9 19 2016   44.228    1.391 ds    269.4 
15:31:12  9 19 2016   45.244    1.416 ds    269.8 
15:34:25  9 19 2016   45.856    1.431 ds    270.3 
15:40:05  9 19 2016   46.952    1.460 ds    270.6 
15:43:17  9 19 2016   47.575    1.477 ds    269.3 
15:49:42  9 19 2016   48.835    1.513 ds    270.8 
15:57:49  9 19 2016   50.449    1.563 ds    269.3 
16:05:54  9 19 2016   52.077    1.619 ds    268.5 
16:09:06  9 19 2016   52.727    1.642 ds    269.8 
16:12:17  9 19 2016   53.379    1.667 ds    268.6 
16:17:41  9 19 2016   54.484    1.711 ds    269.5 
16:20:53  9 19 2016   55.144    1.738 ds    269.6 
16:24:05  9 19 2016   55.806    1.767 ds    269.9 
16:29:07  9 19 2016   56.850    1.815 ds    269.4 
16:32:19  9 19 2016   57.518    1.848 ds    269.4 
16:35:31  9 19 2016   58.187    1.881 ds    268.4 
16:38:43  9 19 2016   58.858    1.917 ds    268.5 
16:46:50  9 19 2016   60.568    2.015 ds    268.2 
16:54:53  9 19 2016   62.275    2.125 ds    269.3 
17:01:17  9 19 2016   63.636    2.223 ds    268.4 
17:06:40  9 19 2016   64.790    2.315 ds    268.1 
17:09:52  9 19 2016   65.476    2.373 ds    269.3 
17:13:05  9 19 2016   66.164    2.435 ds    268.6 
17:18:04  9 19 2016   67.238    2.539 ds    268.2 
17:21:16  9 19 2016   67.928    2.611 ds    268.3 
17:24:28  9 19 2016   68.619    2.688 ds    268.3 
17:27:40  9 19 2016   69.310    2.770 ds    268.2 
17:35:43  9 19 2016   71.052    3.000 ds    268.2 
17:43:42  9 19 2016   72.787    3.273 ds    267.4 
17:46:58  9 19 2016   73.494    3.399 ds    267.4 
17:50:09  9 19 2016   74.190    3.534 ds    266.6 
17:55:33  9 19 2016   75.365    3.786 ds    266.0 
17:58:45  9 19 2016   76.062    3.954 ds    265.5 
08:05:37  9 20 2016   74.974    3.698 ds    262.7 
08:13:36  9 20 2016   73.243    3.354 ds    262.4 
08:16:48  9 20 2016   72.549    3.233 ds    263.1 
08:20:03  9 20 2016   71.845    3.119 ds    263.8 
08:25:27  9 20 2016   70.673    2.947 ds    263.6 
08:28:39  9 20 2016   69.982    2.854 ds    264.1 
08:31:52  9 20 2016   69.290    2.767 ds    264.0 
08:36:49  9 20 2016   68.222    2.643 ds    264.4 
08:40:01  9 20 2016   67.534    2.570 ds    263.8 
08:43:13  9 20 2016   66.847    2.500 ds    264.4 
08:46:25  9 20 2016   66.161    2.435 ds    263.3 
08:54:28  9 20 2016   64.439    2.286 ds    263.7 
09:02:31  9 20 2016   62.727    2.157 ds    264.1 
09:05:43  9 20 2016   62.046    2.110 ds    265.3 
09:08:55  9 20 2016   61.368    2.065 ds    263.8 
09:14:22  9 20 2016   60.222    1.994 ds    264.0 
09:17:34  9 20 2016   59.547    1.955 ds    265.0 
09:20:47  9 20 2016   58.875    1.918 ds    265.1 
09:25:59  9 20 2016   57.789    1.861 ds    264.9 
09:29:11  9 20 2016   57.123    1.828 ds    264.7 
09:32:23  9 20 2016   56.458    1.797 ds    264.3 
09:43:46  9 20 2016   54.118    1.696 ds    265.0 
09:51:50  9 20 2016   52.478    1.633 ds    264.6 
09:55:02  9 20 2016   51.831    1.610 ds    265.3 
09:58:15  9 20 2016   51.187    1.588 ds    264.6 
10:03:40  9 20 2016   50.107    1.552 ds    265.1 
10:06:52  9 20 2016   49.472    1.532 ds    265.2 
10:10:05  9 20 2016   48.840    1.513 ds    265.6 
10:15:22  9 20 2016   47.806    1.483 ds    263.6 
10:18:37  9 20 2016   47.175    1.466 ds    265.2 
10:21:49  9 20 2016   46.557    1.449 ds    265.4 
10:25:01  9 20 2016   45.945    1.433 ds    266.2 
10:33:09  9 20 2016   44.410    1.396 ds    264.7 
10:41:09  9 20 2016   42.931    1.362 ds    266.1 
10:44:21  9 20 2016   42.347    1.349 ds    265.8 
10:47:34  9 20 2016   41.768    1.337 ds    267.1 
10:52:59  9 20 2016   40.805    1.318 ds    265.4 
10:56:12  9 20 2016   40.243    1.307 ds    265.2 
10:59:24  9 20 2016   39.689    1.297 ds    266.4 
11:04:32  9 20 2016   38.815    1.281 ds    265.3 
11:07:44  9 20 2016   38.280    1.271 ds    266.6 
11:10:57  9 20 2016   37.751    1.262 ds    263.4 
11:14:10  9 20 2016   37.230    1.254 ds    266.7 
11:22:20  9 20 2016   35.945    1.233 ds    265.8 
11:30:19  9 20 2016   34.749    1.215 ds    265.7 
11:33:34  9 20 2016   34.281    1.208 ds    267.0 
11:36:46  9 20 2016   33.829    1.202 ds    267.0 
11:42:11  9 20 2016   33.094    1.192 ds    265.6 
11:45:23  9 20 2016   32.674    1.186 ds    266.7 
11:56:56  9 20 2016   31.273    1.169 ds    267.9 
12:03:21  9 20 2016   30.574    1.160 ds    266.7 
12:11:31  9 20 2016   29.774    1.151 ds    267.1 
12:14:44  9 20 2016   29.487    1.148 ds    267.8 
12:17:57  9 20 2016   29.220    1.145 ds    266.8 
12:21:09  9 20 2016   28.971    1.142 ds    267.4 
12:26:34  9 20 2016   28.591    1.138 ds    266.6 
12:29:47  9 20 2016   28.391    1.136 ds    266.9 
12:33:00  9 20 2016   28.211    1.134 ds    266.9 
12:41:22  9 20 2016   27.836    1.130 ds    267.2 
12:44:35  9 20 2016   27.730    1.129 ds    267.0 
12:47:48  9 20 2016   27.643    1.128 ds    267.0 
13:01:52  9 20 2016   27.519    1.127 ds    267.6 
13:05:05  9 20 2016   27.548    1.127 ds    267.2 
13:10:30  9 20 2016   27.644    1.128 ds    266.5 
13:13:43  9 20 2016   27.731    1.129 ds    266.9 
13:16:57  9 20 2016   27.838    1.130 ds    269.3 
13:20:13  9 20 2016   27.969    1.131 ds    267.5 
13:23:26  9 20 2016   28.118    1.133 ds    267.9 
13:26:39  9 20 2016   28.287    1.135 ds    268.5 
13:29:52  9 20 2016   28.476    1.137 ds    268.2 
13:38:04  9 20 2016   29.043    1.143 ds    267.8 
13:41:18  9 20 2016   29.300    1.146 ds    267.8 
13:44:30  9 20 2016   29.572    1.149 ds    268.2 
13:47:42  9 20 2016   29.862    1.152 ds    268.2 
13:53:06  9 20 2016   30.388    1.158 ds    270.0 
13:56:19  9 20 2016   30.722    1.162 ds    268.4 
14:04:41  9 20 2016   31.661    1.173 ds    269.9 
14:11:08  9 20 2016   32.453    1.184 ds    267.6 
14:14:20  9 20 2016   32.865    1.189 ds    270.7 
14:22:32  9 20 2016   33.977    1.204 ds    269.9 
14:30:31  9 20 2016   35.130    1.221 ds    269.2 
14:33:44  9 20 2016   35.611    1.228 ds    269.9 
14:36:56  9 20 2016   36.102    1.236 ds    269.5 
14:42:21  9 20 2016   36.952    1.249 ds    269.8 
14:45:34  9 20 2016   37.469    1.258 ds    270.3 
14:48:47  9 20 2016   37.993    1.266 ds    267.8 
14:52:02  9 20 2016   38.533    1.276 ds    268.6 
14:55:15  9 20 2016   39.073    1.285 ds    270.0 
15:01:40  9 20 2016   40.176    1.306 ds    269.4 
15:09:50  9 20 2016   41.615    1.334 ds    269.8 
15:17:51  9 20 2016   43.068    1.365 ds    270.4 
15:24:16  9 20 2016   44.258    1.392 ds    271.1 
15:29:39  9 20 2016   45.268    1.416 ds    268.4 
15:40:00  9 20 2016   47.250    1.468 ds    270.5 
15:43:13  9 20 2016   47.873    1.485 ds    269.7 
15:46:26  9 20 2016   48.502    1.503 ds    270.3 
15:49:39  9 20 2016   49.132    1.522 ds    268.5 
15:57:47  9 20 2016   50.747    1.573 ds    270.1 
16:05:52  9 20 2016   52.371    1.629 ds    269.2 
16:09:04  9 20 2016   53.020    1.653 ds    268.9 
16:12:16  9 20 2016   53.672    1.678 ds    269.0 
16:17:42  9 20 2016   54.781    1.723 ds    269.0 
16:20:55  9 20 2016   55.446    1.751 ds    268.6 
16:24:08  9 20 2016   56.106    1.781 ds    268.4 
16:29:12  9 20 2016   57.158    1.830 ds    269.1 
16:32:25  9 20 2016   57.826    1.863 ds    269.6 
16:35:38  9 20 2016   58.497    1.898 ds    269.2 
16:38:50  9 20 2016   59.168    1.934 ds    268.9 
16:46:57  9 20 2016   60.874    2.034 ds    268.4 
16:55:00  9 20 2016   62.581    2.146 ds    269.0 
16:58:16  9 20 2016   63.272    2.196 ds    268.3 
17:01:31  9 20 2016   63.967    2.249 ds    269.1 
17:06:55  9 20 2016   65.118    2.342 ds    268.7 
17:10:07  9 20 2016   65.803    2.402 ds    267.3 
17:13:19  9 20 2016   66.489    2.466 ds    268.4 
17:18:19  9 20 2016   67.565    2.573 ds    268.8 
17:21:32  9 20 2016   68.255    2.647 ds    268.2 
17:24:45  9 20 2016   68.948    2.726 ds    267.8 
17:27:57  9 20 2016   69.639    2.810 ds    266.9 
17:36:00  9 20 2016   71.382    3.048 ds    267.5 
17:44:00  9 20 2016   73.118    3.331 ds    266.7 
17:47:17  9 20 2016   73.829    3.463 ds    266.0 
17:50:29  9 20 2016   74.526    3.603 ds    266.0 
17:55:54  9 20 2016   75.705    3.866 ds    265.5 
08:06:04  9 21 2016   74.991    3.702 ds    272.6 
08:14:03  9 21 2016   73.258    3.356 ds    273.1 
08:17:15  9 21 2016   72.564    3.235 ds    272.5 
08:20:27  9 21 2016   71.872    3.123 ds    273.2 
08:25:54  9 21 2016   70.694    2.950 ds    273.6 
08:29:06  9 21 2016   70.003    2.857 ds    273.5 
08:32:18  9 21 2016   69.314    2.770 ds    272.1 
08:37:18  9 21 2016   68.239    2.645 ds    273.0 
08:40:30  9 21 2016   67.549    2.571 ds    272.4 
08:43:42  9 21 2016   66.863    2.502 ds    272.5 
08:46:54  9 21 2016   66.179    2.437 ds    273.0 
08:54:57  9 21 2016   64.461    2.288 ds    274.1 
09:02:59  9 21 2016   62.756    2.159 ds    272.9 
09:06:11  9 21 2016   62.079    2.112 ds    272.9 
09:09:23  9 21 2016   61.405    2.067 ds    274.0 
09:14:47  9 21 2016   60.267    1.997 ds    274.2 
09:17:59  9 21 2016   59.598    1.958 ds    273.5 
09:21:11  9 21 2016   58.928    1.921 ds    273.1 
09:26:12  9 21 2016   57.886    1.866 ds    274.5 
09:29:23  9 21 2016   57.223    1.833 ds    273.6 
09:35:47  9 21 2016   55.903    1.772 ds    272.8 
09:43:54  9 21 2016   54.243    1.701 ds    272.6 
09:55:08  9 21 2016   51.973    1.615 ds    272.9 
09:58:20  9 21 2016   51.333    1.593 ds    273.2 
10:03:43  9 21 2016   50.262    1.557 ds    274.7 
10:06:55  9 21 2016   49.632    1.537 ds    273.1 
10:15:09  9 21 2016   48.022    1.489 ds    273.7 
10:18:22  9 21 2016   47.403    1.472 ds    274.2 
10:21:34  9 21 2016   46.789    1.455 ds    272.9 
10:24:45  9 21 2016   46.180    1.439 ds    274.4 
10:32:53  9 21 2016   44.651    1.401 ds    272.0 
10:40:52  9 21 2016   43.182    1.368 ds    274.4 
10:44:05  9 21 2016   42.601    1.355 ds    274.5 
10:47:17  9 21 2016   42.027    1.343 ds    274.2 
10:52:39  9 21 2016   41.078    1.323 ds    273.7 
10:55:51  9 21 2016   40.520    1.312 ds    274.7 
10:59:03  9 21 2016   39.970    1.302 ds    274.8 
11:04:07  9 21 2016   39.113    1.286 ds    274.6 
11:07:19  9 21 2016   38.581    1.277 ds    273.7 
11:10:32  9 21 2016   38.056    1.267 ds    274.1 
11:13:44  9 21 2016   37.541    1.259 ds    273.5 
11:21:53  9 21 2016   36.267    1.238 ds    274.4 
11:29:51  9 21 2016   35.081    1.220 ds    273.2 
11:33:03  9 21 2016   34.622    1.213 ds    272.9 
11:36:16  9 21 2016   34.174    1.207 ds    275.1 
11:41:39  9 21 2016   33.447    1.197 ds    273.0 
11:44:51  9 21 2016   33.031    1.191 ds    272.9 
11:48:03  9 21 2016   32.628    1.186 ds    273.5 
11:53:09  9 21 2016   32.014    1.178 ds    272.5 
11:56:21  9 21 2016   31.645    1.173 ds    272.0 
11:59:33  9 21 2016   31.291    1.169 ds    272.1 
12:02:45  9 21 2016   30.951    1.165 ds    272.0 
12:10:56  9 21 2016   30.157    1.155 ds    272.3 
12:18:53  9 21 2016   29.487    1.148 ds    273.5 
12:30:40  9 21 2016   28.699    1.139 ds    273.3 
12:33:53  9 21 2016   28.529    1.137 ds    273.1 
12:37:05  9 21 2016   28.379    1.136 ds    272.2 
12:42:12  9 21 2016   28.180    1.133 ds    273.5 
12:45:24  9 21 2016   28.083    1.132 ds    273.0 
12:51:49  9 21 2016   27.949    1.131 ds    273.6 
13:00:00  9 21 2016   27.901    1.130 ds    275.0 
13:03:14  9 21 2016   27.920    1.131 ds    273.6 
13:06:26  9 21 2016   27.960    1.131 ds    273.9 
13:09:38  9 21 2016   28.020    1.132 ds    273.8 
13:15:01  9 21 2016   28.169    1.133 ds    274.1 
13:18:13  9 21 2016   28.284    1.135 ds    273.1 
13:21:25  9 21 2016   28.421    1.136 ds    273.6 
13:26:31  9 21 2016   28.678    1.139 ds    273.9 
13:29:44  9 21 2016   28.866    1.141 ds    274.5 
13:36:09  9 21 2016   29.297    1.145 ds    274.1 
13:44:19  9 21 2016   29.952    1.153 ds    274.4 
13:52:17  9 21 2016   30.696    1.162 ds    276.1 
13:55:29  9 21 2016   31.023    1.166 ds    274.5 
14:04:05  9 21 2016   31.977    1.177 ds    275.8 
14:07:17  9 21 2016   32.358    1.182 ds    276.2 
14:10:30  9 21 2016   32.753    1.187 ds    274.5 
14:13:45  9 21 2016   33.166    1.193 ds    273.7 
14:16:57  9 21 2016   33.588    1.199 ds    274.1 
14:20:09  9 21 2016   34.020    1.205 ds    275.5 
14:23:22  9 21 2016   34.463    1.211 ds    274.7 
14:31:32  9 21 2016   35.646    1.229 ds    273.4 
14:39:30  9 21 2016   36.861    1.248 ds    274.3 
14:42:42  9 21 2016   37.365    1.256 ds    274.5 
14:51:16  9 21 2016   38.755    1.280 ds    274.9 
14:57:40  9 21 2016   39.831    1.299 ds    273.9 
15:00:56  9 21 2016   40.390    1.310 ds    274.3 
15:04:09  9 21 2016   40.949    1.321 ds    272.7 
15:07:21  9 21 2016   41.512    1.332 ds    274.6 
15:10:33  9 21 2016   42.080    1.344 ds    274.0 
15:18:41  9 21 2016   43.552    1.376 ds    273.9 
15:26:40  9 21 2016   45.031    1.410 ds    274.0 
15:29:53  9 21 2016   45.633    1.425 ds    273.0 
15:38:27  9 21 2016   47.266    1.468 ds    274.0 
15:44:51  9 21 2016   48.505    1.503 ds    272.5 
15:49:54  9 21 2016   49.491    1.533 ds    274.0 
15:53:05  9 21 2016   50.121    1.553 ds    272.4 
15:56:18  9 21 2016   50.756    1.573 ds    273.5 
15:59:30  9 21 2016   51.395    1.595 ds    272.4 
16:07:18  9 21 2016   52.960    1.651 ds    273.3 
16:14:27  9 21 2016   54.412    1.708 ds    272.7 
16:17:39  9 21 2016   55.065    1.735 ds    272.7 
16:20:51  9 21 2016   55.722    1.763 ds    273.8 
16:24:02  9 21 2016   56.381    1.793 ds    272.4 
16:27:15  9 21 2016   57.042    1.824 ds    272.8 
16:35:16  9 21 2016   58.711    1.909 ds    272.2 
16:38:28  9 21 2016   59.380    1.946 ds    272.2 
16:41:41  9 21 2016   60.050    1.984 ds    271.9 
16:47:05  9 21 2016   61.188    2.053 ds    273.2 
16:50:17  9 21 2016   61.864    2.097 ds    272.1 
16:53:33  9 21 2016   62.553    2.144 ds    272.6 
16:58:33  9 21 2016   63.613    2.221 ds    271.6 
17:01:45  9 21 2016   64.293    2.274 ds    272.3 
17:04:57  9 21 2016   64.975    2.330 ds    273.1 
17:08:09  9 21 2016   65.657    2.389 ds    272.7 
17:16:11  9 21 2016   67.381    2.554 ds    272.2 
17:24:11  9 21 2016   69.100    2.744 ds    271.9 
17:27:23  9 21 2016   69.790    2.829 ds    271.8 
17:30:35  9 21 2016   70.480    2.920 ds    271.6 
17:36:00  9 21 2016   71.650    3.089 ds    271.4 
17:39:11  9 21 2016   72.342    3.198 ds    271.5 
17:42:23  9 21 2016   73.036    3.316 ds    271.0 
17:47:23  9 21 2016   74.120    3.519 ds    270.3 
17:50:35  9 21 2016   74.814    3.663 ds    269.7 
17:53:47  9 21 2016   75.511    3.820 ds    269.5 
17:56:59  9 21 2016   76.207    3.990 ds    270.3 
08:06:35  9 22 2016   74.989    3.702 ds    269.8 
08:14:34  9 22 2016   73.261    3.357 ds    270.8 
08:17:46  9 22 2016   72.568    3.236 ds    270.9 
08:21:01  9 22 2016   71.866    3.122 ds    271.2 
08:26:26  9 22 2016   70.698    2.950 ds    271.1 
08:29:37  9 22 2016   70.009    2.858 ds    272.0 
08:32:49  9 22 2016   69.320    2.771 ds    272.2 
08:37:48  9 22 2016   68.251    2.646 ds    272.5 
08:41:00  9 22 2016   67.566    2.573 ds    271.7 
08:44:12  9 22 2016   66.881    2.504 ds    272.1 
08:47:25  9 22 2016   66.195    2.438 ds    272.2 
08:55:28  9 22 2016   64.480    2.289 ds    272.7 
09:03:30  9 22 2016   62.779    2.160 ds    272.6 
09:06:42  9 22 2016   62.104    2.113 ds    272.6 
09:09:53  9 22 2016   61.431    2.069 ds    273.5 
09:15:19  9 22 2016   60.294    1.998 ds    272.1 
09:18:31  9 22 2016   59.623    1.959 ds    272.8 
09:21:43  9 22 2016   58.956    1.922 ds    272.8 
09:26:43  9 22 2016   57.919    1.868 ds    271.9 
09:29:55  9 22 2016   57.258    1.835 ds    273.1 
09:44:26  9 22 2016   54.290    1.703 ds    273.2 
09:52:27  9 22 2016   52.671    1.640 ds    273.0 
09:55:39  9 22 2016   52.031    1.617 ds    272.6 
09:58:51  9 22 2016   51.393    1.595 ds    272.4 
10:04:14  9 22 2016   50.328    1.559 ds    273.5 
10:07:26  9 22 2016   49.700    1.539 ds    273.1 
10:10:38  9 22 2016   49.075    1.520 ds    274.1 
10:15:41  9 22 2016   48.099    1.491 ds    273.3 
10:18:53  9 22 2016   47.485    1.474 ds    273.8 
10:22:05  9 22 2016   46.874    1.457 ds    275.4 
10:25:17  9 22 2016   46.268    1.442 ds    273.0 
10:41:23  9 22 2016   43.291    1.370 ds    273.9 
10:44:35  9 22 2016   42.716    1.357 ds    273.4 
10:47:47  9 22 2016   42.147    1.345 ds    273.6 
10:53:09  9 22 2016   41.207    1.326 ds    273.4 
10:59:34  9 22 2016   40.109    1.305 ds    273.5 
11:04:37  9 22 2016   39.262    1.289 ds    273.1 
11:07:49  9 22 2016   38.735    1.279 ds    273.4 
11:11:01  9 22 2016   38.217    1.270 ds    274.2 
11:14:13  9 22 2016   37.707    1.262 ds    273.2 
11:22:22  9 22 2016   36.449    1.241 ds    271.8 
11:30:20  9 22 2016   35.280    1.223 ds    273.7 
11:36:44  9 22 2016   34.387    1.210 ds    274.3 
11:42:05  9 22 2016   33.675    1.200 ds    273.7 
11:48:30  9 22 2016   32.869    1.189 ds    273.5 
11:53:34  9 22 2016   32.267    1.181 ds    273.4 
11:56:47  9 22 2016   31.906    1.176 ds    273.0 
12:03:11  9 22 2016   31.226    1.168 ds    272.7 
12:11:21  9 22 2016   30.450    1.159 ds    273.8 
12:25:43  9 22 2016   29.352    1.146 ds    273.7 
12:31:06  9 22 2016   29.035    1.143 ds    274.5 
12:34:18  9 22 2016   28.872    1.141 ds    273.8 
12:37:30  9 22 2016   28.728    1.139 ds    273.1 
12:42:37  9 22 2016   28.540    1.137 ds    274.5 
12:45:49  9 22 2016   28.449    1.136 ds    274.5 
12:52:15  9 22 2016   28.327    1.135 ds    274.0 
13:00:25  9 22 2016   28.293    1.135 ds    274.4 
13:03:38  9 22 2016   28.316    1.135 ds    274.4 
13:10:03  9 22 2016   28.425    1.136 ds    274.0 
13:15:26  9 22 2016   28.581    1.138 ds    275.1 
13:18:38  9 22 2016   28.700    1.139 ds    273.9 
13:21:50  9 22 2016   28.839    1.140 ds    275.4 
13:25:05  9 22 2016   29.001    1.142 ds    274.9 
13:31:30  9 22 2016   29.377    1.146 ds    275.8 
13:34:42  9 22 2016   29.592    1.149 ds    276.4 
13:42:53  9 22 2016   30.225    1.156 ds    276.1 
13:54:03  9 22 2016   31.267    1.169 ds    274.8 
13:57:15  9 22 2016   31.601    1.173 ds    275.4 
14:02:39  9 22 2016   32.196    1.180 ds    277.8 
14:09:04  9 22 2016   32.958    1.190 ds    275.4 
14:14:10  9 22 2016   33.601    1.199 ds    276.2 
14:20:36  9 22 2016   34.454    1.211 ds    276.1 
14:23:48  9 22 2016   34.897    1.217 ds    274.3 
14:31:57  9 22 2016   36.074    1.235 ds    275.3 
14:44:42  9 22 2016   38.038    1.267 ds    275.7 
14:47:54  9 22 2016   38.554    1.276 ds    276.5 
14:51:06  9 22 2016   39.078    1.285 ds    277.8 
14:54:18  9 22 2016   39.609    1.295 ds    276.7 
14:57:30  9 22 2016   40.148    1.305 ds    276.8 
15:05:29  9 22 2016   41.522    1.332 ds    276.4 
15:08:41  9 22 2016   42.084    1.344 ds    275.1 
15:11:53  9 22 2016   42.653    1.356 ds    275.8 
15:17:15  9 22 2016   43.620    1.377 ds    276.5 
15:20:27  9 22 2016   44.205    1.391 ds    276.5 
15:23:39  9 22 2016   44.794    1.405 ds    275.9 
15:28:42  9 22 2016   45.735    1.428 ds    276.2 
15:31:54  9 22 2016   46.337    1.443 ds    274.9 
15:35:06  9 22 2016   46.944    1.459 ds    275.5 
15:38:19  9 22 2016   47.556    1.476 ds    276.4 
15:46:26  9 22 2016   49.125    1.522 ds    276.8 
15:57:06  9 22 2016   51.223    1.589 ds    275.3 
16:00:18  9 22 2016   51.861    1.611 ds    275.4 
16:05:42  9 22 2016   52.939    1.650 ds    276.2 
16:08:54  9 22 2016   53.584    1.675 ds    276.0 
16:12:06  9 22 2016   54.233    1.700 ds    276.0 
16:15:20  9 22 2016   54.892    1.728 ds    275.6 
16:18:32  9 22 2016   55.545    1.756 ds    274.4 
16:21:45  9 22 2016   56.202    1.785 ds    275.6 
16:24:57  9 22 2016   56.860    1.816 ds    276.7 
16:33:02  9 22 2016   58.534    1.900 ds    276.7 
16:41:04  9 22 2016   60.210    1.993 ds    275.3 
16:44:16  9 22 2016   60.880    2.034 ds    276.1 
16:47:28  9 22 2016   61.553    2.077 ds    275.1 
16:52:57  9 22 2016   62.707    2.155 ds    275.5 
16:56:09  9 22 2016   63.383    2.204 ds    275.4 
16:59:21  9 22 2016   64.062    2.256 ds    275.8 
17:04:19  9 22 2016   65.118    2.342 ds    275.3 
17:07:31  9 22 2016   65.801    2.402 ds    274.9 
17:10:43  9 22 2016   66.484    2.465 ds    274.9 
17:13:55  9 22 2016   67.170    2.532 ds    275.1 
17:21:59  9 22 2016   68.898    2.720 ds    275.9 
17:29:58  9 22 2016   70.619    2.939 ds    275.4 
17:33:10  9 22 2016   71.309    3.037 ds    274.3 
17:36:21  9 22 2016   71.999    3.143 ds    273.7 
17:41:46  9 22 2016   73.170    3.340 ds    274.0 
17:45:01  9 22 2016   73.874    3.471 ds    273.4 
17:48:13  9 22 2016   74.569    3.611 ds    273.3 
17:53:10  9 22 2016   75.642    3.851 ds    273.2 
08:07:12  9 23 2016   74.970    3.697 ds    271.4 
08:15:12  9 23 2016   73.241    3.353 ds    272.2 
08:18:24  9 23 2016   72.550    3.233 ds    273.6 
08:21:39  9 23 2016   71.845    3.119 ds    273.8 
08:27:05  9 23 2016   70.676    2.947 ds    273.2 
08:30:17  9 23 2016   69.986    2.855 ds    273.2 
08:33:30  9 23 2016   69.295    2.768 ds    273.1 
08:38:34  9 23 2016   68.212    2.642 ds    273.7 
08:41:47  9 23 2016   67.524    2.569 ds    272.7 
08:44:59  9 23 2016   66.840    2.500 ds    273.1 
08:48:11  9 23 2016   66.157    2.434 ds    273.3 
08:56:16  9 23 2016   64.439    2.286 ds    273.3 
09:04:21  9 23 2016   62.731    2.157 ds    275.1 
09:07:34  9 23 2016   62.056    2.110 ds    274.2 
09:10:46  9 23 2016   61.385    2.066 ds    275.1 
09:16:12  9 23 2016   60.249    1.996 ds    273.5 
09:19:24  9 23 2016   59.583    1.957 ds    274.1 
09:22:36  9 23 2016   58.918    1.920 ds    273.5 
09:27:40  9 23 2016   57.869    1.865 ds    274.7 
09:30:52  9 23 2016   57.209    1.832 ds    275.5 
09:34:05  9 23 2016   56.550    1.801 ds    275.5 
09:37:18  9 23 2016   55.895    1.771 ds    275.9 
09:45:25  9 23 2016   54.245    1.701 ds    274.8 
09:53:28  9 23 2016   52.630    1.639 ds    274.0 
09:56:42  9 23 2016   51.987    1.615 ds    273.9 
09:59:54  9 23 2016   51.351    1.593 ds    274.5 
10:05:18  9 23 2016   50.291    1.558 ds    274.3 
10:08:31  9 23 2016   49.663    1.538 ds    275.4 
10:11:45  9 23 2016   49.036    1.519 ds    275.2 
10:16:52  9 23 2016   48.052    1.490 ds    275.3 
10:20:05  9 23 2016   47.439    1.473 ds    275.1 
10:23:17  9 23 2016   46.832    1.456 ds    276.6 
10:26:29  9 23 2016   46.231    1.441 ds    275.8 
10:34:38  9 23 2016   44.724    1.403 ds    275.0 
10:42:37  9 23 2016   43.278    1.370 ds    277.1 
10:45:49  9 23 2016   42.708    1.357 ds    277.2 
10:49:01  9 23 2016   42.145    1.345 ds    275.3 
10:54:23  9 23 2016   41.215    1.326 ds    277.0 
10:57:35  9 23 2016   40.670    1.315 ds    276.7 
11:00:48  9 23 2016   40.129    1.305 ds    275.4 
11:05:53  9 23 2016   39.287    1.289 ds    276.3 
11:09:05  9 23 2016   38.768    1.280 ds    274.5 
11:12:18  9 23 2016   38.257    1.271 ds    274.8 
11:15:30  9 23 2016   37.755    1.262 ds    274.4 
11:23:39  9 23 2016   36.518    1.242 ds    276.5 
11:34:49  9 23 2016   34.926    1.218 ds    275.9 
11:38:01  9 23 2016   34.495    1.211 ds    276.5 
11:46:37  9 23 2016   33.395    1.196 ds    275.9 
11:49:49  9 23 2016   33.009    1.191 ds    276.3 
11:54:55  9 23 2016   32.421    1.183 ds    276.9 
12:01:20  9 23 2016   31.734    1.174 ds    276.9 
12:04:32  9 23 2016   31.414    1.170 ds    275.9 
12:12:42  9 23 2016   30.668    1.161 ds    278.0 
12:20:39  9 23 2016   30.046    1.154 ds    277.8 
12:23:51  9 23 2016   29.826    1.151 ds    277.7 
12:27:03  9 23 2016   29.624    1.149 ds    277.6 
12:32:27  9 23 2016   29.327    1.146 ds    276.6 
12:35:39  9 23 2016   29.176    1.144 ds    276.9 
12:38:51  9 23 2016   29.045    1.143 ds    276.4 
12:47:09  9 23 2016   28.797    1.140 ds    278.8 
12:50:21  9 23 2016   28.738    1.139 ds    276.8 
12:53:33  9 23 2016   28.699    1.139 ds    278.2 
13:01:44  9 23 2016   28.691    1.139 ds    277.9 
13:04:58  9 23 2016   28.726    1.139 ds    279.0 
13:08:10  9 23 2016   28.780    1.140 ds    277.6 
13:11:23  9 23 2016   28.855    1.141 ds    277.3 
13:16:46  9 23 2016   29.026    1.142 ds    278.7 
13:19:56  9 23 2016   29.153    1.144 ds    276.9 
13:23:09  9 23 2016   29.301    1.146 ds    278.5 
13:28:15  9 23 2016   29.576    1.149 ds    279.6 
13:31:28  9 23 2016   29.773    1.151 ds    276.7 
13:34:40  9 23 2016   29.988    1.153 ds    279.1 
13:37:52  9 23 2016   30.222    1.156 ds    277.7 
13:46:03  9 23 2016   30.896    1.164 ds    277.2 
13:54:01  9 23 2016   31.654    1.173 ds    279.1 
13:57:13  9 23 2016   31.986    1.178 ds    278.6 
14:00:25  9 23 2016   32.333    1.182 ds    279.0 
14:05:49  9 23 2016   32.950    1.190 ds    279.4 
14:09:01  9 23 2016   33.334    1.195 ds    280.2 
14:12:14  9 23 2016   33.733    1.201 ds    277.9 
14:17:17  9 23 2016   34.387    1.210 ds    278.4 
14:20:30  9 23 2016   34.815    1.216 ds    279.8 
14:23:42  9 23 2016   35.256    1.223 ds    278.7 
14:26:55  9 23 2016   35.708    1.229 ds    278.7 
14:35:04  9 23 2016   36.903    1.248 ds    279.6 
14:43:02  9 23 2016   38.133    1.269 ds    280.8 
14:46:14  9 23 2016   38.641    1.278 ds    280.0 
14:49:27  9 23 2016   39.159    1.287 ds    281.2 
14:54:48  9 23 2016   40.042    1.303 ds    280.4 
14:58:00  9 23 2016   40.580    1.314 ds    279.6 
15:01:13  9 23 2016   41.127    1.324 ds    278.2 
15:04:28  9 23 2016   41.687    1.336 ds    279.2 
15:07:40  9 23 2016   42.246    1.347 ds    279.4 
15:10:53  9 23 2016   42.811    1.359 ds    280.3 
15:14:05  9 23 2016   43.383    1.372 ds    279.3 
15:30:16  9 23 2016   46.352    1.444 ds    279.5 
15:33:29  9 23 2016   46.957    1.460 ds    279.5 
15:36:41  9 23 2016   47.563    1.476 ds    280.5 
15:42:03  9 23 2016   48.592    1.506 ds    279.1 
15:45:15  9 23 2016   49.209    1.524 ds    278.5 
15:48:27  9 23 2016   49.833    1.543 ds    279.2 
15:53:30  9 23 2016   50.818    1.575 ds    277.1 
15:56:42  9 23 2016   51.450    1.597 ds    278.6 
15:59:54  9 23 2016   52.085    1.619 ds    278.1 
16:03:06  9 23 2016   52.723    1.642 ds    278.6 
16:11:12  9 23 2016   54.352    1.705 ds    278.5 
16:19:14  9 23 2016   55.982    1.775 ds    278.2 
16:22:26  9 23 2016   56.636    1.805 ds    278.4 
16:25:38  9 23 2016   57.294    1.837 ds    278.3 
16:31:02  9 23 2016   58.409    1.893 ds    277.9 
16:34:14  9 23 2016   59.073    1.929 ds    278.3 
16:37:26  9 23 2016   59.738    1.966 ds    277.4 
16:42:27  9 23 2016   60.783    2.028 ds    277.6 
16:45:38  9 23 2016   61.452    2.070 ds    277.1 
16:52:07  9 23 2016   62.812    2.163 ds    276.0 
17:00:10  9 23 2016   64.516    2.292 ds    276.3 
17:08:09  9 23 2016   66.213    2.440 ds    277.5 
17:11:21  9 23 2016   66.895    2.505 ds    277.0 
17:14:33  9 23 2016   67.580    2.574 ds    277.0 
17:19:39  9 23 2016   68.671    2.694 ds    276.8 
08:07:43  9 24 2016   74.973    3.698 ds    271.1 
08:15:43  9 24 2016   73.246    3.354 ds    272.6 
08:18:56  9 24 2016   72.553    3.233 ds    272.8 
08:22:12  9 24 2016   71.848    3.119 ds    273.3 
08:27:37  9 24 2016   70.681    2.948 ds    272.6 
08:30:49  9 24 2016   69.994    2.856 ds    272.4 
08:34:02  9 24 2016   69.306    2.769 ds    273.4 
08:39:04  9 24 2016   68.229    2.644 ds    273.3 
08:42:16  9 24 2016   67.543    2.571 ds    272.9 
08:45:29  9 24 2016   66.858    2.501 ds    273.2 
08:48:42  9 24 2016   66.176    2.436 ds    273.2 
08:56:49  9 24 2016   64.457    2.287 ds    272.9 
09:04:52  9 24 2016   62.757    2.159 ds    273.9 
09:08:05  9 24 2016   62.083    2.112 ds    274.3 
09:11:17  9 24 2016   61.413    2.068 ds    273.4 
09:16:43  9 24 2016   60.283    1.998 ds    275.7 
09:19:55  9 24 2016   59.619    1.959 ds    273.7 
09:23:07  9 24 2016   58.955    1.922 ds    273.4 
09:28:11  9 24 2016   57.909    1.867 ds    274.6 
09:31:24  9 24 2016   57.251    1.834 ds    275.0 
09:34:36  9 24 2016   56.596    1.803 ds    273.4 
09:37:49  9 24 2016   55.941    1.773 ds    273.3 
09:45:57  9 24 2016   54.297    1.703 ds    273.6 
09:54:00  9 24 2016   52.689    1.641 ds    274.6 
09:57:12  9 24 2016   52.054    1.618 ds    274.9 
10:00:24  9 24 2016   51.423    1.596 ds    274.0 
10:05:49  9 24 2016   50.362    1.560 ds    273.2 
10:09:02  9 24 2016   49.740    1.540 ds    275.3 
10:12:14  9 24 2016   49.122    1.522 ds    273.4 
10:17:21  9 24 2016   48.143    1.493 ds    273.5 
10:20:34  9 24 2016   47.535    1.476 ds    274.6 
10:23:47  9 24 2016   46.930    1.459 ds    274.6 
10:26:59  9 24 2016   46.332    1.443 ds    274.7 
10:35:08  9 24 2016   44.834    1.406 ds    275.4 
10:43:09  9 24 2016   43.394    1.372 ds    275.4 
10:46:21  9 24 2016   42.829    1.360 ds    274.7 
10:49:33  9 24 2016   42.269    1.348 ds    274.3 
10:54:56  9 24 2016   41.346    1.329 ds    275.8 
10:58:08  9 24 2016   40.804    1.318 ds    274.9 
11:01:21  9 24 2016   40.268    1.308 ds    276.1 
11:06:28  9 24 2016   39.431    1.292 ds    276.1 
11:09:41  9 24 2016   38.915    1.283 ds    275.9 
11:12:54  9 24 2016   38.407    1.274 ds    274.0 
11:16:09  9 24 2016   37.905    1.265 ds    274.5 
11:24:20  9 24 2016   36.679    1.245 ds    275.5 
11:32:20  9 24 2016   35.543    1.227 ds    274.9 
11:38:46  9 24 2016   34.680    1.214 ds    276.1 
11:44:10  9 24 2016   33.991    1.204 ds    275.5 
11:47:23  9 24 2016   33.599    1.199 ds    276.6 
11:50:36  9 24 2016   33.219    1.194 ds    275.9 
11:55:43  9 24 2016   32.642    1.186 ds    275.2 
11:58:58  9 24 2016   32.296    1.181 ds    276.7 
12:02:12  9 24 2016   31.967    1.177 ds    275.5 
12:05:24  9 24 2016   31.655    1.173 ds    274.0 
12:21:34  9 24 2016   30.330    1.157 ds    276.2 
12:24:46  9 24 2016   30.120    1.155 ds    273.8 
12:27:59  9 24 2016   29.928    1.153 ds    275.2 
12:33:23  9 24 2016   29.645    1.149 ds    274.2 
12:36:36  9 24 2016   29.504    1.148 ds    273.7 
12:39:49  9 24 2016   29.382    1.146 ds    273.1 
12:44:59  9 24 2016   29.226    1.145 ds    274.1 
12:48:12  9 24 2016   29.156    1.144 ds    275.4 
12:51:25  9 24 2016   29.106    1.143 ds    275.2 
12:54:37  9 24 2016   29.076    1.143 ds    275.2 
13:02:49  9 24 2016   29.092    1.143 ds    275.0 
13:06:03  9 24 2016   29.135    1.144 ds    275.5 
13:09:15  9 24 2016   29.197    1.144 ds    276.1 
13:12:27  9 24 2016   29.281    1.145 ds    275.6 
13:17:51  9 24 2016   29.465    1.147 ds    275.2 
13:21:04  9 24 2016   29.601    1.149 ds    273.5 
13:24:17  9 24 2016   29.757    1.151 ds    275.3 
13:27:34  9 24 2016   29.934    1.153 ds    274.7 
13:30:47  9 24 2016   30.128    1.155 ds    275.0 
13:34:00  9 24 2016   30.339    1.157 ds    275.7 
13:37:13  9 24 2016   30.570    1.160 ds    274.8 
13:45:25  9 24 2016   31.235    1.168 ds    274.6 
13:53:24  9 24 2016   31.983    1.177 ds    275.6 
13:56:36  9 24 2016   32.312    1.182 ds    274.3 
13:59:49  9 24 2016   32.656    1.186 ds    275.6 
14:05:14  9 24 2016   33.266    1.194 ds    276.7 
14:08:26  9 24 2016   33.647    1.200 ds    274.2 
14:11:39  9 24 2016   34.040    1.205 ds    275.2 
14:16:45  9 24 2016   34.691    1.214 ds    274.0 
14:19:58  9 24 2016   35.117    1.221 ds    275.6 
14:23:10  9 24 2016   35.554    1.227 ds    275.9 
14:26:23  9 24 2016   36.003    1.234 ds    275.9 
14:34:33  9 24 2016   37.190    1.253 ds    275.8 
14:42:31  9 24 2016   38.409    1.274 ds    275.3 
14:45:43  9 24 2016   38.914    1.282 ds    276.0 
14:48:55  9 24 2016   39.427    1.292 ds    276.1 
14:54:17  9 24 2016   40.304    1.308 ds    274.7 
14:57:29  9 24 2016   40.839    1.319 ds    274.0 
15:07:09  9 24 2016   42.493    1.353 ds    274.2 
15:10:21  9 24 2016   43.055    1.365 ds    276.2 
15:13:33  9 24 2016   43.623    1.377 ds    276.6 
15:21:41  9 24 2016   45.090    1.412 ds    276.0 
15:29:40  9 24 2016   46.564    1.449 ds    276.4 
15:32:53  9 24 2016   47.165    1.465 ds    276.3 
15:36:05  9 24 2016   47.768    1.482 ds    275.3 
15:41:28  9 24 2016   48.795    1.512 ds    276.6 
15:44:40  9 24 2016   49.411    1.530 ds    274.9 
15:51:08  9 24 2016   50.664    1.570 ds    275.2 
15:54:20  9 24 2016   51.291    1.591 ds    274.7 
15:57:32  9 24 2016   51.922    1.613 ds    273.0 
16:00:44  9 24 2016   52.556    1.636 ds    274.6 
16:08:51  9 24 2016   54.176    1.698 ds    276.1 
16:16:52  9 24 2016   55.798    1.767 ds    273.5 
16:20:04  9 24 2016   56.449    1.796 ds    274.7 
16:23:16  9 24 2016   57.103    1.827 ds    275.3 
16:28:41  9 24 2016   58.214    1.883 ds    274.9 
16:31:54  9 24 2016   58.877    1.918 ds    273.6 
16:35:06  9 24 2016   59.543    1.955 ds    274.5 
16:40:08  9 24 2016   60.587    2.016 ds    275.7 
16:43:20  9 24 2016   61.255    2.058 ds    273.8 
16:46:33  9 24 2016   61.928    2.102 ds    274.8 
16:49:45  9 24 2016   62.598    2.148 ds    273.8 
16:57:53  9 24 2016   64.313    2.276 ds    274.9 
17:05:52  9 24 2016   66.005    2.420 ds    274.2 
17:09:04  9 24 2016   66.684    2.485 ds    273.2 
17:17:40  9 24 2016   68.520    2.677 ds    273.3 
17:20:52  9 24 2016   69.205    2.757 ds    273.1 
17:24:04  9 24 2016   69.892    2.842 ds    273.5 
17:29:02  9 24 2016   70.961    2.987 ds    272.6 
17:32:14  9 24 2016   71.649    3.089 ds    272.2 
17:35:27  9 24 2016   72.340    3.198 ds    271.7 
17:38:39  9 24 2016   73.031    3.315 ds    271.5 
17:46:44  9 24 2016   74.782    3.657 ds    269.1 
08:08:04  9 25 2016   75.016    3.707 ds    268.6 
08:16:02  9 25 2016   73.295    3.363 ds    270.8 
08:19:14  9 25 2016   72.606    3.242 ds    271.1 
08:22:30  9 25 2016   71.905    3.128 ds    270.5 
08:27:54  9 25 2016   70.744    2.956 ds    270.5 
08:31:06  9 25 2016   70.059    2.864 ds    271.1 
08:34:18  9 25 2016   69.374    2.777 ds    271.6 
08:39:15  9 25 2016   68.315    2.654 ds    271.4 
08:42:27  9 25 2016   67.633    2.580 ds    271.7 
08:45:39  9 25 2016   66.953    2.511 ds    271.2 
08:48:51  9 25 2016   66.275    2.446 ds    271.2 
08:56:54  9 25 2016   64.572    2.297 ds    271.8 
09:04:55  9 25 2016   62.885    2.168 ds    272.0 
09:08:07  9 25 2016   62.214    2.121 ds    272.1 
09:11:20  9 25 2016   61.545    2.076 ds    271.5 
09:16:44  9 25 2016   60.422    2.006 ds    271.4 
09:19:56  9 25 2016   59.759    1.967 ds    271.6 
09:23:08  9 25 2016   59.098    1.930 ds    271.0 
09:28:10  9 25 2016   58.064    1.875 ds    271.9 
09:31:22  9 25 2016   57.411    1.842 ds    271.5 
09:34:34  9 25 2016   56.758    1.811 ds    273.0 
09:37:46  9 25 2016   56.108    1.781 ds    271.3 
09:45:52  9 25 2016   54.475    1.710 ds    270.5 
09:53:54  9 25 2016   52.877    1.648 ds    271.8 
09:57:05  9 25 2016   52.246    1.625 ds    272.1 
10:00:17  9 25 2016   51.618    1.602 ds    271.6 
10:05:41  9 25 2016   50.566    1.567 ds    272.1 
10:08:54  9 25 2016   49.946    1.547 ds    271.3 
10:12:07  9 25 2016   49.328    1.528 ds    272.4 
10:17:11  9 25 2016   48.361    1.499 ds    271.6 
10:20:24  9 25 2016   47.756    1.482 ds    272.1 
10:23:37  9 25 2016   47.152    1.465 ds    272.2 
10:26:50  9 25 2016   46.556    1.449 ds    273.1 
10:34:58  9 25 2016   45.068    1.411 ds    270.8 
10:42:58  9 25 2016   43.638    1.378 ds    272.5 
10:46:11  9 25 2016   43.074    1.365 ds    271.2 
10:49:25  9 25 2016   42.515    1.353 ds    272.1 
10:54:50  9 25 2016   41.588    1.334 ds    272.0 
10:58:03  9 25 2016   41.049    1.323 ds    273.1 
11:01:16  9 25 2016   40.518    1.312 ds    272.7 
11:06:23  9 25 2016   39.687    1.297 ds    271.9 
11:09:36  9 25 2016   39.175    1.287 ds    272.1 
11:12:49  9 25 2016   38.672    1.278 ds    271.8 
11:16:02  9 25 2016   38.178    1.270 ds    271.2 
11:24:12  9 25 2016   36.965    1.249 ds    272.9 
11:32:11  9 25 2016   35.842    1.232 ds    272.4 
11:35:24  9 25 2016   35.408    1.225 ds    272.6 
11:44:00  9 25 2016   34.307    1.209 ds    273.3 
11:47:13  9 25 2016   33.918    1.203 ds    274.2 
11:50:26  9 25 2016   33.543    1.198 ds    273.6 
11:55:33  9 25 2016   32.974    1.190 ds    274.0 
11:58:46  9 25 2016   32.635    1.186 ds    274.3 
12:01:59  9 25 2016   32.312    1.182 ds    272.3 
12:05:11  9 25 2016   32.003    1.178 ds    274.3 
12:21:21  9 25 2016   30.695    1.162 ds    275.1 
12:24:34  9 25 2016   30.488    1.159 ds    273.7 
12:33:10  9 25 2016   30.022    1.154 ds    273.2 
12:36:22  9 25 2016   29.883    1.152 ds    273.0 
12:39:35  9 25 2016   29.763    1.151 ds    272.7 
12:44:42  9 25 2016   29.613    1.149 ds    274.6 
12:54:20  9 25 2016   29.465    1.147 ds    273.6 
13:02:31  9 25 2016   29.482    1.148 ds    274.8 
13:05:45  9 25 2016   29.525    1.148 ds    274.3 
13:08:58  9 25 2016   29.587    1.149 ds    273.9 
13:17:35  9 25 2016   29.853    1.152 ds    274.3 
13:20:48  9 25 2016   29.987    1.153 ds    276.0 
13:24:01  9 25 2016   30.141    1.155 ds    273.1 
13:29:09  9 25 2016   30.426    1.158 ds    274.7 
13:35:34  9 25 2016   30.847    1.163 ds    275.3 
13:38:47  9 25 2016   31.086    1.166 ds    275.1 
13:58:10  9 25 2016   32.867    1.189 ds    274.2 
14:10:02  9 25 2016   34.223    1.208 ds    274.9 
14:13:16  9 25 2016   34.623    1.213 ds    275.9 
14:16:32  9 25 2016   35.041    1.219 ds    276.3 
14:19:45  9 25 2016   35.463    1.226 ds    277.2 
14:22:58  9 25 2016   35.900    1.232 ds    276.5 
14:26:11  9 25 2016   36.346    1.239 ds    276.2 
14:34:21  9 25 2016   37.525    1.258 ds    275.6 
14:42:22  9 25 2016   38.743    1.279 ds    274.0 
14:45:34  9 25 2016   39.246    1.288 ds    276.6 
14:48:47  9 25 2016   39.757    1.298 ds    276.4 
14:54:09  9 25 2016   40.633    1.315 ds    274.9 
14:57:22  9 25 2016   41.167    1.325 ds    275.6 
15:00:35  9 25 2016   41.708    1.336 ds    276.2 
15:07:06  9 25 2016   42.825    1.360 ds    276.3 
15:10:19  9 25 2016   43.387    1.372 ds    276.2 
15:13:31  9 25 2016   43.952    1.385 ds    276.1 
15:21:41  9 25 2016   45.419    1.420 ds    273.9 
15:29:46  9 25 2016   46.905    1.458 ds    275.4 
15:32:58  9 25 2016   47.505    1.475 ds    275.3 
15:36:11  9 25 2016   48.107    1.492 ds    275.4 
15:41:34  9 25 2016   49.131    1.522 ds    274.4 
15:44:28  9 25 2016   49.686    1.539 ds    275.4 
15:53:15  9 25 2016   51.391    1.595 ds    275.4 
15:56:29  9 25 2016   52.022    1.617 ds    274.8 
15:59:42  9 25 2016   52.656    1.640 ds    275.2 
16:02:55  9 25 2016   53.293    1.663 ds    276.1 
16:11:02  9 25 2016   54.919    1.729 ds    274.7 
16:19:06  9 25 2016   56.548    1.801 ds    275.3 
16:22:19  9 25 2016   57.202    1.832 ds    274.2 
16:25:32  9 25 2016   57.860    1.865 ds    275.7 
16:30:57  9 25 2016   58.973    1.923 ds    274.8 
16:34:09  9 25 2016   59.635    1.960 ds    276.4 
16:37:22  9 25 2016   60.299    1.999 ds    275.0 
16:40:38  9 25 2016   60.977    2.040 ds    275.8 
16:43:50  9 25 2016   61.646    2.083 ds    274.8 
16:47:03  9 25 2016   62.316    2.128 ds    274.6 
16:50:19  9 25 2016   63.000    2.176 ds    274.5 
16:58:24  9 25 2016   64.702    2.307 ds    275.0 
17:06:23  9 25 2016   66.394    2.457 ds    274.7 
17:09:35  9 25 2016   67.073    2.523 ds    274.6 
17:12:48  9 25 2016   67.758    2.593 ds    275.0 
17:18:14  9 25 2016   68.917    2.722 ds    276.3 
17:21:26  9 25 2016   69.601    2.805 ds    275.1 
17:24:38  9 25 2016   70.286    2.894 ds    274.8 
17:29:41  9 25 2016   71.370    3.046 ds    274.6 
17:32:53  9 25 2016   72.059    3.153 ds    273.8 
17:36:07  9 25 2016   72.755    3.268 ds    274.8 
17:39:20  9 25 2016   73.448    3.391 ds    274.9 
17:47:28  9 25 2016   75.205    3.750 ds    274.1 
08:08:41  9 26 2016   75.000    3.704 ds    268.4 
08:16:40  9 26 2016   73.281    3.361 ds    267.6 
08:19:52  9 26 2016   72.593    3.240 ds    268.6 
08:23:07  9 26 2016   71.894    3.126 ds    268.3 
08:28:32  9 26 2016   70.732    2.955 ds    269.0 
08:31:44  9 26 2016   70.048    2.863 ds    268.9 
08:34:56  9 26 2016   69.365    2.776 ds    269.1 
08:39:54  9 26 2016   68.305    2.652 ds    269.3 
08:43:06  9 26 2016   67.626    2.579 ds    269.8 
08:46:18  9 26 2016   66.947    2.510 ds    269.7 
08:49:29  9 26 2016   66.270    2.445 ds    269.5 
09:05:35  9 26 2016   62.887    2.168 ds    268.6 
09:08:47  9 26 2016   62.218    2.121 ds    269.8 
09:11:59  9 26 2016   61.552    2.077 ds    269.9 
09:17:23  9 26 2016   60.432    2.007 ds    269.4 
09:20:35  9 26 2016   59.772    1.968 ds    267.9 
09:23:47  9 26 2016   59.113    1.931 ds    269.5 
09:28:48  9 26 2016   58.086    1.876 ds    268.7 
09:32:00  9 26 2016   57.434    1.843 ds    269.2 
09:35:12  9 26 2016   56.784    1.812 ds    269.9 
09:38:24  9 26 2016   56.139    1.782 ds    269.5 
09:46:30  9 26 2016   54.515    1.712 ds    268.5 
09:54:31  9 26 2016   52.925    1.650 ds    268.6 
09:57:43  9 26 2016   52.296    1.626 ds    268.9 
10:00:55  9 26 2016   51.670    1.604 ds    269.4 
10:06:18  9 26 2016   50.627    1.569 ds    268.8 
10:09:30  9 26 2016   50.011    1.549 ds    269.0 
10:12:42  9 26 2016   49.400    1.530 ds    268.1 
10:17:44  9 26 2016   48.449    1.502 ds    268.7 
10:20:56  9 26 2016   47.850    1.484 ds    269.3 
10:24:08  9 26 2016   47.252    1.468 ds    268.6 
10:27:20  9 26 2016   46.662    1.452 ds    269.4 
10:35:28  9 26 2016   45.185    1.414 ds    269.4 
10:43:27  9 26 2016   43.771    1.381 ds    269.7 
10:46:39  9 26 2016   43.213    1.368 ds    269.3 
10:49:51  9 26 2016   42.663    1.356 ds    268.2 
10:55:19  9 26 2016   41.737    1.337 ds    268.7 
10:58:31  9 26 2016   41.206    1.326 ds    270.3 
11:01:44  9 26 2016   40.679    1.315 ds    270.8 
11:06:48  9 26 2016   39.864    1.300 ds    270.6 
11:13:13  9 26 2016   38.863    1.282 ds    271.4 
11:16:25  9 26 2016   38.376    1.273 ds    271.0 
11:24:34  9 26 2016   37.180    1.253 ds    268.9 
11:32:32  9 26 2016   36.073    1.235 ds    270.3 
11:35:44  9 26 2016   35.648    1.229 ds    269.8 
11:44:20  9 26 2016   34.564    1.212 ds    270.1 
11:47:32  9 26 2016   34.183    1.207 ds    270.3 
11:50:45  9 26 2016   33.815    1.202 ds    269.8 
11:55:51  9 26 2016   33.257    1.194 ds    268.4 
11:59:03  9 26 2016   32.925    1.190 ds    268.5 
12:05:28  9 26 2016   32.305    1.182 ds    268.5 
12:13:39  9 26 2016   31.607    1.173 ds    269.4 
12:21:36  9 26 2016   31.030    1.166 ds    270.1 
12:24:49  9 26 2016   30.829    1.163 ds    269.8 
12:28:01  9 26 2016   30.646    1.161 ds    268.5 
12:33:24  9 26 2016   30.378    1.158 ds    268.6 
12:36:36  9 26 2016   30.244    1.156 ds    268.2 
12:39:49  9 26 2016   30.129    1.155 ds    268.5 
12:44:54  9 26 2016   29.986    1.153 ds    268.5 
12:48:07  9 26 2016   29.921    1.153 ds    267.7 
12:51:19  9 26 2016   29.876    1.152 ds    267.8 
13:02:43  9 26 2016   29.876    1.152 ds    267.2 
13:05:57  9 26 2016   29.921    1.153 ds    266.6 
13:09:09  9 26 2016   29.986    1.153 ds    267.5 
13:12:21  9 26 2016   30.070    1.154 ds    266.0 
13:17:44  9 26 2016   30.256    1.156 ds    267.1 
13:20:56  9 26 2016   30.392    1.158 ds    267.6 
13:24:09  9 26 2016   30.546    1.160 ds    266.5 
13:27:23  9 26 2016   30.721    1.162 ds    268.0 
13:30:36  9 26 2016   30.913    1.164 ds    267.9 
13:33:48  9 26 2016   31.122    1.167 ds    266.4 
13:45:11  9 26 2016   32.004    1.178 ds    267.3 
13:53:09  9 26 2016   32.742    1.187 ds    266.8 
13:56:21  9 26 2016   33.065    1.192 ds    267.7 
13:59:34  9 26 2016   33.403    1.196 ds    266.2 
14:04:57  9 26 2016   34.004    1.204 ds    267.7 
14:08:10  9 26 2016   34.381    1.210 ds    269.1 
14:11:23  9 26 2016   34.769    1.215 ds    266.6 
14:16:27  9 26 2016   35.408    1.225 ds    268.0 
14:19:40  9 26 2016   35.827    1.231 ds    267.0 
14:22:52  9 26 2016   36.258    1.238 ds    269.1 
14:26:04  9 26 2016   36.700    1.245 ds    267.4 
14:34:14  9 26 2016   37.871    1.264 ds    268.4 
14:42:12  9 26 2016   39.076    1.285 ds    268.4 
14:45:25  9 26 2016   39.576    1.295 ds    269.3 
14:48:37  9 26 2016   40.084    1.304 ds    267.5 
14:53:59  9 26 2016   40.954    1.321 ds    267.6 
14:57:11  9 26 2016   41.483    1.331 ds    267.4 
15:00:24  9 26 2016   42.019    1.343 ds    266.8 
15:03:38  9 26 2016   42.570    1.354 ds    267.6 
15:10:03  9 26 2016   43.677    1.379 ds    268.6 
15:21:25  9 26 2016   45.700    1.427 ds    268.2 
15:29:25  9 26 2016   47.166    1.465 ds    265.8 
15:32:38  9 26 2016   47.765    1.482 ds    266.6 
15:35:50  9 26 2016   48.363    1.499 ds    266.4 
15:41:15  9 26 2016   49.386    1.530 ds    267.4 
15:44:27  9 26 2016   49.999    1.549 ds    266.7 
15:47:39  9 26 2016   50.615    1.569 ds    267.2 
15:50:56  9 26 2016   51.248    1.590 ds    266.2 
15:54:08  9 26 2016   51.872    1.611 ds    266.8 
15:57:21  9 26 2016   52.501    1.634 ds    266.8 
16:00:33  9 26 2016   53.132    1.657 ds    266.4 
16:08:41  9 26 2016   54.748    1.722 ds    265.6 
16:16:44  9 26 2016   56.365    1.792 ds    267.0 
16:19:57  9 26 2016   57.015    1.823 ds    266.4 
16:23:09  9 26 2016   57.667    1.855 ds    265.4 
16:28:36  9 26 2016   58.782    1.913 ds    265.6 
16:31:50  9 26 2016   59.445    1.949 ds    265.6 
16:35:02  9 26 2016   60.106    1.987 ds    265.8 
16:40:05  9 26 2016   61.150    2.051 ds    266.7 
16:43:17  9 26 2016   61.816    2.094 ds    265.5 
16:46:30  9 26 2016   62.486    2.140 ds    265.9 
16:49:46  9 26 2016   63.169    2.188 ds    266.0 
16:57:50  9 26 2016   64.865    2.321 ds    266.3 
17:05:51  9 26 2016   66.556    2.472 ds    266.2 
17:09:04  9 26 2016   67.239    2.540 ds    266.4 
17:12:17  9 26 2016   67.922    2.611 ds    265.8 
17:17:42  9 26 2016   69.076    2.741 ds    265.8 
17:20:54  9 26 2016   69.761    2.826 ds    265.2 
17:24:07  9 26 2016   70.449    2.916 ds    265.7 
17:29:08  9 26 2016   71.524    3.070 ds    265.3 
17:32:21  9 26 2016   72.215    3.177 ds    264.8 
17:35:34  9 26 2016   72.904    3.294 ds    264.1 
17:38:46  9 26 2016   73.593    3.418 ds    263.8 
17:46:52  9 26 2016   75.343    3.781 ds    262.5 
08:09:13  9 27 2016   75.006    3.705 ds    258.6 
08:17:11  9 27 2016   73.290    3.362 ds    257.8 
08:20:23  9 27 2016   72.605    3.242 ds    257.7 
08:23:38  9 27 2016   71.906    3.128 ds    258.3 
08:29:04  9 27 2016   70.745    2.957 ds    259.4 
08:32:15  9 27 2016   70.063    2.865 ds    258.9 
08:35:28  9 27 2016   69.377    2.778 ds    259.1 
08:40:27  9 27 2016   68.320    2.654 ds    259.4 
08:43:39  9 27 2016   67.641    2.581 ds    259.6 
08:46:51  9 27 2016   66.963    2.512 ds    259.6 
08:50:03  9 27 2016   66.288    2.447 ds    259.5 
08:58:06  9 27 2016   64.592    2.298 ds    259.7 
09:06:08  9 27 2016   62.911    2.170 ds    258.3 
09:09:20  9 27 2016   62.245    2.123 ds    259.6 
09:12:32  9 27 2016   61.582    2.079 ds    259.0 
09:17:57  9 27 2016   60.463    2.008 ds    259.5 
09:21:09  9 27 2016   59.804    1.970 ds    260.1 
09:24:22  9 27 2016   59.148    1.933 ds    258.5 
09:29:29  9 27 2016   58.102    1.877 ds    259.3 
09:32:41  9 27 2016   57.453    1.844 ds    260.2 
09:35:53  9 27 2016   56.807    1.813 ds    259.2 
09:39:05  9 27 2016   56.163    1.783 ds    259.7 
09:47:11  9 27 2016   54.545    1.713 ds    258.8 
09:55:12  9 27 2016   52.962    1.651 ds    260.4 
09:58:24  9 27 2016   52.337    1.628 ds    259.1 
10:01:36  9 27 2016   51.714    1.606 ds    259.7 
10:07:00  9 27 2016   50.676    1.571 ds    259.8 
10:13:24  9 27 2016   49.456    1.532 ds    260.4 
10:18:26  9 27 2016   48.511    1.503 ds    261.2 
10:24:50  9 27 2016   47.323    1.470 ds    260.9 
10:28:02  9 27 2016   46.736    1.454 ds    260.8 
10:36:10  9 27 2016   45.271    1.416 ds    260.3 
10:44:09  9 27 2016   43.866    1.383 ds    260.7 
10:47:21  9 27 2016   43.315    1.370 ds    260.9 
10:50:33  9 27 2016   42.770    1.358 ds    260.2 
10:55:55  9 27 2016   41.870    1.339 ds    261.5 
11:02:20  9 27 2016   40.822    1.318 ds    261.1 
11:07:25  9 27 2016   40.015    1.303 ds    260.9 
11:10:37  9 27 2016   39.517    1.293 ds    262.5 
11:17:01  9 27 2016   38.546    1.276 ds    262.9 
11:25:11  9 27 2016   37.363    1.256 ds    262.4 
11:33:10  9 27 2016   36.272    1.238 ds    262.2 
11:36:22  9 27 2016   35.854    1.232 ds    262.7 
11:44:59  9 27 2016   34.786    1.216 ds    262.4 
11:48:12  9 27 2016   34.413    1.210 ds    263.2 
11:51:24  9 27 2016   34.052    1.205 ds    262.9 
11:56:29  9 27 2016   33.508    1.198 ds    264.1 
11:59:41  9 27 2016   33.184    1.193 ds    262.1 
12:02:54  9 27 2016   32.875    1.189 ds    263.2 
12:06:07  9 27 2016   32.579    1.185 ds    262.8 
12:22:15  9 27 2016   31.343    1.169 ds    261.2 
12:25:27  9 27 2016   31.150    1.167 ds    262.7 
12:28:39  9 27 2016   30.974    1.165 ds    263.2 
12:34:02  9 27 2016   30.719    1.162 ds    263.9 
12:40:28  9 27 2016   30.484    1.159 ds    263.4 
12:45:33  9 27 2016   30.351    1.158 ds    263.7 
12:48:45  9 27 2016   30.294    1.157 ds    263.1 
12:51:58  9 27 2016   30.255    1.156 ds    262.6 
12:55:10  9 27 2016   30.236    1.156 ds    262.9 
13:03:20  9 27 2016   30.276    1.157 ds    262.1 
13:11:18  9 27 2016   30.437    1.159 ds    262.6 
13:14:30  9 27 2016   30.535    1.160 ds    262.6 
13:17:42  9 27 2016   30.652    1.161 ds    263.5 
13:23:06  9 27 2016   30.892    1.164 ds    264.7 
13:26:18  9 27 2016   31.059    1.166 ds    262.7 
13:32:46  9 27 2016   31.450    1.171 ds    265.1 
13:35:59  9 27 2016   31.672    1.174 ds    263.1 
13:39:11  9 27 2016   31.910    1.177 ds    262.3 
13:42:23  9 27 2016   32.163    1.180 ds    263.6 
13:50:33  9 27 2016   32.883    1.189 ds    262.9 
13:58:31  9 27 2016   33.680    1.200 ds    263.9 
14:01:44  9 27 2016   34.028    1.205 ds    263.0 
14:04:57  9 27 2016   34.388    1.210 ds    264.0 
14:10:18  9 27 2016   35.018    1.219 ds    263.8 
14:16:42  9 27 2016   35.818    1.231 ds    262.5 
14:24:24  9 27 2016   36.840    1.247 ds    263.2 
14:27:36  9 27 2016   37.285    1.255 ds    262.7 
14:30:49  9 27 2016   37.741    1.262 ds    264.6 
14:38:58  9 27 2016   38.941    1.283 ds    263.8 
14:46:56  9 27 2016   40.172    1.306 ds    263.9 
14:50:08  9 27 2016   40.681    1.316 ds    264.7 
14:53:21  9 27 2016   41.202    1.326 ds    264.7 
15:01:55  9 27 2016   42.622    1.355 ds    263.6 
15:05:07  9 27 2016   43.166    1.367 ds    263.7 
15:08:23  9 27 2016   43.727    1.380 ds    263.4 
15:11:35  9 27 2016   44.284    1.393 ds    263.2 
15:14:48  9 27 2016   44.849    1.406 ds    264.4 
15:18:00  9 27 2016   45.418    1.420 ds    265.3 
15:26:09  9 27 2016   46.889    1.458 ds    263.6 
15:34:12  9 27 2016   48.377    1.499 ds    265.1 
15:37:24  9 27 2016   48.978    1.517 ds    263.5 
15:40:36  9 27 2016   49.582    1.536 ds    263.2 
15:45:59  9 27 2016   50.608    1.568 ds    265.8 
15:49:11  9 27 2016   51.224    1.589 ds    263.2 
15:52:23  9 27 2016   51.843    1.610 ds    264.4 
15:57:26  9 27 2016   52.826    1.646 ds    263.9 
16:00:38  9 27 2016   53.454    1.670 ds    264.8 
16:03:50  9 27 2016   54.087    1.695 ds    263.5 
16:07:03  9 27 2016   54.724    1.721 ds    264.5 
16:15:09  9 27 2016   56.345    1.791 ds    264.1 
16:23:11  9 27 2016   57.970    1.870 ds    264.7 
16:26:23  9 27 2016   58.621    1.904 ds    263.7 
16:29:35  9 27 2016   59.275    1.940 ds    264.5 
16:34:59  9 27 2016   60.385    2.004 ds    263.7 
16:38:12  9 27 2016   61.048    2.044 ds    264.3 
16:46:23  9 27 2016   62.748    2.158 ds    263.5 
16:49:38  9 27 2016   63.427    2.207 ds    264.8 
16:52:51  9 27 2016   64.097    2.259 ds    264.5 
17:04:05  9 27 2016   66.462    2.463 ds    263.7 
17:18:28  9 27 2016   69.515    2.795 ds    263.6 
17:21:40  9 27 2016   70.196    2.882 ds    262.9 
17:24:52  9 27 2016   70.880    2.975 ds    262.4 
17:28:04  9 27 2016   71.566    3.076 ds    261.5 
17:31:16  9 27 2016   72.252    3.184 ds    262.3 
17:39:19  9 27 2016   73.984    3.493 ds    261.0 
17:42:31  9 27 2016   74.673    3.633 ds    261.1 
17:45:43  9 27 2016   75.363    3.786 ds    260.3 
08:09:41  9 28 2016   75.027    3.710 ds    269.9 
08:17:40  9 28 2016   73.310    3.366 ds    269.8 
08:20:52  9 28 2016   72.625    3.245 ds    271.0 
08:24:07  9 28 2016   71.928    3.132 ds    271.1 
08:29:32  9 28 2016   70.771    2.960 ds    272.1 
08:32:44  9 28 2016   70.089    2.868 ds    271.9 
08:35:56  9 28 2016   69.410    2.782 ds    272.1 
08:40:54  9 28 2016   68.356    2.658 ds    272.1 
08:44:06  9 28 2016   67.679    2.585 ds    272.5 
08:47:18  9 28 2016   67.004    2.516 ds    273.6 
08:50:30  9 28 2016   66.329    2.451 ds    272.3 
08:58:33  9 28 2016   64.638    2.302 ds    272.4 
09:06:35  9 28 2016   62.962    2.173 ds    273.6 
09:09:47  9 28 2016   62.298    2.127 ds    273.8 
09:12:59  9 28 2016   61.637    2.082 ds    274.5 
09:18:24  9 28 2016   60.522    2.012 ds    273.1 
09:21:36  9 28 2016   59.865    1.973 ds    274.7 
09:24:48  9 28 2016   59.211    1.936 ds    274.0 
09:29:50  9 28 2016   58.190    1.882 ds    275.5 
09:33:02  9 28 2016   57.541    1.849 ds    275.1 
09:36:14  9 28 2016   56.896    1.817 ds    275.2 
09:39:26  9 28 2016   56.254    1.787 ds    274.7 
09:47:32  9 28 2016   54.642    1.717 ds    277.3 
09:55:34  9 28 2016   53.066    1.655 ds    276.5 
09:58:46  9 28 2016   52.444    1.632 ds    275.5 
10:01:58  9 28 2016   51.825    1.610 ds    277.4 
10:07:22  9 28 2016   50.791    1.574 ds    276.5 
10:10:34  9 28 2016   50.182    1.554 ds    277.2 
10:13:46  9 28 2016   49.577    1.535 ds    276.0 
10:18:50  9 28 2016   48.630    1.507 ds    277.1 
10:22:02  9 28 2016   48.038    1.490 ds    277.6 
10:25:14  9 28 2016   47.450    1.473 ds    276.7 
10:28:27  9 28 2016   46.866    1.457 ds    277.6 
10:36:35  9 28 2016   45.410    1.420 ds    276.6 
10:44:38  9 28 2016   44.006    1.386 ds    279.9 
10:47:50  9 28 2016   43.459    1.374 ds    279.0 
10:51:02  9 28 2016   42.918    1.362 ds    279.0 
10:56:24  9 28 2016   42.028    1.343 ds    279.0 
10:59:36  9 28 2016   41.505    1.332 ds    280.6 
11:02:48  9 28 2016   40.991    1.322 ds    280.1 
11:07:53  9 28 2016   40.193    1.306 ds    280.8 
11:11:05  9 28 2016   39.701    1.297 ds    280.4 
11:14:17  9 28 2016   39.215    1.288 ds    280.3 
11:33:38  9 28 2016   36.498    1.242 ds    281.4 
11:36:50  9 28 2016   36.085    1.235 ds    280.4 
11:40:03  9 28 2016   35.684    1.229 ds    282.1 
11:45:24  9 28 2016   35.041    1.219 ds    283.1 
11:48:36  9 28 2016   34.674    1.214 ds    282.9 
11:51:49  9 28 2016   34.319    1.209 ds    282.2 
11:56:54  9 28 2016   33.786    1.201 ds    282.1 
12:00:06  9 28 2016   33.469    1.197 ds    282.3 
12:03:18  9 28 2016   33.166    1.193 ds    282.1 
12:14:40  9 28 2016   32.216    1.180 ds    280.4 
12:22:38  9 28 2016   31.674    1.174 ds    283.2 
12:25:50  9 28 2016   31.487    1.171 ds    281.9 
12:29:02  9 28 2016   31.317    1.169 ds    280.1 
12:34:26  9 28 2016   31.072    1.166 ds    280.9 
12:37:38  9 28 2016   30.951    1.165 ds    283.4 
12:40:50  9 28 2016   30.848    1.163 ds    281.5 
12:44:05  9 28 2016   30.764    1.162 ds    283.0 
