Slit equations
====================

                               Slit # 0
                               =======

Line 1 file W1002816.185 905.0363 905.4360 2893.600 -0.3997192
-406568.4 489.927 480548.7 754.35 1056.36 905.357 151.0027

Line 2 file W2002816.185 1879.3905 1879.9473 2967.280 -0.5567627
-4710712.0 2612.739 5110221.5 1726.52 2032.34 1879.433 152.9083

Line 3 file W3002816.185 7170.9072 7174.4658 3341.480 -3.5585938
-4414534.0 622.052 4507654.0 7021.87 7321.27 7171.571 149.6978

Line 4 file W4002016.185 3423.0640 3423.5911 3080.822 -0.5270996
-330624.4 98.798 345826.6 3269.52 3577.26 3423.392 153.8708

Line 5 file W5002016.185 4152.2227 4151.7832 3133.167 0.4394531
-1983188.4 486.627 2058076.2 3998.43 4306.21 4152.320 153.8916

Line 6 file W6002016.185 5980.7388 5984.7847 3261.055 -4.0458984
-12107993.0 2050.116 12426022.0 5828.44 6138.69 5983.566 155.1274

Wavelength versus step # constants: 2824.00 0.0776307 -7.64312e-07
Wavelength (given):   2893.60  2967.28  3341.48  3080.82  3133.17  3261.05
Wavelength (calc):    2893.66  2967.20  3341.43  3080.80  3133.17  3261.14
Accuracy(giv-cal):     -0.058    0.077    0.055    0.018   -0.003   -0.090

                               Slit # 1
                               =======

Line 4 file W4102016.185 2997.3013 2998.5090 3080.822 -1.2077637
-289727.6 99.159 304773.4 2845.99 3149.46 2997.721 151.7346

Line 5 file W5102016.185 3726.7666 3727.7673 3133.167 -1.0007324
-1755423.1 480.859 1828831.5 3574.26 3879.59 3726.925 152.6606

Line 6 file W6102016.185 5555.8408 5557.0986 3261.055 -1.2578125
-11051609.0 2016.478 11364237.0 5403.13 5713.20 5558.168 155.0366

Line 8 file W8102116.185 9175.1934 9175.6914 3499.952 -0.4980469
-1633428.5 179.555 1661459.6 9019.04 9331.27 9175.158 156.1143

Wavelength versus step # constants: 2858.13 0.0764058 -7.03423e-07
Wavelength (given):   3080.82  3133.17  3261.05  3499.95
Wavelength (calc):    3080.85  3133.12  3261.08  3499.95
Accuracy(giv-cal):     -0.031    0.048   -0.021    0.003

                               Slit # 2
                               =======

Line 3 file W3202816.185 6236.7646 6240.0029 3341.480 -3.2382812
-3358903.8 545.422 3445047.5 6079.38 6395.26 6237.323 157.9395

Line 4 file W4202016.185 2478.3269 2478.0837 3080.822 0.2431641
-243545.8 101.296 258602.8 2329.98 2627.27 2478.625 148.6438

Line 7 file W7202016.185 7179.0610 7181.2192 3403.652 -2.1582031
-11405558.0 1605.321 11644811.0 7030.32 7328.40 7179.362 149.0376

Line 8 file W8202116.185 8672.2686 8673.6455 3499.952 -1.3769531
-1617293.2 188.125 1645693.5 8521.43 8823.36 8672.394 150.9648

Wavelength versus step # constants: 2898.38 0.0753053 -6.85075e-07
Wavelength (given):   3341.48  3080.82  3403.65  3499.95
Wavelength (calc):    3341.43  3080.83  3403.71  3499.93
Accuracy(giv-cal):      0.048   -0.004   -0.062    0.018

                               Slit # 3
                               =======

Line 3 file W3302816.185 5758.8320 5759.8452 3341.480 -1.0131836
-3133785.2 551.778 3221308.5 5600.12 5917.36 5758.741 158.6201

Line 4 file W4302016.185 1995.0970 1994.8002 3080.822 0.2968750
-193167.7 100.716 208742.1 1840.63 2149.91 1995.271 154.6376

Line 5 file W5302016.185 2726.0112 2725.7109 3133.167 0.3002930
-1284138.0 485.053 1360270.5 2568.94 2882.86 2725.898 156.9573

Line 6 file W6302016.185 4560.3838 4565.5737 3261.055 -5.1899414
-8803010.0 1963.540 9118393.0 4402.93 4724.16 4563.545 160.6196

Line 7 file W7302016.185 6703.7544 6701.4951 3403.652 2.2592773
-10272236.0 1550.903 10519624.0 6543.64 6862.66 6703.147 159.5122

Line 8 file W8302116.185 8204.3486 8206.6084 3499.952 -2.2597656
-1373150.2 169.091 1401551.8 8036.78 8372.71 8204.748 167.9658

Wavelength versus step # constants: 2934.36 0.0748856 -7.25927e-07
Wavelength (given):   3341.48  3080.82  3133.17  3261.05  3403.65  3499.95
Wavelength (calc):    3341.53  3080.89  3133.10  3260.99  3403.71  3499.91
Accuracy(giv-cal):     -0.053   -0.066    0.070    0.068   -0.060    0.042

                               Slit # 4
                               =======

Line 3 file W3402816.185 5295.4678 5294.7476 3341.480 0.7202148
-2938612.5 563.406 3028230.5 5136.27 5454.40 5295.333 159.0645

Line 4 file W4402016.185 1526.5682 1527.3000 3080.822 -0.7318115
-142558.5 98.360 157760.1 1372.08 1681.18 1526.632 154.5510

Line 5 file W5402016.185 2257.3684 2257.3408 3133.167 0.0275879
-1054104.1 483.511 1128636.2 2103.03 2411.33 2257.179 154.1477

Line 6 file W6402016.185 4094.7004 4097.8818 3261.055 -3.1813965
-7814276.0 1944.829 8123858.5 3938.38 4256.75 4097.567 159.1826

Line 8 file W8402116.185 7751.8125 7753.5723 3499.952 -1.7597656
-1358865.5 177.091 1386839.5 7594.28 7910.20 7752.239 157.9639

Wavelength versus step # constants: 2969.20 0.0743119 -7.54528e-07
Wavelength (given):   3341.48  3080.82  3133.17  3261.05  3499.95
Wavelength (calc):    3341.54  3080.88  3133.09  3261.03  3499.93
Accuracy(giv-cal):     -0.065   -0.062    0.080    0.030    0.018

                               Slit # 5
                               =======

Line 3 file W3502816.185 4842.9341 4844.3760 3341.480 -1.4418945
-2621205.5 550.214 2708219.0 4684.91 5001.20 4843.052 158.1450

Line 4 file W4502016.185 1065.6588 1066.6555 3080.822 -0.9967041
-93381.0 94.445 107961.3 911.54 1220.30 1065.919 154.3777

Line 5 file W5502016.185 1797.6354 1797.3417 3133.167 0.2937012
-806362.6 468.900 879462.1 1641.74 1953.53 1797.636 155.8956

Line 6 file W6502016.185 3639.1643 3642.6709 3261.055 -3.5065918
-6847453.5 1921.790 7151111.0 3484.06 3800.07 3642.065 158.0078

Line 7 file W7502016.185 5793.7964 5793.3408 3403.652 0.4555664
-8548960.0 1495.568 8780815.0 5638.68 5948.74 5793.711 155.0278

Line 8 file W8502116.185 7306.3057 7305.5293 3499.952 0.7763672
-1236642.0 171.154 1264604.6 7143.63 7470.39 7307.010 163.3770

Wavelength versus step # constants: 3003.45 0.07347 -7.56423e-07
Wavelength (given):   3341.48  3080.82  3133.17  3261.05  3403.65  3499.95
Wavelength (calc):    3341.53  3080.90  3133.08  3261.00  3403.72  3499.91
Accuracy(giv-cal):     -0.045   -0.080    0.091    0.058   -0.069    0.045

  Original O3 weight    0.00    0.00   -1.00    0.50    2.20   -1.70
 Original SO2 weight    0.00   -1.00    0.00    0.00    4.20   -3.20

1016 Wavelength(A) 3031.63 3062.85 3100.22 3134.74 3167.78 3199.70 SO2: 1.1552
     Resolution(A)   11.22   11.06   10.72   11.07   10.93   10.84
     O3 Abs (1/cm)  2.6292  1.7835  1.0061  0.6777  0.3749  0.2957  O3: 0.3452
     SO2Abs (1/cm)  2.6756  6.5883  1.9613  1.8547  0.9841  0.5607
 Ozone weighting:     0.00    0.00   -1.00    0.12    2.92   -2.04  O3: 0.4333 0.5 -0.2
 SO2   weighting:     0.00   -1.00    0.00    0.00    4.44   -3.44 SO2: 1.1362 -0.4 0.0
 Rayleigh coeff.:     5329    5097    4837    4612    4408    4222  -3.4 /   -6.1 (DU)
 Rayleigh orign.:        0    4870    4620    4410    4220    4040  +0.3 /   -2.4 (DU)

1017 Wavelength(A) 3031.71 3062.93 3100.29 3134.81 3167.85 3199.77 SO2: 1.1521
     Resolution(A)   11.22   11.06   10.72   11.07   10.93   10.84
     O3 Abs (1/cm)  2.6267  1.7820  1.0058  0.6774  0.3749  0.2952  O3: 0.3442
     SO2Abs (1/cm)  2.6517  6.6235  1.9709  1.8364  0.9871  0.5551
 Ozone weighting:     0.00    0.00   -1.00    0.10    2.97   -2.07  O3: 0.4357 0.5 -0.1
 SO2   weighting:     0.00   -1.00    0.00    0.00    4.44   -3.44 SO2: 1.1330 -0.4 0.0
 Rayleigh coeff.:     5328    5097    4837    4611    4408    4222  -3.4 /   -5.7 (DU)
 Rayleigh orign.:        0    4870    4620    4410    4220    4040  +0.3 /   -2.0 (DU)

1018 Wavelength(A) 3031.78 3063.00 3100.36 3134.88 3167.92 3199.84 SO2: 1.1489
     Resolution(A)   11.22   11.06   10.72   11.07   10.93   10.84
     O3 Abs (1/cm)  2.6241  1.7805  1.0055  0.6771  0.3749  0.2947  O3: 0.3431
     SO2Abs (1/cm)  2.6302  6.6579  1.9811  1.8186  0.9901  0.5495
 Ozone weighting:     0.00    0.00   -1.00    0.07    3.02   -2.09  O3: 0.4418 0.5 -0.2
 SO2   weighting:     0.00   -1.00    0.00    0.00    4.44   -3.44 SO2: 1.1296 -0.4 0.0
 Rayleigh coeff.:     5328    5096    4836    4611    4407    4222  -3.4 /   -6.2 (DU)
 Rayleigh orign.:        0    4870    4620    4410    4220    4040  +0.3 /   -2.5 (DU)

1019 Wavelength(A) 3031.85 3063.07 3100.43 3134.95 3167.99 3199.91 SO2: 1.1455
     Resolution(A)   11.22   11.06   10.72   11.07   10.93   10.84
     O3 Abs (1/cm)  2.6216  1.7788  1.0053  0.6769  0.3750  0.2942  O3: 0.3421
     SO2Abs (1/cm)  2.6088  6.6923  1.9913  1.8008  0.9932  0.5438
 Ozone weighting:     0.00    0.00   -1.00    0.04    3.08   -2.12  O3: 0.4470 0.5 -0.2
 SO2   weighting:     0.00   -1.00    0.00    0.00    4.44   -3.44 SO2: 1.1261 -0.4 0.0
 Rayleigh coeff.:     5327    5096    4836    4610    4407    4221  -3.4 /   -6.2 (DU)
 Rayleigh orign.:        0    4870    4620    4410    4220    4040  +0.3 /   -2.5 (DU)

1020 Wavelength(A) 3031.93 3063.14 3100.50 3135.02 3168.06 3199.98 SO2: 1.1421
     Resolution(A)   11.22   11.06   10.72   11.07   10.93   10.84
     O3 Abs (1/cm)  2.6190  1.7772  1.0050  0.6765  0.3750  0.2938  O3: 0.3411
     SO2Abs (1/cm)  2.5874  6.7260  2.0012  1.7832  0.9962  0.5381
 Ozone weighting:     0.00    0.00   -1.00    0.01    3.15   -2.16  O3: 0.4514 0.5 -0.2
 SO2   weighting:     0.00   -1.00    0.00    0.00    4.44   -3.44 SO2: 1.1226 -0.4 0.0
 Rayleigh coeff.:     5327    5095    4835    4610    4407    4221  -3.5 /   -5.9 (DU)
 Rayleigh orign.:        0    4870    4620    4410    4220    4040  +0.3 /   -2.1 (DU)

1021 Wavelength(A) 3032.00 3063.22 3100.58 3135.09 3168.13 3200.05 SO2: 1.1387
     Resolution(A)   11.22   11.06   10.72   11.07   10.93   10.84
     O3 Abs (1/cm)  2.6163  1.7756  1.0048  0.6761  0.3751  0.2933  O3: 0.3401
     SO2Abs (1/cm)  2.5662  6.7554  2.0119  1.7655  0.9991  0.5322
 Ozone weighting:     0.00    0.00   -1.00   -0.03    3.23   -2.20  O3: 0.4587 0.5 -0.2
 SO2   weighting:     0.00   -1.00    0.00    0.00    4.44   -3.44 SO2: 1.1191 -0.4 0.0
 Rayleigh coeff.:     5326    5095    4835    4609    4406    4220  -3.5 /   -5.9 (DU)
 Rayleigh orign.:        0    4870    4620    4410    4220    4040  +0.3 /   -2.2 (DU)

1022 Wavelength(A) 3032.07 3063.29 3100.65 3135.16 3168.20 3200.12 SO2: 1.1352
     Resolution(A)   11.22   11.06   10.72   11.07   10.93   10.84
     O3 Abs (1/cm)  2.6136  1.7740  1.0045  0.6757  0.3752  0.2928  O3: 0.3390
     SO2Abs (1/cm)  2.5470  6.7831  2.0238  1.7482  1.0019  0.5264
 Ozone weighting:     0.00    0.00   -1.00   -0.07    3.32   -2.25  O3: 0.4650 0.5 -0.1
 SO2   weighting:     0.00   -1.00    0.00    0.00    4.44   -3.44 SO2: 1.1154 -0.3 0.0
 Rayleigh coeff.:     5325    5094    4834    4609    4406    4220  -3.5 /   -5.6 (DU)
 Rayleigh orign.:        0    4870    4620    4410    4220    4040  +0.3 /   -1.8 (DU)

1023 Wavelength(A) 3032.15 3063.36 3100.72 3135.23 3168.27 3200.19 SO2: 1.1314
     Resolution(A)   11.22   11.06   10.72   11.07   10.93   10.84
     O3 Abs (1/cm)  2.6111  1.7724  1.0042  0.6753  0.3753  0.2923  O3: 0.3378
     SO2Abs (1/cm)  2.5280  6.8109  2.0357  1.7313  1.0048  0.5205
 Ozone weighting:     0.00    0.00   -1.00   -0.13    3.44   -2.31  O3: 0.4761 0.5 -0.1
 SO2   weighting:     0.00   -1.00    0.00    0.00    4.44   -3.44 SO2: 1.1115 -0.3 0.0
 Rayleigh coeff.:     5325    5094    4834    4609    4405    4220  -3.5 /   -5.7 (DU)
 Rayleigh orign.:        0    4870    4620    4410    4220    4040  +0.3 /   -1.9 (DU)

1024 Wavelength(A) 3032.22 3063.43 3100.79 3135.30 3168.34 3200.26 SO2: 1.1276
     Resolution(A)   11.22   11.06   10.72   11.07   10.93   10.84
     O3 Abs (1/cm)  2.6087  1.7707  1.0038  0.6748  0.3754  0.2917  O3: 0.3365
     SO2Abs (1/cm)  2.5089  6.8384  2.0475  1.7144  1.0076  0.5146
 Ozone weighting:     0.00    0.00   -1.00   -0.20    3.59   -2.39  O3: 0.4884 0.5 -0.1
 SO2   weighting:     0.00   -1.00    0.00    0.00    4.44   -3.44 SO2: 1.1075 -0.3 0.0
 Rayleigh coeff.:     5324    5093    4833    4608    4405    4219  -3.5 /   -5.4 (DU)
 Rayleigh orign.:        0    4870    4620    4410    4220    4040  +0.3 /   -1.6 (DU)

Umkher:
1020 Wavelength(A) 3031.93 3063.14 3100.50 3135.02 3168.06 3199.98 SO2: 1.1421
     Resolution(A)   11.22   11.06   10.72   11.07   10.93   10.84
log(10)*O3abs       6.0305  4.0922  2.3141  1.5577  0.8636  0.6764  O3: 0.7853
 Ozone weighting:     0.00    0.00   -1.00    0.01    3.15   -2.16  O3: 1.0394
 SO2   weighting:     0.00   -1.00    0.00    0.00    4.44   -3.44 SO2: 1.1226
 Rayleigh coeff.:     5327    5095    4835    4610    4407    4221

Umkher:
2429 Wavelength(A) 3133.86 3163.95 3199.93 3233.46 3265.41 3296.13 SO2: 0.3066
     Resolution(A)   10.89   10.81   10.47   10.89   10.67   10.59
log(10)*O3abs       1.5640  0.9056  0.6790  0.2800  0.1061  0.0769  O3: 0.1895
 Rayleigh coeff.:     4617    4431    4221    4037    3870    3719

Zero = 1733   CalStep = 1020   UmkOffset = 2429  NO2 switch = 2518

For umksetup:
 4.0922   2.3141   1.5577   0.8636  
 0.6790   0.2800   0.1061   0.0769  

