Slit equations
====================

                               Slit # 0
                               =======

Line 1 file W1002816.185 905.0363 905.4360 2893.600 -0.3997192
-406568.4 489.927 480548.7 754.35 1056.36 905.357 151.0027

Line 2 file W2002816.185 1879.3905 1879.9473 2967.280 -0.5567627
-4710712.0 2612.739 5110221.5 1726.52 2032.34 1879.433 152.9083

Line 3 file W3002816.185 7170.9072 7174.4658 3341.480 -3.5585938
-4414534.0 622.052 4507654.0 7021.87 7321.27 7171.571 149.6978

Line 4 file W4002016.185 3423.0640 3423.5911 3080.822 -0.5270996
-330624.4 98.798 345826.6 3269.52 3577.26 3423.392 153.8708

Line 5 file W5002016.185 4152.2227 4151.7832 3133.167 0.4394531
-1983188.4 486.627 2058076.2 3998.43 4306.21 4152.320 153.8916

Line 6 file W6002016.185 5980.7388 5984.7847 3261.055 -4.0458984
-12107993.0 2050.116 12426022.0 5828.44 6138.69 5983.566 155.1274

Line 7 file W7002016.185 8107.0093 8104.2954 3403.652 2.7138672
-12169966.0 1515.683 12404463.0 7952.00 8261.43 8106.716 154.7134

Wavelength versus step # constants: 2823.53 0.0781896 -9.30265e-07 1.38136e-11
Wavelength (given):   2893.60  2967.28  3341.48  3080.82  3133.17  3261.05  3403.65
Wavelength (calc):    2893.57  2967.29  3341.53  3080.86  3133.15  3261.04  3403.62
Accuracy(giv-cal):      0.029   -0.011   -0.046   -0.037    0.016    0.016    0.034

                               Slit # 1
                               =======

Line 1 file W1102816.185 480.4694 481.7170 2893.600 -1.2476196
-209831.7 515.150 285508.8 333.87 627.68 480.773 146.9029

Line 2 file W2102816.185 1453.6304 1453.6415 2967.280 -0.0111084
-3654851.2 2651.286 4053736.2 1303.30 1604.19 1453.745 150.4496

Line 3 file W3102816.185 6749.1909 6749.5073 3341.480 -0.3164062
-3781601.8 566.990 3871664.0 6590.18 6907.87 6749.026 158.8428

Line 4 file W4102016.185 2997.3013 2998.5090 3080.822 -1.2077637
-289727.6 99.159 304773.4 2845.99 3149.46 2997.721 151.7346

Line 5 file W5102016.185 3726.7666 3727.7673 3133.167 -1.0007324
-1755423.1 480.859 1828831.5 3574.26 3879.59 3726.925 152.6606

Line 7 file W7102016.185 7689.1670 7690.1797 3403.652 -1.0126953
-11503681.0 1511.473 11741444.0 7532.25 7846.87 7689.560 157.3057

Line 8 file W8102116.185 9175.1934 9175.6914 3499.952 -0.4980469
-1633428.5 179.555 1661459.6 9019.04 9331.27 9175.158 156.1143

Wavelength versus step # constants: 2856.53 0.0775021 -9.30485e-07 1.37464e-11
Wavelength (given):   2893.60  2967.28  3341.48  3080.82  3133.17  3403.65  3499.95
Wavelength (calc):    2893.58  2967.27  3341.44  3080.87  3133.16  3403.72  3499.91
Accuracy(giv-cal):      0.022    0.005    0.042   -0.047    0.004   -0.067    0.041

                               Slit # 2
                               =======

Line 2 file W2202816.185 934.9194 935.2480 2967.280 -0.3285522
-2285062.2 2656.293 2682110.8 785.51 1084.46 934.982 149.4746

Line 3 file W3202816.185 6236.7646 6240.0029 3341.480 -3.2382812
-3358903.8 545.422 3445047.5 6079.38 6395.26 6237.323 157.9395

Line 4 file W4202016.185 2478.3269 2478.0837 3080.822 0.2431641
-243545.8 101.296 258602.8 2329.98 2627.27 2478.625 148.6438

Line 5 file W5202016.185 3208.2058 3207.6165 3133.167 0.5893555
-1537446.2 490.771 1611579.5 3057.19 3359.30 3208.245 151.0547

Line 6 file W6202016.185 5040.2622 5042.8906 3261.055 -2.6284180
-9565858.0 1926.926 9870673.0 4885.22 5201.59 5043.403 158.1870

Line 7 file W7202016.185 7179.0610 7181.2192 3403.652 -2.1582031
-11405558.0 1605.321 11644811.0 7030.32 7328.40 7179.362 149.0376

Line 8 file W8202116.185 8672.2686 8673.6455 3499.952 -1.3769531
-1617293.2 188.125 1645693.5 8521.43 8823.36 8672.394 150.9648

Wavelength versus step # constants: 2896.41 0.0766355 -9.30513e-07 1.366e-11
Wavelength (given):   2967.28  3341.48  3080.82  3133.17  3261.05  3403.65  3499.95
Wavelength (calc):    2967.26  3341.52  3080.85  3133.15  3260.99  3403.69  3499.95
Accuracy(giv-cal):      0.022   -0.041   -0.027    0.021    0.060   -0.042    0.006

                               Slit # 3
                               =======

Line 2 file W2302816.185 451.6632 452.3217 2967.280 -0.6585083
-994055.4 2651.321 1401850.6 298.02 605.64 451.833 153.8083

Line 3 file W3302816.185 5758.8320 5759.8452 3341.480 -1.0131836
-3133785.2 551.778 3221308.5 5600.12 5917.36 5758.741 158.6201

Line 4 file W4302016.185 1995.0970 1994.8002 3080.822 0.2968750
-193167.7 100.716 208742.1 1840.63 2149.91 1995.271 154.6376

Line 5 file W5302016.185 2726.0112 2725.7109 3133.167 0.3002930
-1284138.0 485.053 1360270.5 2568.94 2882.86 2725.898 156.9573

Line 6 file W6302016.185 4560.3838 4565.5737 3261.055 -5.1899414
-8803010.0 1963.540 9118393.0 4402.93 4724.16 4563.545 160.6196

Line 7 file W7302016.185 6703.7544 6701.4951 3403.652 2.2592773
-10272236.0 1550.903 10519624.0 6543.64 6862.66 6703.147 159.5122

Line 8 file W8302116.185 8204.3486 8206.6084 3499.952 -2.2597656
-1373150.2 169.091 1401551.8 8036.78 8372.71 8204.748 167.9658

Wavelength versus step # constants: 2933.22 0.0757978 -9.30288e-07 1.35748e-11
Wavelength (given):   2967.28  3341.48  3080.82  3133.17  3261.05  3403.65  3499.95
Wavelength (calc):    2967.28  3341.46  3080.86  3133.20  3261.04  3403.59  3499.99
Accuracy(giv-cal):      0.004    0.022   -0.036   -0.029    0.016    0.063   -0.040

                               Slit # 4
                               =======

Line 3 file W3402816.185 5295.4678 5294.7476 3341.480 0.7202148
-2938612.5 563.406 3028230.5 5136.27 5454.40 5295.333 159.0645

Line 4 file W4402016.185 1526.5682 1527.3000 3080.822 -0.7318115
-142558.5 98.360 157760.1 1372.08 1681.18 1526.632 154.5510

Line 5 file W5402016.185 2257.3684 2257.3408 3133.167 0.0275879
-1054104.1 483.511 1128636.2 2103.03 2411.33 2257.179 154.1477

Line 6 file W6402016.185 4094.7004 4097.8818 3261.055 -3.1813965
-7814276.0 1944.829 8123858.5 3938.38 4256.75 4097.567 159.1826

Line 7 file W7402016.185 6244.9785 6245.1899 3403.652 -0.2114258
-9087378.0 1474.135 9325609.0 6083.75 6406.96 6245.354 161.6074

Line 8 file W8402116.185 7751.8125 7753.5723 3499.952 -1.7597656
-1358865.5 177.091 1386839.5 7594.28 7910.20 7752.239 157.9639

Wavelength versus step # constants: 2968.54 0.0749568 -9.29825e-07 1.34878e-11
Wavelength (given):   3341.48  3080.82  3133.17  3261.05  3403.65  3499.95
Wavelength (calc):    3341.40  3080.86  3133.15  3261.00  3403.69  3500.03
Accuracy(giv-cal):      0.085   -0.034    0.015    0.054   -0.042   -0.079

                               Slit # 5
                               =======

Line 3 file W3502816.185 4842.9341 4844.3760 3341.480 -1.4418945
-2621205.5 550.214 2708219.0 4684.91 5001.20 4843.052 158.1450

Line 4 file W4502016.185 1065.6588 1066.6555 3080.822 -0.9967041
-93381.0 94.445 107961.3 911.54 1220.30 1065.919 154.3777

Line 5 file W5502016.185 1797.6354 1797.3417 3133.167 0.2937012
-806362.6 468.900 879462.1 1641.74 1953.53 1797.636 155.8956

Line 6 file W6502016.185 3639.1643 3642.6709 3261.055 -3.5065918
-6847453.5 1921.790 7151111.0 3484.06 3800.07 3642.065 158.0078

Line 7 file W7502016.185 5793.7964 5793.3408 3403.652 0.4555664
-8548960.0 1495.568 8780815.0 5638.68 5948.74 5793.711 155.0278

Line 8 file W8502116.185 7306.3057 7305.5293 3499.952 0.7763672
-1236642.0 171.154 1264604.6 7143.63 7470.39 7307.010 163.3770

Line 9 file W9502116.185 9119.2744 9118.3643 3611.510 0.9101562
-17166118.0 1899.917 17482316.0 8951.98 9284.83 9118.408 166.4268

Wavelength versus step # constants: 3002.88 0.0741013 -9.29122e-07 1.33978e-11
Wavelength (given):   3341.48  3080.82  3133.17  3261.05  3403.65  3499.95  3611.51
Wavelength (calc):    3341.49  3080.83  3133.17  3261.09  3403.62  3499.96  3611.48
Accuracy(giv-cal):     -0.010   -0.009    0.000   -0.034    0.029   -0.010    0.035

  Original O3 weight    0.00    0.00   -1.00    0.50    2.20   -1.70
 Original SO2 weight    0.00   -1.00    0.00    0.00    4.20   -3.20

1016 Wavelength(A) 3031.73 3062.84 3100.33 3134.84 3167.85 3199.85 SO2: 1.1522
     Resolution(A)   11.23   11.02   10.85   11.13   10.95   10.85
     O3 Abs (1/cm)  2.6257  1.7839  1.0056  0.6771  0.3749  0.2947  O3: 0.3431
     SO2Abs (1/cm)  2.6440  6.5847  1.9809  1.8306  0.9873  0.5489
 Ozone weighting:     0.00    0.00   -1.00    0.10    2.97   -2.07  O3: 0.4343 0.6 -0.0
 SO2   weighting:     0.00   -1.00    0.00    0.00    4.43   -3.43 SO2: 1.1337 -0.4 0.0
 Rayleigh coeff.:     5328    5098    4836    4611    4408    4222  -3.2 /   -5.5 (DU)
 Rayleigh orign.:        0    4870    4620    4410    4220    4040  +0.3 /   -2.0 (DU)

1017 Wavelength(A) 3031.81 3062.91 3100.40 3134.91 3167.92 3199.92 SO2: 1.1490
     Resolution(A)   11.23   11.02   10.85   11.13   10.95   10.85
     O3 Abs (1/cm)  2.6232  1.7824  1.0053  0.6768  0.3749  0.2942  O3: 0.3421
     SO2Abs (1/cm)  2.6226  6.6212  1.9909  1.8125  0.9903  0.5432
 Ozone weighting:     0.00    0.00   -1.00    0.07    3.02   -2.09  O3: 0.4404 0.6 -0.2
 SO2   weighting:     0.00   -1.00    0.00    0.00    4.43   -3.43 SO2: 1.1304 -0.4 0.0
 Rayleigh coeff.:     5327    5097    4836    4611    4407    4221  -3.2 /   -6.0 (DU)
 Rayleigh orign.:        0    4870    4620    4410    4220    4040  +0.3 /   -2.5 (DU)

1018 Wavelength(A) 3031.88 3062.98 3100.47 3134.98 3167.99 3199.98 SO2: 1.1459
     Resolution(A)   11.23   11.02   10.85   11.13   10.95   10.85
     O3 Abs (1/cm)  2.6207  1.7809  1.0050  0.6765  0.3750  0.2937  O3: 0.3411
     SO2Abs (1/cm)  2.6014  6.6560  2.0008  1.7950  0.9933  0.5375
 Ozone weighting:     0.00    0.00   -1.00    0.04    3.08   -2.12  O3: 0.4457 0.5 -0.2
 SO2   weighting:     0.00   -1.00    0.00    0.00    4.43   -3.43 SO2: 1.1272 -0.4 0.0
 Rayleigh coeff.:     5327    5096    4835    4610    4407    4221  -3.2 /   -6.0 (DU)
 Rayleigh orign.:        0    4870    4620    4410    4220    4040  +0.3 /   -2.5 (DU)

1019 Wavelength(A) 3031.95 3063.06 3100.55 3135.05 3168.06 3200.05 SO2: 1.1424
     Resolution(A)   11.23   11.02   10.85   11.13   10.95   10.85
     O3 Abs (1/cm)  2.6180  1.7793  1.0048  0.6761  0.3751  0.2933  O3: 0.3401
     SO2Abs (1/cm)  2.5800  6.6907  2.0126  1.7774  0.9963  0.5316
 Ozone weighting:     0.00    0.00   -1.00    0.01    3.15   -2.16  O3: 0.4500 0.5 -0.1
 SO2   weighting:     0.00   -1.00    0.00    0.00    4.43   -3.43 SO2: 1.1236 -0.4 0.0
 Rayleigh coeff.:     5326    5096    4835    4610    4406    4220  -3.2 /   -5.6 (DU)
 Rayleigh orign.:        0    4870    4620    4410    4220    4040  +0.3 /   -2.1 (DU)

1020 Wavelength(A) 3032.03 3063.13 3100.62 3135.12 3168.13 3200.12 SO2: 1.1389
     Resolution(A)   11.23   11.02   10.85   11.13   10.95   10.85
     O3 Abs (1/cm)  2.6153  1.7777  1.0045  0.6757  0.3751  0.2927  O3: 0.3390
     SO2Abs (1/cm)  2.5593  6.7246  2.0240  1.7598  0.9992  0.5258
 Ozone weighting:     0.00    0.00   -1.00   -0.03    3.22   -2.19  O3: 0.4579 0.5 -0.2
 SO2   weighting:     0.00   -1.00    0.00    0.00    4.43   -3.43 SO2: 1.1199 -0.4 0.0
 Rayleigh coeff.:     5326    5095    4834    4609    4406    4220  -3.2 /   -6.1 (DU)
 Rayleigh orign.:        0    4870    4620    4410    4220    4040  +0.3 /   -2.6 (DU)

1021 Wavelength(A) 3032.10 3063.20 3100.69 3135.19 3168.20 3200.19 SO2: 1.1352
     Resolution(A)   11.23   11.02   10.85   11.13   10.95   10.85
     O3 Abs (1/cm)  2.6127  1.7761  1.0042  0.6753  0.3752  0.2922  O3: 0.3378
     SO2Abs (1/cm)  2.5404  6.7554  2.0357  1.7423  1.0021  0.5199
 Ozone weighting:     0.00    0.00   -1.00   -0.08    3.32   -2.24  O3: 0.4671 0.5 -0.2
 SO2   weighting:     0.00   -1.00    0.00    0.00    4.43   -3.43 SO2: 1.1162 -0.3 0.0
 Rayleigh coeff.:     5325    5095    4834    4609    4406    4220  -3.2 /   -6.2 (DU)
 Rayleigh orign.:        0    4870    4620    4410    4220    4040  +0.3 /   -2.7 (DU)

1022 Wavelength(A) 3032.17 3063.27 3100.76 3135.26 3168.27 3200.26 SO2: 1.1313
     Resolution(A)   11.23   11.02   10.85   11.13   10.95   10.85
     O3 Abs (1/cm)  2.6102  1.7744  1.0039  0.6749  0.3753  0.2916  O3: 0.3365
     SO2Abs (1/cm)  2.5215  6.7833  2.0474  1.7256  1.0049  0.5140
 Ozone weighting:     0.00    0.00   -1.00   -0.14    3.44   -2.30  O3: 0.4780 0.5 -0.3
 SO2   weighting:     0.00   -1.00    0.00    0.00    4.43   -3.43 SO2: 1.1121 -0.3 0.0
 Rayleigh coeff.:     5325    5094    4834    4608    4405    4219  -3.2 /   -6.3 (DU)
 Rayleigh orign.:        0    4870    4620    4410    4220    4040  +0.3 /   -2.7 (DU)

1023 Wavelength(A) 3032.25 3063.35 3100.83 3135.33 3168.34 3200.33 SO2: 1.1274
     Resolution(A)   11.23   11.02   10.85   11.13   10.95   10.85
     O3 Abs (1/cm)  2.6078  1.7728  1.0035  0.6745  0.3754  0.2910  O3: 0.3352
     SO2Abs (1/cm)  2.5025  6.8115  2.0609  1.7089  1.0076  0.5080
 Ozone weighting:     0.00    0.00   -1.00   -0.21    3.58   -2.37  O3: 0.4910 0.5 -0.3
 SO2   weighting:     0.00   -1.00    0.00    0.00    4.43   -3.43 SO2: 1.1080 -0.3 0.0
 Rayleigh coeff.:     5324    5094    4833    4608    4405    4219  -3.3 /   -6.3 (DU)
 Rayleigh orign.:        0    4870    4620    4410    4220    4040  +0.3 /   -2.8 (DU)

1024 Wavelength(A) 3032.32 3063.42 3100.90 3135.40 3168.41 3200.40 SO2: 1.1235
     Resolution(A)   11.23   11.02   10.85   11.13   10.95   10.85
     O3 Abs (1/cm)  2.6055  1.7711  1.0032  0.6740  0.3755  0.2904  O3: 0.3339
     SO2Abs (1/cm)  2.4840  6.8390  2.0745  1.6923  1.0103  0.5021
 Ozone weighting:     0.00    0.00   -1.00   -0.30    3.77   -2.47  O3: 0.5072 0.5 -0.2
 SO2   weighting:     0.00   -1.00    0.00    0.00    4.43   -3.43 SO2: 1.1039 -0.3 0.0
 Rayleigh coeff.:     5324    5093    4833    4607    4404    4218  -3.3 /   -6.1 (DU)
 Rayleigh orign.:        0    4870    4620    4410    4220    4040  +0.3 /   -2.5 (DU)

Umkher:
1020 Wavelength(A) 3032.03 3063.13 3100.62 3135.12 3168.13 3200.12 SO2: 1.1389
     Resolution(A)   11.23   11.02   10.85   11.13   10.95   10.85
log(10)*O3abs       6.0220  4.0932  2.3129  1.5559  0.8638  0.6741  O3: 0.7806
 Ozone weighting:     0.00    0.00   -1.00   -0.03    3.22   -2.19  O3: 1.0545
 SO2   weighting:     0.00   -1.00    0.00    0.00    4.43   -3.43 SO2: 1.1199
 Rayleigh coeff.:     5326    5095    4834    4609    4406    4220

Umkher:
2441 Wavelength(A) 3134.69 3164.81 3201.07 3234.38 3266.19 3296.97 SO2: 0.2664
     Resolution(A)   10.93   10.82   10.59   10.93   10.71   10.63
log(10)*O3abs       1.5617  0.8877  0.6552  0.2580  0.1251  0.0784  O3: 0.1669
 Rayleigh coeff.:     4612    4426    4215    4032    3866    3715

Zero = 1733   CalStep = 1020   UmkOffset = 2441  NO2 switch = 2501

For umksetup:
 4.0932   2.3129   1.5559   0.8638  
 0.6552   0.2580   0.1251   0.0784  

