 2893.6 
 754          547
 764          525
 774          552
 784          535
 794          529
 804          552
 814          660
 824          776
 834         3046
 844         7582
 854        12158
 864        16862
 874        22020
 884        26540
 894        31065
 904        32121
 914        31942
 924        27591
 934        23291
 944        18258
 954        13078
 964         8520
 974         3891
 984          841
 994          586
1004          527
1014          505
1024          482
1034          472
1044          471
1054          472
1054          486
1044          471
1034          463
1024          480
1014          491
1004          520
 994          585
 984          799
 974         4072
 964         8878
 954        13500
 944        18747
 934        23902
 924        28480
 914        32657
 904        32909
 894        31843
 884        27145
 874        22604
 864        17275
 854        12255
 844         7359
 834         2655
 824          791
 814          672
 804          557
 794          567
 784          532
 774          543
 764          548
 754          553
eof
185 mkiii
slit  0 
ZERO  1733 
CalStep 1020
TE  27 
ND  0 
