 2893.6 
 329          523
 339          530
 349          519
 359          538
 369          562
 379          563
 389          616
 399          698
 409         1877
 419         6499
 429        11635
 439        16694
 449        21378
 459        26782
 469        31422
 479        32978
 489        32648
 499        28742
 509        24168
 519        18499
 529        13063
 539         7947
 549         3351
 559          866
 569          598
 579          493
 589          481
 599          472
 609          484
 619          458
 629          458
 629          458
 619          472
 609          475
 599          466
 589          485
 579          488
 569          593
 559          876
 549         3422
 539         7859
 529        12993
 519        18672
 509        24470
 499        28942
 489        32953
 479        33223
 469        31827
 459        26973
 449        21819
 439        17207
 429        12030
 419         6645
 409         2028
 399          725
 389          638
 379          550
 369          526
 359          525
 349          534
 339          523
 329          525
eof
185 mkiii
slit  1 
ZERO  1733 
CalStep 1020
TE  27 
ND  0 
