 2967.28 
1729          346
1739          347
1749          361
1759          386
1769          397
1779          570
1789         1096
1799         1719
1809        15360
1819        42377
1829        69529
1839        94325
1849       118047
1859       145835
1869       169183
1879       175413
1889       172725
1899       148154
1909       122667
1919        96666
1929        69088
1939        42666
1949        18594
1959         1879
1969          798
1979          402
1989          353
1999          336
2009          308
2019          294
2029          293
2029          289
2019          316
2009          323
1999          343
1989          358
1979          407
1969          741
1959         1860
1949        19431
1939        43415
1929        69630
1919        97297
1909       123707
1899       149138
1889       172776
1879       175457
1869       169368
1859       146297
1849       118869
1839        92889
1829        69640
1819        42677
1809        14971
1799         1709
1789         1138
1779          628
1769          389
1759          364
1749          357
1739          348
1729          337
eof
185 mkiii
slit  0 
ZERO  1733 
CalStep 1020
TE  27 
ND  0 
