 2967.28 
1729          394
1739          411
1749          400
1759          417
1769          446
1779          689
1789         1182
1799         1839
1809        14333
1819        41361
1829        66646
1839        92706
1849       116045
1859       143108
1869       166089
1879       171865
1889       169918
1899       146635
1909       120141
1919        94186
1929        69520
1939        42232
1949        17754
1959         1854
1969          770
1979          431
1989          381
1999          375
2009          352
2019          329
2029          344
2029          335
2019          343
2009          361
1999          375
1989          383
1979          435
1969          731
1959         1911
1949        18291
1939        42134
1929        69760
1919        94274
1909       120673
1899       146969
1889       170018
1879       172468
1869       165924
1859       142343
1849       115232
1839        91239
1829        67385
1819        40973
1809        13839
1799         1778
1789         1223
1779          696
1769          435
1759          426
1749          414
1739          368
1729          405
eof
185 mkiii
slit  0 
ZERO  1733 
CalStep 1020
TE  28 
ND  0 
