 2967.28 
1303          338
1313          342
1323          347
1333          347
1343          359
1353          494
1363          934
1373         1531
1383        14021
1393        37329
1403        65614
1413        90270
1423       117151
1433       143184
1443       165786
1453       173012
1463       169617
1473       147658
1483       120812
1493        96288
1503        69281
1513        42578
1523        16377
1533         2105
1543          890
1553          445
1563          351
1573          329
1583          291
1593          295
1603          299
1603          286
1593          290
1583          309
1573          312
1563          332
1553          441
1543          891
1533         2061
1523        16010
1513        42171
1503        69566
1493        95706
1483       120459
1473       147704
1463       169123
1453       173066
1443       166252
1433       144487
1423       118425
1413        91730
1403        66603
1393        38819
1383        15392
1373         1616
1363          960
1353          514
1343          368
1333          359
1323          364
1313          326
1303          329
eof
185 mkiii
slit  1 
ZERO  1733 
CalStep 1020
TE  27 
ND  0 
