 2967.28 
1303          400
1313          400
1323          405
1333          390
1343          414
1353          560
1363          997
1373         1619
1383        14560
1393        37612
1403        64092
1413        89734
1423       113013
1433       140559
1443       162226
1453       169041
1463       165718
1473       145078
1483       117373
1493        93436
1503        68419
1513        40881
1523        15947
1533         2100
1543          901
1553          473
1563          383
1573          370
1583          367
1593          344
1603          329
1603          344
1593          341
1583          359
1573          373
1563          370
1553          471
1543          867
1533         2150
1523        15871
1513        41764
1503        69103
1493        92519
1483       116570
1473       144081
1463       165492
1453       169044
1443       163354
1433       142112
1423       115436
1413        90924
1403        64930
1393        39858
1383        16183
1373         1720
1363         1024
1353          588
1343          423
1333          397
1323          383
1313          391
1303          394
eof
185 mkiii
slit  1 
ZERO  1733 
CalStep 1020
TE  28 
ND  0 
