 2967.28 
 783          316
 793          335
 803          324
 813          341
 823          337
 833          419
 843          711
 853         1212
 863         9461
 873        34596
 883        58843
 893        85416
 903       111235
 913       138382
 923       164329
 933       173620
 943       170639
 953       150923
 963       126637
 973        99144
 983        70152
 993        44893
1003        19790
1013         3036
1023         1113
1033          539
1043          344
1053          320
1063          300
1073          297
1083          288
1083          274
1073          281
1063          288
1053          324
1043          349
1033          532
1023         1045
1013         2996
1003        18290
 993        42607
 983        68796
 973        96871
 963       123047
 953       146868
 943       168303
 933       173590
 923       166430
 913       142030
 903       114331
 893        87729
 883        60777
 873        36345
 863        10849
 853         1303
 843          754
 833          442
 823          354
 813          352
 803          310
 793          326
 783          327
eof
185 mkiii
slit  2 
ZERO  1733 
CalStep 1020
TE  27 
ND  0 
