 2967.28 
 783          377
 793          382
 803          389
 813          400
 823          420
 833          458
 843          833
 853         1338
 863         9774
 873        34462
 883        58890
 893        83358
 903       110214
 913       135431
 923       160226
 933       169377
 943       166957
 953       145301
 963       123498
 973        97249
 983        70021
 993        41974
1003        17000
1013         2892
1023         1040
1033          556
1043          387
1053          365
1063          356
1073          337
1083          310
1083          329
1073          331
1063          351
1053          363
1043          385
1033          535
1023         1031
1013         2867
1003        15319
 993        40770
 983        66993
 973        94227
 963       118693
 953       142366
 943       164273
 933       169650
 923       161998
 913       138494
 903       111790
 893        85686
 883        60215
 873        35496
 863        10972
 853         1332
 843          872
 833          496
 823          419
 813          397
 803          388
 793          377
 783          385
eof
185 mkiii
slit  2 
ZERO  1733 
CalStep 1020
TE  28 
ND  0 
