 2967.28 
 295          330
 305          333
 315          370
 325          359
 335          377
 345          398
 355          575
 365          975
 375         6592
 385        28898
 395        52830
 405        77823
 415       106032
 425       132322
 435       158757
 445       172555
 455       174918
 465       165444
 475       142975
 485       116627
 495        87826
 505        64359
 515        35385
 525         9713
 535         1832
 545          985
 555          495
 565          358
 575          337
 585          309
 595          302
 595          302
 585          317
 575          313
 565          345
 555          502
 545          957
 535         1782
 525         9727
 515        35506
 505        64654
 495        87808
 485       117197
 475       141854
 465       165732
 455       174378
 445       172501
 435       159938
 425       133238
 415       106202
 405        78171
 395        53014
 385        29083
 375         6547
 365         1040
 355          592
 345          388
 335          375
 325          369
 315          352
 305          350
 295          336
eof
185 mkiii
slit  3 
ZERO  1733 
CalStep 1020
TE  27 
ND  0 
