 2967.28 
 295          407
 305          389
 315          417
 325          414
 335          430
 345          453
 355          668
 365         1094
 375         6252
 385        29346
 395        52879
 405        77025
 415       103099
 425       130767
 435       156015
 445       168985
 455       170693
 465       160083
 475       135954
 485       112423
 495        86280
 505        60978
 515        34628
 525         8775
 535         1763
 545          976
 555          538
 565          413
 575          383
 585          347
 595          347
 595          364
 585          364
 575          365
 565          404
 555          490
 545          941
 535         1697
 525         8795
 515        34942
 505        60777
 495        86612
 485       113133
 475       136563
 465       159931
 455       170661
 445       169090
 435       156783
 425       130452
 415       103527
 405        77839
 395        53001
 385        30017
 375         6167
 365         1142
 355          697
 345          448
 335          436
 325          402
 315          436
 305          387
 295          411
eof
185 mkiii
slit  3 
ZERO  1733 
CalStep 1020
TE  28 
ND  0 
