 3341.48 
7020           66
7030           68
7040           70
7050           70
7060          107
7070          171
7080          223
7090          772
7100         3932
7110         9308
7120        15006
7130        20927
7140        26969
7150        32908
7160        38085
7170        41806
7180        40790
7190        34953
7200        29479
7210        23713
7220        16788
7230         9455
7240         3388
7250          479
7260          146
7270           85
7280           72
7290           72
7300           66
7310           62
7320           65
7320           61
7310           66
7300           65
7290           72
7280           69
7270           88
7260          139
7250          450
7240         3301
7230         9350
7220        16714
7210        23511
7200        29109
7190        34714
7180        40251
7170        41452
7160        38070
7150        32421
7140        26135
7130        20256
7120        14596
7110         8884
7100         3610
7090          768
7080          231
7070          160
7060          103
7050           66
7040           62
7030           62
7020           58
eof
185 mkiii
slit  0 
ZERO  1733 
CalStep 1020
TE  27 
ND  0 
