 3341.48 
7020           65
7030           61
7040           60
7050           74
7060           98
7070          179
7080          241
7090          600
7100         3756
7110         9367
7120        14591
7130        20426
7140        26251
7150        32393
7160        38021
7170        41304
7180        40419
7190        35465
7200        29184
7210        23782
7220        17596
7230         9360
7240         3387
7250          445
7260          129
7270           83
7280           76
7290           69
7300           73
7310           74
7320           66
7320           64
7310           68
7300           71
7290           60
7280           68
7270           82
7260          123
7250          439
7240         3334
7230         9191
7220        17136
7210        23351
7200        28999
7190        34965
7180        40279
7170        41375
7160        37970
7150        32352
7140        26092
7130        20205
7120        14575
7110         8917
7100         3579
7090          628
7080          242
7070          182
7060           91
7050           66
7040           60
7030           59
7020           65
eof
185 mkiii
slit  0 
ZERO  1733 
CalStep 1020
TE  28 
ND  0 
