 3341.48 
6598           62
6608           61
6618           66
6628           64
6638           93
6648          152
6658          217
6668          551
6678         3496
6688        10502
6698        16023
6708        22180
6718        27740
6728        32540
6738        38513
6748        41100
6758        38047
6768        33481
6778        28901
6788        23186
6798        16510
6808        12004
6818         6074
6828         1459
6838          160
6848           89
6858           81
6868           62
6878           65
6888           66
6898           63
6898           64
6888           66
6878           60
6868           67
6858           66
6848           91
6838          158
6828         1434
6818         6152
6808        11906
6798        16478
6788        23008
6778        28831
6768        33271
6758        37851
6748        41107
6738        38361
6728        32529
6718        27713
6708        22147
6698        16144
6688        10531
6678         3838
6668          603
6658          224
6648          157
6638           86
6628           67
6618           58
6608           54
6598           60
eof
185 mkiii
slit  1 
ZERO  1733 
CalStep 1020
TE  27 
ND  0 
