 3341.48 
6598           56
6608           61
6618           60
6628           65
6638           98
6648          153
6658          250
6668          596
6678         3946
6688        10495
6698        16161
6708        21937
6718        27551
6728        31945
6738        38462
6748        40801
6758        38243
6768        33961
6778        28820
6788        23193
6798        16043
6808        11738
6818         5889
6828         1206
6838          144
6848           86
6858           68
6868           77
6878           63
6888           63
6898           62
6898           52
6888           55
6878           62
6868           68
6858           65
6848           87
6838          133
6828         1258
6818         6082
6808        12022
6798        16043
6788        23173
6778        28826
6768        34155
6758        38341
6748        40942
6738        38409
6728        31960
6718        27905
6708        21962
6698        15956
6688        10408
6678         4097
6668          644
6658          228
6648          152
6638          102
6628           62
6618           65
6608           62
6598           51
eof
185 mkiii
slit  1 
ZERO  1733 
CalStep 1020
TE  28 
ND  0 
