 3341.48 
6083           56
6093           55
6103           63
6113           62
6123           72
6133          124
6143          196
6153          282
6163         3352
6173         8783
6183        14097
6193        18366
6203        23815
6213        29221
6223        36470
6233        40809
6243        40417
6253        35432
6263        30012
6273        23470
6283        18374
6293        12630
6303         6772
6313         1503
6323          162
6333           92
6343           75
6353           56
6363           66
6373           62
6383           64
6383           70
6373           61
6363           60
6353           62
6343           74
6333           91
6323          150
6313         1381
6303         6606
6293        12556
6283        18445
6273        23132
6263        30002
6253        35350
6243        40557
6233        40885
6223        36898
6213        29335
6203        23957
6193        18466
6183        14380
6173         8957
6163         3338
6153          292
6143          185
6133          117
6123           72
6113           68
6103           64
6093           62
6083           56
eof
185 mkiii
slit  2 
ZERO  1733 
CalStep 1020
TE  27 
ND  0 
