 3341.48 
6083           50
6093           69
6103           61
6113           59
6123           85
6133          123
6143          208
6153          287
6163         3283
6173         8819
6183        14362
6193        18099
6203        23720
6213        30308
6223        36621
6233        40592
6243        40287
6253        35445
6263        29778
6273        24093
6283        18339
6293        12597
6303         6909
6313         1508
6323          151
6333           88
6343           70
6353           64
6363           55
6373           60
6383           63
6383           59
6373           61
6363           58
6353           61
6343           76
6333           81
6323          140
6313         1242
6303         6684
6293        12615
6283        18310
6273        24167
6263        29777
6253        35404
6243        40333
6233        40528
6223        36784
6213        30320
6203        23859
6193        18278
6183        14331
6173         8885
6163         3234
6153          289
6143          198
6133          123
6123           81
6113           63
6103           59
6093           62
6083           55
eof
185 mkiii
slit  2 
ZERO  1733 
CalStep 1020
TE  28 
ND  0 
