 3341.48 
5605           56
5615           64
5625           57
5635           64
5645           80
5655          138
5665          201
5675          276
5685         2240
5695         8790
5705        14039
5715        19578
5725        25084
5735        30577
5745        37851
5755        41347
5765        41246
5775        36875
5785        29670
5795        24003
5805        18030
5815        12864
5825         6880
5835         1617
5845          210
5855          116
5865           77
5875           70
5885           67
5895           61
5905           61
5905           65
5895           65
5885           67
5875           58
5865           78
5855          121
5845          208
5835         1747
5825         7009
5815        12747
5805        18039
5795        23952
5785        29593
5775        36843
5765        41190
5755        41480
5745        37918
5735        30659
5725        25284
5715        19632
5705        14245
5695         8779
5685         2188
5675          276
5665          206
5655          138
5645           85
5635           75
5625           67
5615           63
5605           58
eof
185 mkiii
slit  3 
ZERO  1733 
CalStep 1020
TE  27 
ND  0 
