 3341.48 
5605           60
5615           70
5625           66
5635           69
5645           87
5655          142
5665          221
5675          292
5685         2215
5695         9431
5705        13728
5715        19485
5725        24865
5735        30477
5745        37167
5755        40898
5765        41438
5775        36779
5785        29753
5795        23682
5805        17804
5815        12446
5825         6648
5835         1589
5845          217
5855          109
5865           79
5875           62
5885           65
5895           65
5905           63
5905           66
5895           68
5885           62
5875           77
5865           82
5855          109
5845          207
5835         1628
5825         6939
5815        12665
5805        17622
5795        23876
5785        29833
5775        36614
5765        41187
5755        41093
5745        37363
5735        30905
5725        25205
5715        19736
5705        13873
5695         9262
5685         2244
5675          272
5665          218
5655          133
5645           77
5635           68
5625           60
5615           59
5605           63
eof
185 mkiii
slit  3 
ZERO  1733 
CalStep 1020
TE  28 
ND  0 
