 3341.48 
5142           61
5152           69
5162           63
5172           62
5182           75
5192          124
5202          197
5212          306
5222         3513
5232         8909
5242        14681
5252        19961
5262        25996
5272        31757
5282        36661
5292        40949
5302        40355
5312        34930
5322        29428
5332        24813
5342        19683
5352        12759
5362         6958
5372         2140
5382          428
5392          122
5402           85
5412           73
5422           65
5432           65
5442           58
5442           67
5432           68
5422           63
5412           66
5402           71
5392          111
5382          444
5372         2123
5362         7000
5352        12680
5342        19589
5332        24874
5322        29342
5312        34998
5302        40112
5292        40884
5282        36792
5272        31718
5262        26072
5252        20354
5242        14717
5232         8987
5222         3564
5212          334
5202          186
5192          130
5182           76
5172           66
5162           61
5152           64
5142           57
eof
185 mkiii
slit  4 
ZERO  1733 
CalStep 1020
TE  28 
ND  0 
