 3341.48 
5142           52
5152           60
5162           61
5172           65
5182           72
5192          112
5202          191
5212          297
5222         3449
5232         9157
5242        14504
5252        20269
5262        26221
5272        31843
5282        37247
5292        41181
5302        40423
5312        35249
5322        29399
5332        24232
5342        19015
5352        12991
5362         6970
5372         2198
5382          394
5392          120
5402           73
5412           64
5422           65
5432           60
5442           59
5442           58
5432           63
5422           73
5412           62
5402           76
5392          125
5382          413
5372         2340
5362         6953
5352        12967
5342        19108
5332        24440
5322        29466
5312        34992
5302        40295
5292        41103
5282        37460
5272        31878
5262        26419
5252        20298
5242        14413
5232         9299
5222         3481
5212          283
5202          191
5192          119
5182           75
5172           63
5162           64
5152           56
5142           65
eof
185 mkiii
slit  4 
ZERO  1733 
CalStep 1020
TE  27 
ND  0 
