 3341.48 
4692           52
4702           60
4712           65
4722           62
4732           78
4742          126
4752          200
4762          429
4772         4133
4782         9818
4792        15645
4802        20975
4812        25592
4822        31713
4832        37424
4842        40545
4852        39462
4862        34387
4872        27768
4882        21756
4892        16263
4902        11217
4912         5110
4922          870
4932          156
4942          101
4952           72
4962           72
4972           61
4982           68
4992           57
4992           62
4982           63
4972           68
4962           60
4952           69
4942           93
4932          159
4922          801
4912         4826
4902        10866
4892        16205
4882        21540
4872        27518
4862        34431
4852        39313
4842        40711
4832        37492
4822        31915
4812        25882
4802        20957
4792        15824
4782        10079
4772         4294
4762          492
4752          215
4742          124
4732           76
4722           68
4712           62
4702           61
4692           58
eof
185 mkiii
slit  5 
ZERO  1733 
CalStep 1020
TE  28 
ND  0 
