 3341.48 
4692           53
4702           60
4712           63
4722           58
4732           80
4742          115
4752          193
4762          413
4772         4684
4782         9971
4792        15979
4802        21197
4812        26043
4822        31442
4832        37773
4842        40867
4852        39350
4862        34149
4872        28044
4882        22020
4892        16706
4902        11194
4912         5430
4922          766
4932          166
4942          104
4952           77
4962           61
4972           64
4982           68
4992           61
4992           53
4982           61
4972           62
4962           60
4952           69
4942          107
4932          169
4922          735
4912         5338
4902        11206
4892        16565
4882        21632
4872        28024
4862        34102
4852        39311
4842        40950
4832        37873
4822        31683
4812        25914
4802        21056
4792        16015
4782        10256
4772         4718
4762          445
4752          179
4742          132
4732           77
4722           74
4712           61
4702           65
4692           56
eof
185 mkiii
slit  5 
ZERO  1733 
CalStep 1020
TE  27 
ND  0 
