 3080.822 
3271           52
3281           56
3291           59
3301           60
3311           70
3321           67
3331           80
3341          102
3351          535
3361         1466
3371         2476
3381         3484
3391         4388
3401         5529
3411         6367
3421         6735
3431         6716
3441         5908
3451         4894
3461         3926
3471         2934
3481         1960
3491          907
3501          166
3511           74
3521           54
3531           49
3541           49
3551           47
3561           43
3571           36
3571           47
3561           46
3551           44
3541           48
3531           54
3521           52
3511           74
3501          156
3491          936
3481         1969
3471         2952
3461         3897
3451         4956
3441         5877
3431         6773
3421         6758
3411         6418
3401         5390
3391         4373
3381         3425
3371         2457
3361         1496
3351          562
3341           99
3331           87
3321           63
3311           64
3301           58
3291           61
3281           56
3271           58
eof
185 mkiii
slit  0 
ZERO  1733 
CalStep 1020
TE  28 
ND  0 
