 3080.822 
2845           59
2855           61
2865           59
2875           65
2885           60
2895           67
2905           75
2915           97
2925          479
2935         1379
2945         2347
2955         3285
2965         4309
2975         5297
2985         6283
2995         6703
3005         6633
3015         5830
3025         4844
3035         3950
3045         2901
3055         1873
3065          834
3075          164
3085           73
3095           60
3105           53
3115           57
3125           41
3135           46
3145           44
3145           48
3135           40
3125           43
3115           45
3105           46
3095           50
3085           71
3075          158
3065          840
3055         1831
3045         2897
3035         3892
3025         4882
3015         5839
3005         6677
2995         6733
2985         6256
2975         5281
2965         4347
2955         3265
2945         2351
2935         1402
2925          532
2915          105
2905           76
2895           67
2885           57
2875           56
2865           54
2855           49
2845           59
eof
185 mkiii
slit  1 
ZERO  1733 
CalStep 1020
TE  28 
ND  0 
