 3080.822 
2328           62
2338           63
2348           64
2358           61
2368           57
2378           63
2388           82
2398          103
2408          566
2418         1370
2428         2358
2438         3475
2448         4477
2458         5460
2468         6361
2478         6784
2488         6529
2498         5594
2508         4560
2518         3553
2528         2550
2538         1546
2548          602
2558          132
2568           82
2578           51
2588           50
2598           43
2608           42
2618           42
2628           39
2628           42
2618           43
2608           55
2598           47
2588           47
2578           60
2568           83
2558          121
2548          630
2538         1519
2528         2554
2518         3526
2508         4617
2498         5641
2488         6510
2478         6699
2468         6314
2458         5463
2448         4517
2438         3474
2428         2471
2418         1454
2408          620
2398           95
2388           68
2378           65
2368           54
2358           56
2348           58
2338           60
2328           61
eof
185 mkiii
slit  2 
ZERO  1733 
CalStep 1020
TE  28 
ND  0 
