 3080.822 
1845           50
1855           61
1865           56
1875           55
1885           67
1895           54
1905           78
1915          161
1925          834
1935         1754
1945         2703
1955         3753
1965         4837
1975         5841
1985         6734
1995         6892
2005         6626
2015         5807
2025         4801
2035         3807
2045         2860
2055         1849
2065          842
2075          169
2085           90
2095           63
2105           58
2115           50
2125           37
2135           47
2145           47
2145           46
2135           49
2125           53
2115           50
2105           54
2095           70
2085           88
2075          189
2065          818
2055         1781
2045         2790
2035         3793
2025         4813
2015         5764
2005         6657
1995         6911
1985         6654
1975         5794
1965         4698
1955         3788
1945         2723
1935         1786
1925          867
1915          156
1905           73
1895           60
1885           61
1875           65
1865           60
1855           51
1845           59
eof
185 mkiii
slit  3 
ZERO  1733 
CalStep 1020
TE  28 
ND  0 
