 3080.822 
1377           57
1387           63
1397           56
1407           61
1417           58
1427           63
1437           71
1447          162
1457          815
1467         1793
1477         2710
1487         3736
1497         4649
1507         5472
1517         6459
1527         6851
1537         6441
1547         5596
1557         4707
1567         3679
1577         2713
1587         1652
1597          746
1607          150
1617           83
1627           56
1637           51
1647           60
1657           40
1667           44
1677           42
1677           43
1667           42
1657           46
1647           56
1637           51
1627           61
1617           84
1607          148
1597          766
1587         1640
1577         2670
1567         3693
1557         4731
1547         5616
1537         6459
1527         6743
1517         6546
1507         5569
1497         4704
1487         3768
1477         2777
1467         1805
1457          830
1447          185
1437           70
1427           60
1417           55
1407           60
1397           59
1387           56
1377           58
eof
185 mkiii
slit  4 
ZERO  1733 
CalStep 1020
TE  28 
ND  0 
