 3080.822 
 908           57
 918           65
 928           62
 938           67
 948           60
 958           54
 968           60
 978           60
 988          167
 998          951
1008         1860
1018         2777
1028         3589
1038         4693
1048         5721
1058         6488
1068         6702
1078         6205
1088         5271
1098         4369
1108         3351
1118         2338
1128         1460
1138          496
1148          133
1158           87
1168           64
1178           46
1188           45
1198           48
1208           37
1208           48
1198           45
1188           45
1178           54
1168           61
1158           83
1148          133
1138          482
1128         1483
1118         2344
1108         3301
1098         4361
1088         5245
1078         6202
1068         6710
1058         6550
1048         5688
1038         4755
1028         3715
1018         2765
1008         1950
 998          956
 988          206
 978           71
 968           59
 958           62
 948           54
 938           54
 928           60
 918           57
 908           61
eof
185 mkiii
slit  5 
ZERO  1733 
CalStep 1020
TE  28 
ND  0 
