 3133.167 
3999          276
4009          278
4019          260
4029          258
4039          263
4049          326
4059          395
4069          478
4079         2423
4089         6764
4099        11252
4109        16416
4119        21435
4129        26416
4139        30807
4149        33439
4159        33417
4169        29741
4179        24558
4189        20007
4199        15088
4209        10000
4219         5311
4229         1234
4239          363
4249          283
4259          258
4269          261
4279          263
4289          254
4299          252
4299          257
4289          249
4279          239
4269          254
4259          285
4249          282
4239          350
4229         1265
4219         5360
4209         9945
4199        14987
4189        19904
4179        24422
4169        29352
4159        33218
4149        33384
4139        31068
4129        26620
4119        21666
4109        16823
4099        11568
4089         6950
4079         2596
4069          485
4059          387
4049          320
4039          269
4029          260
4019          258
4009          270
3999          257
eof
185 mkiii
slit  0 
ZERO  1733 
CalStep 1020
TE  28 
ND  0 
