 3133.167 
3574          256
3584          254
3594          247
3604          254
3614          248
3624          302
3634          391
3644          451
3654         2136
3664         6651
3674        11665
3684        16284
3694        21029
3704        25593
3714        30342
3724        33314
3734        32673
3744        28567
3754        24058
3764        19324
3774        14389
3784         9351
3794         4686
3804          905
3814          356
3824          274
3834          276
3844          270
3854          252
3864          251
3874          243
3874          240
3864          235
3854          249
3844          249
3834          245
3824          282
3814          356
3804          851
3794         4627
3784         9337
3774        14184
3764        19165
3754        23822
3744        28622
3734        32571
3724        33001
3714        30523
3704        25519
3694        21002
3684        16443
3674        11768
3664         6922
3654         2201
3644          445
3634          364
3624          311
3614          261
3604          259
3594          263
3584          248
3574          253
eof
185 mkiii
slit  1 
ZERO  1733 
CalStep 1020
TE  28 
ND  0 
