 3133.167 
3058          255
3068          239
3078          261
3088          254
3098          256
3108          306
3118          358
3128          482
3138         3129
3148         7684
3158        12236
3168        17493
3178        22425
3188        27380
3198        31705
3208        33488
3218        31872
3228        27316
3238        22452
3248        17689
3258        13208
3268         8132
3278         3250
3288          640
3298          348
3308          287
3318          270
3328          277
3338          246
3348          241
3358          247
3358          234
3348          249
3338          253
3328          256
3318          265
3308          272
3298          340
3288          594
3278         3226
3268         7952
3258        12841
3248        17595
3238        22408
3228        27442
3218        32001
3208        33725
3198        31673
3188        27580
3178        22552
3168        17536
3158        12641
3148         7845
3138         3253
3128          513
3118          381
3108          272
3098          272
3088          261
3078          254
3068          262
3058          252
eof
185 mkiii
slit  2 
ZERO  1733 
CalStep 1020
TE  28 
ND  0 
