 3133.167 
2577          278
2587          276
2597          288
2607          288
2617          263
2627          317
2637          360
2647          928
2657         4837
2667         9581
2677        14781
2687        19615
2697        24228
2707        29064
2717        32994
2727        33642
2737        32229
2747        27768
2757        23287
2767        18686
2777        13433
2787         8637
2797         4087
2807          760
2817          384
2827          313
2837          258
2847          279
2857          259
2867          260
2877          270
2877          264
2867          262
2857          267
2847          274
2837          261
2827          321
2817          402
2807          799
2797         4076
2787         8568
2777        13513
2767        18691
2757        23354
2747        27810
2737        32420
2727        33720
2717        32845
2707        29315
2697        24073
2687        19458
2677        14936
2667         9767
2657         4696
2647          936
2637          393
2627          326
2617          279
2607          273
2597          272
2587          259
2577          272
eof
185 mkiii
slit  3 
ZERO  1733 
CalStep 1020
TE  28 
ND  0 
