 3133.167 
2109          264
2119          257
2129          256
2139          265
2149          262
2159          272
2169          338
2179          735
2189         4479
2199         9372
2209        14299
2219        19051
2229        23731
2239        28241
2249        32564
2259        33609
2269        31288
2279        27043
2289        21993
2299        17215
2309        12446
2319         7686
2329         2953
2339          659
2349          407
2359          328
2369          268
2379          262
2389          272
2399          243
2409          247
2409          261
2399          243
2389          254
2379          276
2369          263
2359          308
2349          397
2339          677
2329         3035
2319         7634
2309        12325
2299        17398
2289        22026
2279        26998
2269        31233
2259        33527
2249        32440
2239        28183
2229        23565
2219        19146
2209        14519
2199         9347
2189         4546
2179          735
2169          343
2159          269
2149          265
2139          260
2129          262
2119          258
2109          258
eof
185 mkiii
slit  4 
ZERO  1733 
CalStep 1020
TE  28 
ND  0 
