 3133.167 
1645          263
1655          249
1665          249
1675          247
1685          242
1695          255
1705          305
1715          447
1725         3116
1735         7493
1745        11703
1755        16417
1765        21500
1775        26218
1785        30523
1795        32941
1805        32676
1815        28851
1825        23594
1835        19295
1845        14854
1855        10171
1865         5050
1875         1176
1885          462
1895          359
1905          299
1915          253
1925          244
1935          253
1945          237
1945          233
1935          253
1925          241
1915          258
1905          295
1895          372
1885          454
1875         1169
1865         4911
1855        10190
1845        14830
1835        19097
1825        23660
1815        28689
1805        32523
1795        32879
1785        30861
1775        26238
1765        21710
1755        16801
1745        11989
1735         7725
1725         3266
1715          497
1705          275
1695          256
1685          264
1675          249
1665          259
1655          249
1645          260
eof
185 mkiii
slit  5 
ZERO  1733 
CalStep 1020
TE  28 
ND  0 
