 3261.055 
5829         3174
5839         3825
5849         4379
5859         4546
5869         4280
5879         3881
5889         3530
5899         3344
5909         8548
5919        24115
5929        50360
5939        70770
5949        85597
5959       106084
5969       124649
5979       141104
5989       140580
5999       128597
6009       108030
6019        87953
6029        63667
6039        43175
6049        27441
6059         8006
6069          541
6079          235
6089          136
6099          117
6109          107
6119           95
6129           86
6129           78
6119           85
6109          101
6099          115
6089          147
6079          225
6069          491
6059         7283
6049        26886
6039        42172
6029        62945
6019        87548
6009       107839
5999       128654
5989       140523
5979       141546
5969       124851
5959       106268
5949        85556
5939        71658
5929        50382
5919        24594
5909         8632
5899         3319
5889         3552
5879         3894
5869         4284
5859         4512
5849         4399
5839         3841
5829         3238
eof
185 mkiii
slit  0 
ZERO  1733 
CalStep 1020
TE  28 
ND  3 
