 3261.055 
5406         3131
5416         3667
5426         4193
5436         4506
5446         4322
5456         3851
5466         3551
5476         3320
5486         7956
5496        31890
5506        52359
5516        70939
5526        91124
5536       111083
5546       130337
5556       140761
5566       136433
5576       118742
5586        99763
5596        80846
5606        58628
5616        42708
5626        24112
5636         4584
5646          543
5656          229
5666          131
5676          119
5686          100
5696           97
5706           77
5706           82
5696           99
5686          104
5676          128
5666          142
5656          226
5646          506
5636         4132
5626        23029
5616        42127
5606        58688
5596        80375
5586        98922
5576       117741
5566       135105
5556       140507
5546       129322
5536       110603
5526        91542
5516        71588
5506        52219
5496        32373
5486         8752
5476         3328
5466         3529
5456         3849
5446         4322
5436         4482
5426         4174
5416         3672
5406         3155
eof
185 mkiii
slit  1 
ZERO  1733 
CalStep 1020
TE  28 
ND  3 
