 3261.055 
4891         3115
4901         3711
4911         4368
4921         4509
4931         4066
4941         3603
4951         3265
4961         3079
4971        12743
4981        30743
4991        52128
5001        69964
5011        90692
5021       110936
5031       130461
5041       142083
5051       137273
5061       118735
5071        97493
5081        79241
5091        60903
5101        41771
5111        17646
5121         2399
5131          476
5141          229
5151          142
5161          114
5171           96
5181           90
5191           71
5191           73
5181           85
5171           92
5161          107
5151          140
5141          226
5131          495
5121         2163
5111        17456
5101        41510
5091        61128
5081        79701
5071        98193
5061       119154
5051       136375
5041       141556
5031       130461
5021       111130
5011        91117
5001        70491
4991        52440
4981        30786
4971        12711
4961         3124
4951         3270
4941         3645
4931         4087
4921         4538
4911         4359
4901         3775
4891         3104
eof
185 mkiii
slit  2 
ZERO  1733 
CalStep 1020
TE  28 
ND  3 
