 3261.055 
4412         3432
4422         4092
4432         4488
4442         4581
4452         4287
4462         3856
4472         3530
4482         4197
4492        19020
4502        38670
4512        57159
4522        73867
4532        93376
4542       114990
4552       135721
4562       143468
4572       141204
4582       122668
4592       101778
4602        82572
4612        63535
4622        41875
4632        19758
4642         3753
4652          634
4662          294
4672          154
4682          114
4692          107
4702           92
4712           90
4712           82
4702           83
4692          100
4682          111
4672          159
4662          318
4652          618
4642         3482
4632        18423
4622        40696
4612        62515
4602        81918
4592       100861
4582       121606
4572       140130
4562       143005
4552       136582
4542       116185
4532        94070
4522        73854
4512        56681
4502        38333
4492        19242
4482         4444
4472         3524
4462         3851
4452         4263
4442         4537
4432         4502
4422         4092
4412         3451
eof
185 mkiii
slit  3 
ZERO  1733 
CalStep 1020
TE  28 
ND  3 
