 3261.055 
3947         3288
3957         4073
3967         4446
3977         4599
3987         4170
3997         3748
4007         3330
4017         4157
4027        17373
4037        36456
4047        55427
4057        75977
4067        95599
4077       115348
4087       134254
4097       142097
4107       136663
4117       117572
4127        97093
4137        79438
4147        58514
4157        38958
4167        17752
4177         2695
4187          632
4197          343
4207          157
4217          115
4227           90
4237           82
4247           88
4247           87
4237           93
4227          106
4217          121
4207          148
4197          326
4187          609
4177         2692
4167        17364
4157        37844
4147        57283
4137        78895
4127        96939
4117       116890
4107       136267
4097       142753
4087       134695
4077       116321
4067        95760
4057        75405
4047        55964
4037        37087
4027        18871
4017         4514
4007         3249
3997         3702
3987         4153
3977         4545
3967         4478
3957         3996
3947         3300
eof
185 mkiii
slit  4 
ZERO  1733 
CalStep 1020
TE  28 
ND  3 
