 3261.055 
3493         3448
3503         4186
3513         4444
3523         4415
3533         3924
3543         3448
3553         3161
3563         4963
3573        19741
3583        37562
3593        57034
3603        75949
3613        95797
3623       115430
3633       134744
3643       140870
3653       130139
3663       112668
3673        92640
3683        73280
3693        53730
3703        33458
3713        12827
3723         1710
3733          590
3743          298
3753          138
3763          120
3773           94
3783           88
3793           82
3793           75
3783           89
3773           90
3763          108
3753          148
3743          277
3733          556
3723         1731
3713        12449
3703        33335
3693        53590
3683        73109
3673        92675
3663       111719
3653       129602
3643       140859
3633       135130
3623       115194
3613        96239
3603        76397
3593        57458
3583        38524
3573        19999
3563         5187
3553         3131
3543         3419
3533         3885
3523         4386
3513         4526
3503         4111
3493         3471
eof
185 mkiii
slit  5 
ZERO  1733 
CalStep 1020
TE  28 
ND  3 
