 3403.652 
7964           78
7974           71
7984           83
7994          105
8004          213
8014          397
8024          645
8034         6218
8044        20916
8054        36446
8064        52112
8074        68264
8084        83228
8094       102491
8104       110166
8114       106838
8124        94371
8134        75221
8144        58454
8154        43974
8164        32310
8174        17305
8184         3076
8194          589
8204          356
8214          207
8224          146
8234          125
8244          117
8254          102
8264           92
8264          101
8254           94
8244          119
8234          129
8224          156
8214          204
8204          332
8194          578
8184         2721
8174        17470
8164        32515
8154        43129
8144        59532
8134        75738
8124        94373
8114       107147
8104       110486
8094       103657
8084        83996
8074        68710
8064        52882
8054        36834
8044        21231
8034         6884
8024          659
8014          406
8004          221
7994          118
7984           84
7974           75
7964           77
eof
185 mkiii
slit  0 
ZERO  1733 
CalStep 1020
TE  28 
ND  2 
