 3403.652 
7544           70
7554           78
7564           83
7574           96
7584          186
7594          353
7604          567
7614         9147
7624        22144
7634        34401
7644        48963
7654        62841
7664        80836
7674        94043
7684       106686
7694       108648
7704        96828
7714        81873
7724        66958
7734        52882
7744        36845
7754        22072
7764         6003
7774          821
7784          360
7794          218
7804          143
7814          130
7824          106
7834          100
7844           89
7844           93
7834          100
7824          113
7814          124
7804          147
7794          198
7784          348
7774          726
7764         5111
7754        21072
7744        35816
7734        52070
7724        66214
7714        80928
7704        97066
7694       108552
7684       106729
7674        93581
7664        81250
7654        63472
7644        49246
7634        34592
7624        22111
7614         9675
7604          630
7594          367
7584          200
7574           91
7564           84
7554           74
7544           74
eof
185 mkiii
slit  1 
ZERO  1733 
CalStep 1020
TE  28 
ND  2 
