 3403.652 
7028           69
7038           68
7048           73
7058           96
7068          114
7078          237
7088          397
7098          750
7108         9013
7118        22698
7128        37456
7138        52729
7148        68111
7158        84046
7168        98912
7178       109716
7188       104231
7198        91376
7208        75852
7218        60264
7228        39296
7238        23500
7248        10336
7258         1713
7268          494
7278          273
7288          165
7298          136
7308          112
7318          105
7328           83
7328           91
7318           94
7308          111
7298          125
7288          168
7278          283
7268          481
7258         1438
7248         9713
7238        22947
7228        38304
7218        59766
7208        75374
7198        90943
7188       103715
7178       110423
7168        99450
7158        84811
7148        68459
7138        52793
7128        37809
7118        22870
7108         9129
7098          786
7088          398
7078          229
7068          113
7058           92
7048           70
7038           83
7028           71
eof
185 mkiii
slit  2 
ZERO  1733 
CalStep 1020
TE  28 
ND  2 
