 3403.652 
6549           73
6559           78
6569           76
6579           84
6589          112
6599          198
6609          360
6619          579
6629         6053
6639        20228
6649        41301
6659        57002
6669        71462
6679        85201
6689       101448
6699       111691
6709       107939
6719        95179
6729        84454
6739        67818
6749        50509
6759        36161
6769        24260
6779         9850
6789         1482
6799          466
6809          269
6819          187
6829          135
6839          124
6849          109
6849          115
6839          113
6829          135
6819          178
6809          263
6799          447
6789         1466
6779         9762
6769        24557
6759        35782
6749        50210
6739        67534
6729        84115
6719        95113
6709       108846
6699       111643
6689       101129
6679        85729
6669        71836
6659        57223
6649        41041
6639        20709
6629         6673
6619          597
6609          380
6599          212
6589          107
6579           88
6569           81
6559           79
6549           72
eof
185 mkiii
slit  3 
ZERO  1733 
CalStep 1020
TE  28 
ND  2 
