 3403.652 
6090           75
6100           79
6110           80
6120           82
6130           97
6140          188
6150          337
6160          845
6170        10389
6180        24927
6190        37346
6200        48935
6210        66043
6220        83155
6230        95802
6240       108370
6250       110476
6260        98695
6270        80839
6280        69425
6290        54031
6300        39144
6310        23677
6320         5285
6330         1055
6340          413
6350          236
6360          155
6370          123
6380          111
6390           90
6390           90
6380          111
6370          135
6360          168
6350          248
6340          417
6330         1087
6320         4565
6310        23336
6300        39262
6290        53787
6280        69324
6270        79705
6260        98920
6250       110629
6240       107835
6230        95771
6220        83595
6210        66112
6200        49213
6190        37765
6180        25022
6170         9639
6160          822
6150          338
6140          178
6130          106
6120           82
6110           78
6100           65
6090           79
eof
185 mkiii
slit  4 
ZERO  1733 
CalStep 1020
TE  28 
ND  2 
