 3403.652 
5641           77
5651           78
5661           84
5671           81
5681          106
5691          178
5701          352
5711          581
5721         6712
5731        20089
5741        37927
5751        52949
5761        65318
5771        81458
5781       100093
5791       109652
5801       103254
5811        89551
5821        75741
5831        60153
5841        45212
5851        29670
5861        14875
5871         3185
5881          664
5891          380
5901          221
5911          167
5921          134
5931          102
5941           94
5941          110
5931           98
5921          125
5911          158
5901          243
5891          375
5881          672
5871         2981
5861        15252
5851        30234
5841        45214
5831        60465
5821        75080
5811        89276
5801       103116
5791       109524
5781       100309
5771        83352
5761        65883
5751        53484
5741        38804
5731        20880
5721         7099
5711          606
5701          352
5691          190
5681          101
5671           79
5661           78
5651           75
5641           74
eof
185 mkiii
slit  5 
ZERO  1733 
CalStep 1020
TE  28 
ND  2 
