 3499.952 
9053          762
9063          725
9073          748
9083          739
9093          791
9103         1708
9113         3433
9123         5416
9133         7024
9143         8979
9153        10942
9163        12698
9173        14079
9183        13671
9193        11676
9203        10036
9213         7953
9223         6169
9233         4220
9243         2270
9253          884
9263          706
9273          705
9283          690
9293          699
9303          638
9313          666
9323          665
9333          678
9343          694
9353          680
9353          679
9343          663
9333          689
9323          671
9313          675
9303          675
9293          687
9283          676
9273          689
9263          702
9253          884
9243         2107
9233         4144
9223         5984
9213         7880
9203         9859
9193        11535
9183        13495
9173        14055
9163        12600
9153        10704
9143         8849
9133         6864
9123         5220
9113         3390
9103         1630
9093          757
9083          726
9073          699
9063          699
9053          720
eof
185 mkiii
slit  1 
ZERO  1733 
CalStep 1020
TE  28 
ND  0 
