 3499.952 
8534          742
8544          739
8554          727
8564          722
8574          714
8584          711
8594          810
8604         2080
8614         3917
8624         5648
8634         7497
8644         9270
8654        11106
8664        12874
8674        13877
8684        12635
8694        10932
8704         9039
8714         6684
8724         4887
8734         3397
8744         1783
8754          784
8764          682
8774          689
8784          651
8794          655
8804          640
8814          650
8824          649
8834          627
8834          653
8824          654
8814          650
8804          650
8794          641
8784          649
8774          667
8764          681
8754          792
8744         1735
8734         3275
8724         4942
8714         6875
8704         9082
8694        10869
8684        12573
8674        13716
8664        13027
8654        11139
8644         9409
8634         7495
8624         5847
8614         3908
8604         2149
8594          831
8584          724
8574          705
8564          694
8554          712
8544          707
8534          727
eof
185 mkiii
slit  2 
ZERO  1733 
CalStep 1020
TE  28 
ND  0 
