 3499.952 
8053          769
8063          758
8073          783
8083          786
8093          762
8103          722
8113          769
8123          888
8133         2428
8143         4480
8153         6224
8163         7663
8173         9428
8183        11408
8193        13056
8203        14121
8213        13844
8223        12162
8233        10476
8243         8554
8253         6547
8263         4917
8273         3037
8283         1395
8293          802
8303          722
8313          707
8323          688
8333          685
8343          679
8353          685
8353          668
8343          690
8333          696
8323          696
8313          694
8303          725
8293          766
8283         1401
8273         3124
8263         4832
8253         6597
8243         8574
8233        10423
8223        12123
8213        13851
8203        14309
8193        13210
8183        11379
8173         9359
8163         7480
8153         6237
8143         4418
8133         2580
8123          900
8113          785
8103          775
8093          772
8083          787
8073          756
8063          751
8053          770
eof
185 mkiii
slit  3 
ZERO  1733 
CalStep 1020
TE  28 
ND  0 
