 3499.952 
7599          747
7609          742
7619          741
7629          701
7639          726
7649          735
7659          748
7669          779
7679         1582
7689         3303
7699         5161
7709         6926
7719         8805
7729        10541
7739        12346
7749        13847
7759        13605
7769        12033
7779        10224
7789         8414
7799         6326
7809         4385
7819         2757
7829         1304
7839          728
7849          697
7859          672
7869          670
7879          665
7889          681
7899          678
7899          669
7889          670
7879          645
7869          686
7859          657
7849          692
7839          739
7829         1281
7819         2593
7809         4210
7799         6164
7789         8364
7779        10060
7769        11995
7759        13564
7749        13990
7739        12361
7729        10564
7719         8892
7709         7013
7699         5176
7689         3351
7679         1603
7669          789
7659          750
7649          722
7639          747
7629          735
7619          743
7609          748
7599          758
eof
185 mkiii
slit  4 
ZERO  1733 
CalStep 1020
TE  28 
ND  0 
