 3499.952 
7150          735
7160          752
7170          702
7180          707
7190          713
7200          725
7210          697
7220          741
7230         1474
7240         3065
7250         4720
7260         6409
7270         8354
7280        10251
7290        11877
7300        13088
7310        13888
7320        12258
7330        10381
7340         9105
7350         7493
7360         5612
7370         3815
7380         1865
7390          859
7400          665
7410          662
7420          670
7430          641
7440          657
7450          630
7450          664
7440          636
7430          643
7420          661
7410          656
7400          670
7390          868
7380         1843
7370         3656
7360         5575
7350         7549
7340         9109
7330        10222
7320        12013
7310        13735
7300        13181
7290        11982
7280        10158
7270         8387
7260         6435
7250         4698
7240         3162
7230         1549
7220          721
7210          713
7200          722
7190          710
7180          702
7170          706
7160          741
7150          722
eof
185 mkiii
slit  5 
ZERO  1733 
CalStep 1020
TE  28 
ND  0 
