 3611.51 
8966           82
8976           80
8986           91
8996          118
9006          214
9016          447
9026         4250
9036        15195
9046        28051
9056        42164
9066        58238
9076        75424
9086        95815
9096       115352
9106       127431
9116       125199
9126       120839
9136       116105
9146       104692
9156        86534
9166        66589
9176        47412
9186        33063
9196        22968
9206        15032
9216         6424
9226         2503
9236         1276
9246          452
9256          258
9266          192
9266          185
9256          251
9246          434
9236         1228
9226         2448
9216         6289
9206        14803
9196        22693
9186        32964
9176        46808
9166        66388
9156        86118
9146       105044
9136       116293
9126       121015
9116       125182
9106       127359
9096       114574
9086        95856
9076        76008
9066        57478
9056        42708
9046        28943
9036        15339
9026         4526
9016          472
9006          221
8996          126
8986           94
8976           75
8966           68
eof
185 mkiii
slit  5 
ZERO  1733 
CalStep 1020
TE  28 
ND  3 
