"Instrument #064"
"Intercomparison date: 09-27-2016"
"Site: Izana, Tenerife"
"N table date:24-April-2014"
Lamp Corrections:,  -1.1,  -1.1,  -1.7
"Observations,",43
08:00:00, 4.182, 4.379,142.1,126.6,0.259, 4.123, 4.311, 88.0, 72.9,0.252, 4.065, 4.245,239.3,226.3,0.258, 4.152, 4.345,0.266, 4.094, 4.277,0.260
08:04:00, 3.955, 4.118,135.1,119.4,0.259, 3.901, 4.058, 83.9, 68.7,0.251, 3.850, 3.999,227.8,213.8,0.258, 3.928, 4.088,0.265, 3.875, 4.028,0.259
08:08:00, 3.750, 3.887,129.1,113.3,0.259, 3.702, 3.834, 80.2, 65.0,0.251, 3.656, 3.782,218.5,203.8,0.259, 3.726, 3.860,0.267, 3.679, 3.807,0.261
08:12:00, 3.566, 3.682,123.5,107.5,0.259, 3.523, 3.634, 77.0, 61.8,0.251, 3.480, 3.587,209.4,194.1,0.259, 3.544, 3.658,0.266, 3.501, 3.610,0.261
08:16:00, 3.399, 3.498,118.5,102.4,0.259, 3.360, 3.455, 74.0, 58.7,0.250, 3.321, 3.413,200.8,184.9,0.259, 3.379, 3.476,0.267, 3.340, 3.433,0.261
08:20:00, 3.247, 3.332,113.8, 97.8,0.259, 3.211, 3.293, 71.2, 55.9,0.249, 3.176, 3.255,193.0,176.4,0.259, 3.229, 3.312,0.268, 3.194, 3.274,0.261
08:24:00, 3.109, 3.182,109.6, 93.6,0.260, 3.076, 3.147, 68.8, 53.5,0.249, 3.044, 3.112,186.3,169.2,0.259, 3.092, 3.164,0.269, 3.060, 3.129,0.261
08:28:00, 2.982, 3.046,105.6, 89.7,0.259, 2.952, 3.014, 66.7, 51.3,0.249, 2.923, 2.982,180.4,162.8,0.260, 2.967, 3.030,0.268, 2.937, 2.998,0.262
08:32:00, 2.866, 2.921,102.0, 86.2,0.260, 2.838, 2.892, 64.6, 49.2,0.248, 2.811, 2.863,174.5,156.4,0.259, 2.852, 2.907,0.269, 2.825, 2.878,0.262
08:36:00, 2.759, 2.808, 98.7, 82.9,0.260, 2.733, 2.781, 62.8, 47.4,0.248, 2.709, 2.754,168.0,149.4,0.257, 2.746, 2.794,0.269, 2.721, 2.767,0.259
08:40:00, 2.660, 2.703, 95.7, 80.0,0.260, 2.637, 2.678, 61.0, 45.5,0.247, 2.614, 2.654,163.9,145.0,0.259, 2.648, 2.691,0.270, 2.625, 2.666,0.261
08:44:00, 2.569, 2.607, 92.8, 77.1,0.259, 2.547, 2.584, 59.5, 44.0,0.247, 2.526, 2.562,159.4,140.2,0.259, 2.558, 2.595,0.269, 2.536, 2.573,0.262
08:48:00, 2.484, 2.518, 90.2, 74.5,0.259, 2.464, 2.497, 58.1, 42.5,0.247, 2.444, 2.476,155.2,135.8,0.259, 2.474, 2.507,0.269, 2.454, 2.486,0.262
08:52:00, 2.405, 2.436, 87.8, 72.1,0.259, 2.387, 2.416, 56.8, 41.1,0.247, 2.368, 2.397,151.3,131.7,0.259, 2.396, 2.426,0.270, 2.377, 2.406,0.263
08:56:00, 2.332, 2.359, 85.5, 69.8,0.259, 2.315, 2.341, 55.7, 39.9,0.248, 2.297, 2.323,147.6,127.8,0.260, 2.323, 2.350,0.268, 2.306, 2.332,0.262
09:00:00, 2.264, 2.288, 83.6, 67.9,0.260, 2.247, 2.271, 54.5, 38.7,0.247, 2.231, 2.254,143.9,123.8,0.259, 2.256, 2.279,0.270, 2.239, 2.263,0.262
09:04:00, 2.200, 2.222, 81.5, 65.8,0.259, 2.185, 2.206, 53.5, 37.6,0.247, 2.170, 2.190,140.3,120.0,0.258, 2.192, 2.214,0.268, 2.177, 2.198,0.261
09:08:00, 2.140, 2.160, 79.7, 64.0,0.259, 2.126, 2.145, 52.3, 36.3,0.244, 2.112, 2.130,137.1,116.7,0.258, 2.133, 2.152,0.271, 2.119, 2.138,0.261
09:12:00, 2.084, 2.102, 77.9, 62.2,0.258, 2.071, 2.088, 51.6, 35.6,0.247, 2.057, 2.074,134.3,113.8,0.258, 2.077, 2.095,0.267, 2.064, 2.081,0.261
09:16:00, 2.031, 2.048, 76.5, 60.8,0.259, 2.019, 2.034, 50.7, 34.6,0.246, 2.006, 2.022,131.8,111.3,0.259, 2.025, 2.041,0.270, 2.012, 2.028,0.262
09:20:00, 1.982, 1.997, 74.9, 59.2,0.258, 1.970, 1.984, 50.0, 33.9,0.247, 1.958, 1.972,129.0,108.4,0.258, 1.976, 1.990,0.267, 1.964, 1.978,0.261
09:24:00, 1.935, 1.949, 73.6, 57.9,0.259, 1.924, 1.937, 49.3, 33.1,0.248, 1.913, 1.926,126.5,105.8,0.258, 1.930, 1.943,0.268, 1.919, 1.931,0.261
09:28:00, 1.891, 1.903, 72.2, 56.5,0.258, 1.881, 1.893, 48.4, 32.2,0.245, 1.870, 1.882,123.8,103.1,0.257, 1.886, 1.898,0.269, 1.876, 1.887,0.260
09:32:00, 1.850, 1.861, 70.9, 55.1,0.258, 1.840, 1.851, 47.7, 31.4,0.244, 1.830, 1.841,121.7,100.9,0.257, 1.845, 1.856,0.269, 1.835, 1.846,0.261
09:36:00, 1.811, 1.821, 69.9, 54.1,0.259, 1.801, 1.811, 47.2, 30.9,0.246, 1.792, 1.802,119.8, 99.0,0.258, 1.806, 1.816,0.269, 1.797, 1.806,0.261
09:40:00, 1.774, 1.783, 68.8, 53.0,0.259, 1.765, 1.774, 46.5, 30.1,0.244, 1.756, 1.765,118.1, 97.3,0.259, 1.769, 1.778,0.271, 1.760, 1.769,0.262
09:44:00, 1.739, 1.747, 67.8, 52.0,0.259, 1.730, 1.739, 46.0, 29.6,0.245, 1.722, 1.730,115.9, 95.1,0.258, 1.734, 1.743,0.271, 1.726, 1.734,0.261
09:48:00, 1.706, 1.713, 66.7, 50.9,0.258, 1.697, 1.705, 45.4, 28.9,0.243, 1.690, 1.697,114.2, 93.4,0.258, 1.701, 1.709,0.270, 1.694, 1.701,0.262
10:20:00, 1.494, 1.498, 60.6, 44.6,0.259, 1.489, 1.493, 42.1, 25.4,0.244, 1.484, 1.488,102.8, 82.0,0.258, 1.492, 1.496,0.271, 1.486, 1.490,0.262
10:24:00, 1.473, 1.477, 59.9, 43.9,0.258, 1.468, 1.472, 41.7, 24.9,0.242, 1.463, 1.467,101.6, 80.8,0.258, 1.471, 1.475,0.271, 1.466, 1.469,0.262
10:28:00, 1.453, 1.457, 59.5, 43.5,0.259, 1.449, 1.452, 41.5, 24.7,0.244, 1.444, 1.447,100.6, 79.8,0.258, 1.451, 1.455,0.272, 1.446, 1.450,0.261
10:32:00, 1.435, 1.438, 58.9, 42.9,0.259, 1.430, 1.433, 41.1, 24.3,0.242, 1.425, 1.429, 99.6, 78.8,0.258, 1.432, 1.435,0.273, 1.428, 1.431,0.262
10:36:00, 1.417, 1.420, 58.5, 42.4,0.260, 1.412, 1.415, 40.9, 24.1,0.244, 1.408, 1.411, 98.6, 77.8,0.258, 1.414, 1.417,0.273, 1.410, 1.413,0.262
10:40:00, 1.399, 1.402, 57.8, 41.7,0.258, 1.395, 1.398, 40.7, 23.9,0.245, 1.391, 1.394, 97.7, 76.9,0.258, 1.397, 1.400,0.268, 1.393, 1.396,0.261
10:44:00, 1.383, 1.386, 57.2, 41.1,0.257, 1.379, 1.382, 40.5, 23.6,0.247, 1.375, 1.378, 96.8, 76.0,0.258, 1.381, 1.384,0.265, 1.377, 1.380,0.261
10:48:00, 1.368, 1.370, 56.8, 40.6,0.257, 1.364, 1.366, 40.3, 23.4,0.248, 1.360, 1.362, 95.8, 75.1,0.258, 1.366, 1.368,0.265, 1.362, 1.364,0.260
10:52:00, 1.353, 1.355, 56.5, 40.3,0.258, 1.349, 1.351, 40.1, 23.2,0.248, 1.346, 1.348, 95.0, 74.3,0.258, 1.351, 1.353,0.266, 1.348, 1.350,0.260
10:56:00, 1.339, 1.341, 56.2, 40.0,0.259, 1.335, 1.337, 39.9, 23.0,0.249, 1.332, 1.334, 94.4, 73.7,0.258, 1.337, 1.339,0.268, 1.334, 1.336,0.261
11:00:00, 1.325, 1.327, 55.9, 39.7,0.260, 1.322, 1.324, 39.7, 22.8,0.249, 1.319, 1.321, 93.8, 73.1,0.259, 1.324, 1.326,0.269, 1.321, 1.322,0.261
11:04:00, 1.313, 1.315, 55.5, 39.3,0.259, 1.310, 1.311, 39.4, 22.4,0.247, 1.307, 1.308, 93.0, 72.3,0.258, 1.311, 1.313,0.270, 1.308, 1.310,0.261
11:08:00, 1.301, 1.302, 55.1, 38.8,0.259, 1.298, 1.299, 39.2, 22.2,0.246, 1.295, 1.296, 92.2, 71.5,0.258, 1.299, 1.301,0.269, 1.296, 1.298,0.261
11:12:00, 1.289, 1.291, 54.8, 38.5,0.259, 1.286, 1.288, 39.0, 22.0,0.246, 1.284, 1.285, 91.7, 71.0,0.258, 1.288, 1.289,0.270, 1.285, 1.287,0.261
11:16:00, 1.278, 1.280, 54.5, 38.2,0.259, 1.276, 1.277, 38.9, 21.9,0.247, 1.273, 1.275, 91.0, 70.3,0.258, 1.277, 1.278,0.269, 1.274, 1.276,0.260
