"Instrument #064"
"Intercomparison date: 09-14-2016"
"Site: Izana, Tenerife"
"N table date:24-April-2014"
Lamp Corrections:,  -1.3,  -1.3,  -1.9
"Observations,",41
07:56:00, 4.030, 4.204,144.5,129.0,0.280, 3.974, 4.141, 89.3, 74.0,0.278, 3.920, 4.079,246.0,233.6,0.280, 4.002, 4.172,0.283, 3.947, 4.109,0.281
08:00:00, 3.816, 3.961,138.0,122.2,0.281, 3.765, 3.904, 85.2, 69.9,0.277, 3.716, 3.849,235.6,222.1,0.281, 3.790, 3.932,0.285, 3.741, 3.877,0.282
08:04:00, 3.622, 3.744,132.0,116.1,0.282, 3.577, 3.694, 81.7, 66.3,0.277, 3.533, 3.645,225.1,210.7,0.281, 3.600, 3.719,0.286, 3.555, 3.670,0.282
08:08:00, 3.448, 3.551,126.7,110.6,0.283, 3.407, 3.506, 78.6, 63.2,0.278, 3.367, 3.462,215.7,200.6,0.281, 3.427, 3.529,0.286, 3.386, 3.484,0.281
08:12:00, 3.289, 3.378,121.6,105.4,0.282, 3.252, 3.337, 75.6, 60.2,0.278, 3.215, 3.297,207.4,191.7,0.281, 3.270, 3.357,0.286, 3.233, 3.317,0.282
08:16:00, 3.145, 3.221,116.9,100.7,0.282, 3.111, 3.184, 72.8, 57.3,0.276, 3.077, 3.148,199.6,183.4,0.281, 3.128, 3.202,0.287, 3.094, 3.166,0.282
08:20:00, 3.013, 3.079,112.7, 96.5,0.283, 2.982, 3.045, 70.5, 55.0,0.277, 2.951, 3.013,192.7,175.9,0.281, 2.997, 3.062,0.287, 2.966, 3.029,0.282
08:24:00, 2.892, 2.949,108.6, 92.5,0.282, 2.863, 2.919, 68.2, 52.7,0.276, 2.835, 2.889,186.2,168.9,0.281, 2.878, 2.934,0.287, 2.849, 2.904,0.282
08:28:00, 2.781, 2.831,105.1, 89.0,0.283, 2.754, 2.803, 66.4, 50.8,0.278, 2.729, 2.775,180.7,163.0,0.282, 2.768, 2.817,0.287, 2.741, 2.789,0.283
08:32:00, 2.678, 2.722,101.8, 85.8,0.283, 2.654, 2.697, 64.4, 48.8,0.277, 2.630, 2.671,175.0,156.8,0.281, 2.666, 2.709,0.289, 2.642, 2.684,0.282
08:36:00, 2.584, 2.622, 98.7, 82.7,0.283, 2.561, 2.599, 62.8, 47.2,0.278, 2.539, 2.575,169.8,151.1,0.281, 2.572, 2.610,0.288, 2.550, 2.587,0.282
08:40:00, 2.496, 2.530, 95.8, 79.9,0.283, 2.475, 2.508, 61.5, 45.8,0.281, 2.454, 2.487,165.3,146.3,0.281, 2.485, 2.519,0.285, 2.465, 2.497,0.281
08:44:00, 2.414, 2.445, 93.1, 77.2,0.283, 2.395, 2.425, 59.7, 44.0,0.277, 2.376, 2.405,160.8,141.5,0.281, 2.405, 2.435,0.288, 2.385, 2.415,0.282
08:48:00, 2.339, 2.366, 90.8, 74.9,0.284, 2.320, 2.347, 58.5, 42.7,0.278, 2.303, 2.328,156.7,137.1,0.281, 2.329, 2.356,0.289, 2.311, 2.338,0.282
08:52:00, 2.268, 2.292, 88.4, 72.5,0.283, 2.251, 2.275, 57.3, 41.4,0.279, 2.234, 2.257,152.9,133.2,0.282, 2.259, 2.283,0.287, 2.243, 2.266,0.282
08:56:00, 2.202, 2.224, 86.3, 70.4,0.283, 2.186, 2.207, 56.2, 40.3,0.279, 2.170, 2.191,149.3,129.4,0.282, 2.194, 2.215,0.287, 2.178, 2.199,0.282
09:00:00, 2.140, 2.160, 84.3, 68.4,0.283, 2.125, 2.144, 54.8, 38.8,0.275, 2.111, 2.129,146.0,125.9,0.282, 2.133, 2.152,0.291, 2.118, 2.137,0.284
09:04:00, 2.082, 2.100, 82.4, 66.5,0.283, 2.068, 2.085, 53.7, 37.6,0.273, 2.055, 2.071,142.9,122.6,0.282, 2.075, 2.093,0.291, 2.061, 2.078,0.284
09:08:00, 2.028, 2.044, 80.6, 64.7,0.283, 2.015, 2.030, 52.9, 36.8,0.275, 2.002, 2.017,140.0,119.5,0.282, 2.021, 2.037,0.289, 2.008, 2.024,0.284
09:12:00, 1.977, 1.991, 79.1, 63.2,0.284, 1.964, 1.979, 52.2, 36.0,0.278, 1.952, 1.966,137.1,116.5,0.282, 1.971, 1.985,0.289, 1.958, 1.972,0.283
09:45:00, 1.651, 1.658,                 , 1.644, 1.650,  0.0,  0.0,-.999, 1.636, 1.642,                 , 1.647, 1.654,     , 1.640, 1.646,     
09:55:00, 1.578, 1.584, 66.1, 50.1,0.281, 1.571, 1.577, 45.0, 28.3,0.269, 1.565, 1.570,114.1, 93.1,0.281, 1.575, 1.580,0.290, 1.568, 1.573,0.284
09:59:00, 1.552, 1.557, 65.3, 49.2,0.281, 1.545, 1.550, 44.6, 27.9,0.270, 1.539, 1.543,112.2, 91.2,0.280, 1.548, 1.553,0.290, 1.542, 1.547,0.283
10:03:00, 1.526, 1.531, 64.4, 48.3,0.280, 1.520, 1.524, 44.3, 27.5,0.273, 1.514, 1.518,110.8, 89.8,0.280, 1.523, 1.528,0.287, 1.517, 1.521,0.282
10:07:00, 1.502, 1.506, 63.8, 47.7,0.281, 1.496, 1.500, 44.0, 27.2,0.275, 1.490, 1.494,109.4, 88.4,0.280, 1.499, 1.503,0.287, 1.493, 1.497,0.282
10:11:00, 1.479, 1.483, 63.1, 47.0,0.282, 1.473, 1.477, 43.5, 26.7,0.272, 1.468, 1.472,107.8, 86.8,0.279, 1.476, 1.480,0.289, 1.471, 1.474,0.281
10:15:00, 1.457, 1.461, 62.2, 46.1,0.280, 1.452, 1.455, 43.1, 26.2,0.272, 1.447, 1.450,106.7, 85.7,0.280, 1.454, 1.458,0.287, 1.449, 1.453,0.282
10:19:00, 1.436, 1.439, 61.7, 45.6,0.281, 1.431, 1.434, 42.8, 25.9,0.273, 1.426, 1.429,105.6, 84.6,0.281, 1.434, 1.437,0.288, 1.429, 1.432,0.282
10:23:00, 1.416, 1.419, 61.1, 45.0,0.281, 1.412, 1.414, 42.7, 25.8,0.277, 1.407, 1.410,104.6, 83.6,0.281, 1.414, 1.417,0.285, 1.409, 1.412,0.282
10:27:00, 1.397, 1.400, 60.6, 44.4,0.282, 1.393, 1.396, 42.2, 25.3,0.274, 1.388, 1.391,103.2, 82.2,0.280, 1.395, 1.398,0.289, 1.391, 1.393,0.281
10:31:00, 1.379, 1.382, 60.1, 43.9,0.283, 1.375, 1.377, 42.0, 25.1,0.276, 1.371, 1.373,102.4, 81.4,0.281, 1.377, 1.380,0.288, 1.373, 1.375,0.282
10:35:00, 1.362, 1.364, 59.6, 43.4,0.283, 1.358, 1.360, 41.7, 24.7,0.275, 1.354, 1.356,101.2, 80.2,0.280, 1.360, 1.362,0.289, 1.356, 1.358,0.281
10:39:00, 1.346, 1.348, 59.1, 42.9,0.283, 1.342, 1.344, 41.4, 24.4,0.275, 1.338, 1.340,100.2, 79.2,0.280, 1.344, 1.346,0.289, 1.340, 1.342,0.281
10:43:00, 1.330, 1.332, 58.6, 42.3,0.282, 1.326, 1.328, 41.1, 24.1,0.274, 1.323, 1.324, 99.3, 78.3,0.280, 1.328, 1.330,0.290, 1.324, 1.326,0.281
10:47:00, 1.315, 1.317, 58.0, 41.7,0.281, 1.312, 1.313, 40.9, 23.9,0.275, 1.308, 1.310, 98.5, 77.5,0.280, 1.313, 1.315,0.286, 1.310, 1.312,0.281
10:51:00, 1.301, 1.303, 57.6, 41.3,0.281, 1.298, 1.299, 40.7, 23.7,0.276, 1.294, 1.296, 97.6, 76.6,0.280, 1.299, 1.301,0.286, 1.296, 1.298,0.281
10:55:00, 1.288, 1.289, 57.2, 40.9,0.281, 1.284, 1.286, 40.4, 23.3,0.274, 1.281, 1.282, 96.8, 75.8,0.280, 1.286, 1.287,0.287, 1.283, 1.284,0.281
10:59:00, 1.275, 1.276, 56.9, 40.5,0.282, 1.272, 1.273, 40.2, 23.1,0.275, 1.268, 1.270, 95.9, 75.0,0.279, 1.273, 1.274,0.289, 1.270, 1.271,0.280
11:03:00, 1.262, 1.264, 56.4, 40.0,0.281, 1.259, 1.261, 39.9, 22.8,0.272, 1.257, 1.258, 94.9, 74.0,0.278, 1.261, 1.262,0.288, 1.258, 1.259,0.279
11:07:00, 1.251, 1.252, 56.1, 39.7,0.281, 1.248, 1.249, 39.9, 22.8,0.277, 1.245, 1.246, 94.6, 73.7,0.280, 1.249, 1.250,0.285, 1.247, 1.248,0.280
11:11:00, 1.240, 1.241, 55.8, 39.4,0.282, 1.237, 1.238, 39.7, 22.6,0.276, 1.234, 1.235, 93.9, 73.0,0.279, 1.238, 1.239,0.286, 1.236, 1.237,0.280
