 2900 
 838          270
 848          294
 858          325
 868          372
 878          463
 888          725
 898         2437
 908         3515
 918         4586
 928         7097
 938        10114
 948        12555
 958        15737
 968        18554
 978        20142
 988        20396
 998        20131
1008        17944
1018        15073
1028        11734
1038         9256
1048         5912
1058         4354
1068         2920
1078         2389
1088          640
1098          446
1108          357
1118          324
1128          289
1138          270
1138          266
1128          288
1118          319
1108          367
1098          434
1088          639
1078         2369
1068         2908
1058         4405
1048         5946
1038         9216
1028        12106
1018        15103
1008        17411
 998        19509
 988        20544
 978        20351
 968        18437
 958        15392
 948        12933
 938        10334
 928         7491
 918         4725
 908         3796
 898         2611
 888          802
 878          451
 868          385
 858          341
 848          297
 838          283
eof
185 mkiii
slit  0 
ZERO  1733 
CalStep 1020
TE  28 
ND  0 
DRK  25
