 2900 
 412          270
 422          288
 432          311
 442          350
 452          433
 462          631
 472         1957
 482         3096
 492         4304
 502         6579
 512         9589
 522        12907
 532        15678
 542        18314
 552        19822
 562        20171
 572        19669
 582        17371
 592        15125
 602        11911
 612         8956
 622         6309
 632         4295
 642         3084
 652         2628
 662          892
 672          457
 682          384
 692          324
 702          286
 712          279
 712          279
 702          295
 692          321
 682          353
 672          436
 662          769
 652         2529
 642         3035
 632         4274
 622         6216
 612         8933
 602        11500
 592        14629
 582        16518
 572        18887
 562        19819
 552        19442
 542        17304
 532        14642
 522        12488
 512         9762
 502         6532
 492         4378
 482         3198
 472         2019
 462          655
 452          421
 442          357
 432          325
 422          297
 412          267
eof
185 mkiii
slit  1 
ZERO  1733 
CalStep 1020
TE  28 
ND  0 
DRK  283
