 2950 
1498          277
1508          295
1518          345
1528          397
1538          470
1548          807
1558         2683
1568         3740
1578         5023
1588         7790
1598        10318
1608        13429
1618        16418
1628        18960
1638        20629
1648        21072
1658        20439
1668        17318
1678        14783
1688        11938
1698         9157
1708         6078
1718         4284
1728         2951
1738         2438
1748          628
1758          436
1768          380
1778          328
1788          300
1798          274
1798          277
1788          296
1778          326
1768          373
1758          466
1748          613
1738         2278
1728         2969
1718         4267
1708         6044
1698         9095
1688        12033
1678        14761
1668        17765
1658        20045
1648        20892
1638        20805
1628        18853
1618        16313
1608        13077
1598        10278
1588         7699
1578         4891
1568         3853
1558         2748
1548          959
1538          478
1528          391
1518          350
1508          309
1498          283
eof
185 mkiii
slit  0 
ZERO  1733 
CalStep 1020
TE  28 
ND  0 
DRK  32
