 2950 
1073          273
1083          302
1093          334
1103          377
1113          456
1123          739
1133         2551
1143         3793
1153         4853
1163         7860
1173        10367
1183        13281
1193        15691
1203        19001
1213        20615
1223        20388
1233        19254
1243        17371
1253        14671
1263        11784
1273         8655
1283         6053
1293         4243
1303         2988
1313         2610
1323          701
1333          428
1343          367
1353          318
1363          291
1373          284
1373          280
1363          295
1353          325
1343          373
1333          422
1323          688
1313         2463
1303         2965
1293         4211
1283         5924
1273         8701
1263        11669
1253        14537
1243        16934
1233        19353
1223        21134
1213        20882
1203        19466
1193        16268
1183        13478
1173        10924
1163         8045
1153         5064
1143         3934
1133         2638
1123          833
1113          453
1103          392
1093          338
1083          307
1073          281
eof
185 mkiii
slit  1 
ZERO  1733 
CalStep 1020
TE  28 
ND  0 
DRK  283
