 2950 
 552          270
 562          289
 572          322
 582          356
 592          407
 602          543
 612         1395
 622         2948
 632         4202
 642         6282
 652         9262
 662        12540
 672        15161
 682        18088
 692        20278
 702        20494
 712        20432
 722        16933
 732        14838
 742        12257
 752         9229
 762         6292
 772         4245
 782         3097
 792         2956
 802         1246
 812          464
 822          372
 832          320
 842          302
 852          273
 852          273
 842          297
 832          329
 822          356
 812          455
 802         1077
 792         2928
 782         3052
 772         4172
 762         6259
 752         9242
 742        12291
 732        15027
 722        17646
 712        20427
 702        21173
 692        20653
 682        18340
 672        15160
 662        12818
 652         9908
 642         6492
 632         4278
 622         3042
 612         1537
 602          551
 592          427
 582          353
 572          325
 562          295
 552          276
eof
185 mkiii
slit  2 
ZERO  1733 
CalStep 1020
TE  28 
ND  0 
DRK  283
