 3000 
2168          288
2178          314
2188          353
2198          401
2208          503
2218          864
2228         2929
2238         2949
2248         4338
2258         7953
2268        10878
2278        14321
2288        17120
2298        20572
2308        23509
2318        24342
2328        25035
2338        21164
2348        18056
2358        14566
2368        11956
2378         8035
2388         4881
2398         3766
2408         2959
2418          877
2428          528
2438          420
2448          349
2458          325
2468          291
2468          298
2458          330
2448          361
2438          432
2428          547
2418          847
2408         2900
2398         3726
2388         4842
2378         7850
2368        11273
2358        14614
2348        17721
2338        20758
2328        23170
2318        25380
2308        23510
2298        21064
2288        17818
2278        14702
2268        11221
2258         8067
2248         4445
2238         3000
2228         3017
2218          962
2208          547
2198          409
2188          361
2178          333
2168          289
eof
185 mkiii
slit  0 
ZERO  1733 
CalStep 1020
TE  28 
ND  0 
DRK  26
