 3000 
1742          282
1752          315
1762          341
1772          398
1782          484
1792          650
1802         2438
1812         2948
1822         4138
1832         7116
1842        10566
1852        13649
1862        16805
1872        20351
1882        23757
1892        24233
1902        23950
1912        21400
1922        17793
1932        15246
1942        11411
1952         7752
1962         4443
1972         3594
1982         3087
1992         1330
2002          537
2012          419
2022          361
2032          322
2042          291
2042          296
2032          318
2022          359
2012          413
2002          529
1992         1236
1982         3058
1972         3519
1962         4376
1952         7852
1942        11366
1932        15024
1922        18853
1912        21472
1902        23977
1892        24718
1882        23421
1872        21148
1862        18186
1852        14104
1842        10575
1832         7141
1822         4273
1812         2909
1802         2328
1792          648
1782          488
1772          380
1762          339
1752          312
1742          277
eof
185 mkiii
slit  1 
ZERO  1733 
CalStep 1020
TE  28 
ND  0 
DRK  289
