 3000 
1223          273
1233          304
1243          331
1253          370
1263          427
1273          551
1283         1435
1293         3075
1303         4143
1313         6769
1323        10312
1333        13749
1343        17039
1353        20483
1363        23219
1373        25509
1383        23476
1393        20487
1403        17300
1413        14257
1423        11412
1433         7816
1443         4385
1453         3750
1463         2950
1473         1930
1483          578
1493          423
1503          369
1513          336
1523          292
1523          290
1513          321
1503          368
1493          417
1483          561
1473         1758
1463         3049
1453         3573
1443         4314
1433         7586
1423        10923
1413        14190
1403        17548
1393        20531
1383        23728
1373        24392
1363        23252
1353        20373
1343        17231
1333        13928
1323        10224
1313         6910
1303         4098
1293         3086
1283         1514
1273          591
1263          450
1253          375
1243          341
1233          301
1223          275
eof
185 mkiii
slit  2 
ZERO  1733 
CalStep 1020
TE  28 
ND  0 
DRK  289
