 3000 
 737          279
 747          304
 757          326
 767          371
 777          436
 787          560
 797         1068
 807         3040
 817         4337
 827         7687
 837        10745
 847        13867
 857        17427
 867        20315
 877        23018
 887        24174
 897        23786
 907        21911
 917        19149
 927        16116
 937        12871
 947         9753
 957         6181
 967         4384
 977         3019
 987         3114
 997         1230
1007          535
1017          382
1027          338
1037          301
1037          297
1027          340
1017          380
1007          532
 997         1135
 987         3033
 977         2982
 967         4343
 957         6131
 947         9700
 937        12822
 927        15910
 917        18815
 907        21570
 897        23822
 887        23924
 877        23058
 867        20091
 857        17273
 847        13884
 837        10626
 827         8188
 817         4436
 807         3054
 797         1203
 787          560
 777          450
 767          377
 757          335
 747          308
 737          290
eof
185 mkiii
slit  3 
ZERO  1733 
CalStep 1020
TE  28 
ND  0 
DRK  289
