 3000 
 268          277
 278          301
 288          320
 298          355
 308          420
 318          517
 328          740
 338         3127
 348         4153
 358         7191
 368        11240
 378        14602
 388        17810
 398        21171
 408        24349
 418        25351
 428        25429
 438        22821
 448        19550
 458        16524
 468        12986
 478         9017
 488         5498
 498         4366
 508         3029
 518         3109
 528         1499
 538          520
 548          380
 558          336
 568          305
 568          302
 558          323
 548          375
 538          474
 528         1161
 518         3098
 508         2943
 498         4318
 488         5562
 478         8926
 468        12689
 458        16069
 448        19551
 438        22478
 428        25047
 418        25496
 408        24328
 398        21364
 388        17881
 378        14806
 368        11236
 358         7505
 348         4376
 338         3129
 328          881
 318          549
 308          433
 298          382
 288          336
 278          305
 268          275
eof
185 mkiii
slit  4 
ZERO  1733 
CalStep 1020
TE  28 
ND  0 
DRK  289
