 3050 
2847          343
2857          387
2867          501
2877          585
2887          640
2897         2204
2907         2925
2917         3819
2927         5634
2937        10839
2947        16219
2957        21494
2967        26857
2977        32673
2987        36780
2997        38346
3007        38748
3017        34533
3027        27904
3037        22735
3047        18128
3057        12313
3067         7277
3077         4413
3087         3039
3097         1310
3107          633
3117          568
3127          494
3137          383
3147          336
3147          337
3137          396
3127          492
3117          556
3107          630
3097         1212
3087         3068
3077         4362
3067         7185
3057        12706
3047        19390
3037        24304
3027        29389
3017        34815
3007        38324
2997        39599
2987        37660
2977        33705
2967        28409
2957        22781
2947        17176
2937        11196
2927         5992
2917         3965
2907         2964
2897         2300
2887          668
2877          583
2867          510
2857          407
2847          343
eof
185 mkiii
slit  0 
ZERO  1733 
CalStep 1020
TE  28 
ND  0 
DRK  30
