 3050 
2422          327
2432          373
2442          483
2452          554
2462          610
2472         1478
2482         2927
2492         3883
2502         5712
2512        11125
2522        16611
2532        21980
2542        26901
2552        32249
2562        37117
2572        38236
2582        37263
2592        32493
2602        27360
2612        22338
2622        17086
2632        11570
2642         5901
2652         4250
2662         2937
2672         1573
2682          626
2692          577
2702          499
2712          393
2722          324
2722          339
2712          381
2702          462
2692          562
2682          632
2672         1553
2662         2912
2652         4271
2642         5976
2632        11956
2622        16894
2612        22133
2602        28025
2592        32454
2582        36922
2572        38076
2562        36871
2552        33666
2542        27611
2532        21965
2522        16175
2512        10661
2502         5732
2492         3858
2482         2996
2472         1519
2462          615
2452          553
2442          443
2432          367
2422          327
eof
185 mkiii
slit  1 
ZERO  1733 
CalStep 1020
TE  28 
ND  0 
DRK  343
