 3050 
1904          323
1914          366
1924          432
1934          537
1944          584
1954          852
1964         3046
1974         4006
1984         5968
1994        11585
2004        17275
2014        22607
2024        27888
2034        32535
2044        37229
2054        38622
2064        36624
2074        32042
2084        27677
2094        21906
2104        16136
2114        10516
2124         5375
2134         4203
2144         2965
2154         2228
2164          637
2174          555
2184          468
2194          374
2204          335
2204          333
2194          368
2184          456
2174          558
2164          645
2154         2190
2144         2921
2134         4180
2124         5243
2114        10499
2104        16212
2094        21840
2084        27568
2074        29343
2064        33367
2054        35398
2044        34494
2034        30387
2024        25810
2014        23344
2004        17769
1994        12245
1984         6328
1974         4217
1964         3006
1954          838
1944          604
1934          554
1924          456
1914          368
1904          323
eof
185 mkiii
slit  2 
ZERO  1733 
CalStep 1020
TE  28 
ND  0 
DRK  343
