 3050 
1420          321
1430          361
1440          441
1450          546
1460          584
1470          754
1480         2946
1490         4403
1500         7009
1510        12383
1520        17007
1530        21991
1540        26689
1550        31786
1560        37163
1570        38599
1580        36964
1590        32760
1600        27513
1610        23040
1620        17619
1630        11826
1640         6335
1650         4449
1660         3276
1670         3151
1680         1288
1690          571
1700          486
1710          373
1720          338
1720          343
1710          366
1700          467
1690          559
1680         1154
1670         3138
1660         3219
1650         4367
1640         6094
1630        11680
1620        17250
1610        22740
1600        27551
1590        33445
1580        37123
1570        38645
1560        36229
1550        31868
1540        28072
1530        22711
1520        17385
1510        12597
1500         7556
1490         4411
1480         2940
1470          746
1460          589
1450          562
1440          463
1430          365
1420          322
eof
185 mkiii
slit  3 
ZERO  1733 
CalStep 1020
TE  28 
ND  0 
DRK  343
