 3050 
 951          316
 961          344
 971          421
 981          537
 991          587
1001          638
1011         1892
1021         4381
1031         6755
1041        12848
1051        18362
1061        23113
1071        29017
1081        34145
1091        38059
1101        39277
1111        37507
1121        32879
1131        27650
1141        22854
1151        16733
1161        11254
1171         5820
1181         4390
1191         3416
1201         3093
1211         1518
1221          588
1231          501
1241          398
1251          341
1251          356
1241          391
1231          498
1221          583
1211         1365
1201         3147
1191         3340
1181         4380
1171         5910
1161        11332
1151        16596
1141        22743
1131        27649
1121        33332
1111        37676
1101        39393
1091        38527
1081        34379
1071        28457
1061        23686
1051        18730
1041        12934
1031         7011
1021         4446
1011         2214
1001          667
 991          578
 981          529
 971          422
 961          379
 951          329
eof
185 mkiii
slit  4 
ZERO  1733 
CalStep 1020
TE  28 
ND  0 
DRK  343
