 3050 
 479          282
 489          317
 499          354
 509          405
 519          515
 529          578
 539          624
 549         1703
 559         4288
 569         6744
 579        12228
 589        17316
 599        22805
 609        27633
 619        33441
 629        37613
 639        39074
 649        37527
 659        33244
 669        27805
 679        22980
 689        17952
 699        11883
 709         6393
 719         4404
 729         3696
 739         2990
 749         2220
 759          632
 769          504
 779          395
 779          410
 769          502
 759          613
 749         2077
 739         2953
 729         3654
 719         4404
 709         6262
 699        11875
 689        17971
 679        22883
 669        28124
 659        33243
 649        37894
 639        38892
 629        37864
 619        33157
 609        27691
 599        23076
 589        17922
 579        12742
 569         7501
 559         4450
 549         1961
 539          640
 529          576
 519          521
 509          421
 499          349
 489          320
 479          279
eof
185 mkiii
slit  5 
ZERO  1733 
CalStep 1020
TE  28 
ND  0 
DRK  343
