 3100 
3536          345
3546          383
3556          494
3566          544
3576          653
3586         2488
3596         2977
3606         3871
3616         5190
3626        10739
3636        16568
3646        22097
3656        27122
3666        32153
3676        36994
3686        39964
3696        39128
3706        35493
3716        30525
3726        25214
3736        19308
3746        13536
3756         7277
3766         4401
3776         3092
3786         1302
3796          615
3806          573
3816          496
3826          395
3836          361
3836          349
3826          409
3816          481
3806          565
3796          594
3786         1286
3776         3068
3766         4384
3756         7191
3746        13538
3736        18909
3726        24635
3716        30017
3706        35572
3696        39621
3686        39563
3676        37670
3666        32833
3656        27502
3646        22229
3636        16866
3626        11015
3616         5546
3606         3976
3596         3039
3586         2588
3576          654
3566          563
3556          486
3546          414
3536          347
eof
185 mkiii
slit  0 
ZERO  1733 
CalStep 1020
TE  28 
ND  0 
DRK  36
