 3100 
3111          336
3121          386
3131          469
3141          561
3151          591
3161         1753
3171         2982
3181         3744
3191         5173
3201        10994
3211        16811
3221        21915
3231        27268
3241        32897
3251        37406
3261        39503
3271        38754
3281        34679
3291        29494
3301        24058
3311        18334
3321        12510
3331         7097
3341         4426
3351         2939
3361         1703
3371          632
3381          574
3391          485
3401          392
3411          345
3411          343
3401          387
3391          477
3381          544
3371          620
3361         1637
3351         2989
3341         4301
3331         7078
3321        12456
3311        18152
3301        23733
3291        29679
3281        34710
3271        38449
3261        39405
3251        38015
3241        32772
3231        27475
3221        22085
3211        16751
3201        11199
3191         5443
3181         3836
3171         2991
3161         1855
3151          604
3141          549
3131          466
3121          382
3111          345
eof
185 mkiii
slit  1 
ZERO  1733 
CalStep 1020
TE  28 
ND  0 
DRK  347
