 3100 
2594          326
2604          375
2614          459
2624          521
2634          576
2644         1220
2654         3132
2664         3778
2674         5839
2684        10951
2694        16652
2704        22603
2714        27434
2724        33021
2734        37768
2744        39716
2754        38133
2764        33769
2774        28229
2784        21963
2794        16829
2804        11556
2814         5896
2824         4226
2834         3038
2844         1850
2854          601
2864          561
2874          453
2884          380
2894          338
2894          342
2884          387
2874          463
2864          534
2854          621
2844         1659
2834         3025
2824         4190
2814         5898
2804        11385
2794        16912
2784        21868
2774        27701
2764        33696
2754        38257
2744        39996
2734        38066
2724        33541
2714        28098
2704        22940
2694        16942
2684        11343
2674         6105
2664         3998
2654         3135
2644         1309
2634          600
2624          541
2614          461
2604          370
2594          337
eof
185 mkiii
slit  2 
ZERO  1733 
CalStep 1020
TE  28 
ND  0 
DRK  347
