 3100 
2112          334
2122          394
2132          472
2142          539
2152          569
2162         1179
2172         3166
2182         4116
2192         8048
2202        13930
2212        19489
2222        24735
2232        30316
2242        36025
2252        39687
2262        39848
2272        38438
2282        34469
2292        29036
2302        23072
2312        17203
2322        12537
2332         6271
2342         4407
2352         3157
2362         3160
2372          941
2382          563
2392          494
2402          401
2412          357
2412          345
2402          389
2392          478
2382          552
2372          840
2362         3046
2352         3161
2342         4375
2332         6206
2322        12029
2312        17085
2302        22691
2292        28265
2282        34214
2272        37965
2262        39858
2252        39534
2242        35739
2232        30693
2222        25151
2212        20062
2202        14238
2192         8347
2182         4162
2172         3114
2162         1247
2152          599
2142          560
2132          480
2122          390
2112          343
eof
185 mkiii
slit  3 
ZERO  1733 
CalStep 1020
TE  28 
ND  0 
DRK  347
