 3100 
1644          323
1654          372
1664          453
1674          537
1684          572
1694          720
1704         2980
1714         4199
1724         8631
1734        14396
1744        19406
1754        24895
1764        30455
1774        35641
1784        39360
1794        39332
1804        36952
1814        32863
1824        27505
1834        21808
1844        17273
1854        11560
1864         5039
1874         4193
1884         3348
1894         3205
1904         1091
1914          556
1924          474
1934          382
1944          338
1944          337
1934          368
1924          462
1914          549
1904         1076
1894         3203
1884         3299
1874         4176
1864         4938
1854        11034
1844        16828
1834        21423
1824        27179
1814        32611
1804        37185
1794        39302
1784        39111
1774        35789
1764        30779
1754        25263
1744        19245
1734        14027
1724         8957
1714         4145
1704         3144
1694          765
1684          597
1674          552
1664          452
1654          382
1644          343
eof
185 mkiii
slit  4 
ZERO  1733 
CalStep 1020
TE  28 
ND  0 
DRK  347
