 3100 
1177          308
1187          346
1197          385
1207          469
1217          544
1227          593
1237          775
1247         3068
1257         4808
1267         9685
1277        14979
1287        20428
1297        26068
1307        31285
1317        36100
1327        38897
1337        38440
1347        34653
1357        30275
1367        25048
1377        19475
1387        14133
1397         7799
1407         4123
1417         3819
1427         3145
1437         3131
1447          877
1457          531
1467          440
1477          370
1477          381
1467          431
1457          524
1447          806
1437         3085
1427         3112
1417         3786
1407         4056
1397         7821
1387        14198
1377        19485
1367        25355
1357        30193
1347        34881
1337        38996
1327        39187
1317        36130
1307        31181
1297        26524
1287        20657
1277        15416
1267        10231
1257         5084
1247         2966
1237          860
1227          588
1217          546
1207          481
1197          393
1187          344
1177          314
eof
185 mkiii
slit  5 
ZERO  1733 
CalStep 1020
TE  28 
ND  0 
DRK  347
