 3150 
4236          322
4246          352
4256          407
4266          516
4276          682
4286         2565
4296         2775
4306         3481
4316         4329
4326         9167
4336        13662
4346        18286
4356        23047
4366        27953
4376        32330
4386        34191
4396        34320
4406        31314
4416        26523
4426        21884
4436        17439
4446        13329
4456         7662
4466         4072
4476         2945
4486         1116
4496          556
4506          518
4516          439
4526          381
4536          327
4536          333
4526          379
4516          434
4506          521
4496          574
4486         1030
4476         2816
4466         4004
4456         7692
4446        12808
4436        17318
4426        21699
4416        26369
4406        30881
4396        34532
4386        34242
4376        32423
4366        28233
4356        23141
4346        18780
4336        13903
4326         9511
4316         4567
4306         3547
4296         2873
4286         2657
4276          668
4266          521
4256          444
4246          362
4236          326
eof
185 mkiii
slit  0 
ZERO  1733 
CalStep 1020
TE  30 
ND  0 
DRK  25
