 3150 
3811          326
3821          360
3831          404
3841          488
3851          563
3861         1738
3871         2778
3881         3348
3891         4444
3901         8779
3911        13317
3921        18114
3931        22499
3941        27072
3951        31472
3961        34312
3971        33641
3981        30243
3991        26385
4001        22267
4011        16970
4021        11883
4031         7157
4041         4208
4051         2862
4061         1446
4071          578
4081          527
4091          446
4101          358
4111          339
4111          330
4101          379
4091          427
4081          516
4071          582
4061         1343
4051         2860
4041         4179
4031         7055
4021        11759
4011        16805
4001        21715
3991        26410
3981        30634
3971        34057
3961        34296
3951        31817
3941        27304
3931        22555
3921        18112
3911        13278
3901         8891
3891         4494
3881         3417
3871         2844
3861         1789
3851          584
3841          507
3831          408
3821          363
3811          322
eof
185 mkiii
slit  1 
ZERO  1733 
CalStep 1020
TE  30 
ND  0 
DRK  326
