 3150 
3295          313
3305          351
3315          392
3325          475
3335          564
3345         1485
3355         2947
3365         3468
3375         4570
3385         9358
3395        13972
3405        19353
3415        23767
3425        28396
3435        32455
3445        34310
3455        33567
3465        29483
3475        24739
3485        19987
3495        15383
3505        10506
3515         5649
3525         4297
3535         3054
3545         1156
3555          561
3565          475
3575          420
3585          357
3595          327
3595          326
3585          352
3575          412
3565          504
3555          549
3545         1121
3535         3075
3525         4231
3515         5511
3505        10299
3495        15387
3485        19759
3475        24949
3465        29347
3455        33502
3445        34707
3435        33270
3425        28641
3415        24183
3405        19424
3395        14254
3385         9625
3375         4742
3365         3623
3355         3020
3345         1558
3335          568
3325          493
3315          396
3305          350
3295          310
eof
185 mkiii
slit  2 
ZERO  1733 
CalStep 1020
TE  30 
ND  0 
DRK  326
