 3150 
2814          324
2824          367
2834          414
2844          502
2854          576
2864         1809
2874         2864
2884         4193
2894         7145
2904        11804
2914        16617
2924        21316
2934        26102
2944        30474
2954        34364
2964        35236
2974        33595
2984        30273
2994        25782
3004        20772
3014        16210
3024        11272
3034         6372
3044         4378
3054         2877
3064         2132
3074          624
3084          514
3094          417
3104          371
3114          332
3114          319
3104          364
3094          425
3084          509
3074          623
3064         2156
3054         2917
3044         4406
3034         6163
3024        11237
3014        16065
3004        20694
2994        26193
2984        30013
2974        33920
2964        35152
2954        34427
2944        30359
2934        26097
2924        21553
2914        16894
2904        11935
2894         7502
2884         4171
2874         2966
2864         1954
2854          575
2844          520
2834          432
2824          370
2814          332
eof
185 mkiii
slit  3 
ZERO  1733 
CalStep 1020
TE  30 
ND  0 
DRK  326
