 3150 
2346          324
2356          354
2366          398
2376          463
2386          554
2396          842
2406         2957
2416         4220
2426         6463
2436        11276
2446        16040
2456        20412
2466        24837
2476        29700
2486        34134
2496        35103
2506        33287
2516        29590
2526        24694
2536        20381
2546        15513
2556        10751
2566         5616
2576         4302
2586         2910
2596         2824
2606          784
2616          526
2626          416
2636          364
2646          325
2646          325
2636          372
2626          412
2616          496
2606          711
2596         2759
2586         2930
2576         4309
2566         5477
2556        10609
2546        15216
2536        20316
2526        24600
2516        29197
2506        33271
2496        34867
2486        33958
2476        29526
2466        25279
2456        20778
2446        16035
2436        11116
2426         6587
2416         4363
2406         3058
2396          870
2386          563
2376          476
2366          403
2356          351
2346          324
eof
185 mkiii
slit  4 
ZERO  1733 
CalStep 1020
TE  30 
ND  0 
DRK  326
