 3150 
1884          306
1894          345
1904          380
1914          451
1924          497
1934          574
1944         1780
1954         3750
1964         5636
1974        10363
1984        15175
1994        19426
2004        23439
2014        28721
2024        32916
2034        34924
2044        33356
2054        29399
2064        24638
2074        20632
2084        16452
2094        11656
2104         6948
2114         4268
2124         3310
2134         2971
2144         1735
2154          564
2164          437
2174          377
2184          357
2184          333
2174          384
2164          437
2154          563
2144         1718
2134         3049
2124         3305
2114         4222
2104         6807
2094        11598
2084        16079
2074        20592
2064        25041
2054        29382
2044        33346
2034        34456
2024        33336
2014        28546
2004        24167
1994        19430
1984        15204
1974        10719
1964         5814
1954         3776
1944         1918
1934          592
1924          522
1914          441
1904          372
1894          342
1884          306
eof
185 mkiii
slit  5 
ZERO  1733 
CalStep 1020
TE  30 
ND  0 
DRK  326
