 3200 
4946          328
4956          364
4966          445
4976          521
4986          763
4996         2892
5006         2959
5016         3647
5026         4602
5036         9453
5046        14123
5056        18656
5066        24348
5076        29345
5086        33725
5096        36351
5106        36590
5116        33367
5126        28689
5136        24623
5146        20083
5156        14965
5166         8063
5176         4172
5186         2932
5196         1012
5206          562
5216          535
5226          445
5236          377
5246          339
5246          343
5236          376
5226          435
5216          506
5206          562
5196          943
5186         2945
5176         4107
5166         7783
5156        14517
5146        19954
5136        24340
5126        28638
5116        32843
5106        37099
5096        36443
5086        33903
5076        29391
5066        24617
5056        19430
5046        14531
5036         9887
5026         4846
5016         3814
5006         2965
4996         2782
4986          774
4976          512
4966          430
4956          369
4946          333
eof
185 mkiii
slit  0 
ZERO  1733 
CalStep 1020
TE  30 
ND  0 
DRK  32
