 3200 
4522          332
4532          369
4542          415
4552          522
4562          667
4572         2484
4582         2904
4592         3643
4602         4745
4612         9529
4622        15004
4632        19911
4642        24679
4652        29665
4662        34321
4672        36598
4682        35475
4692        32128
4702        27249
4712        22577
4722        17846
4732        12890
4742         7719
4752         4231
4762         2945
4772         1375
4782          568
4792          505
4802          422
4812          384
4822          342
4822          339
4812          363
4802          430
4792          495
4782          567
4772         1319
4762         2917
4752         4189
4742         7850
4732        12573
4722        17773
4712        22437
4702        27407
4692        31927
4682        36082
4672        36674
4662        34248
4652        29786
4642        25097
4632        20038
4622        15225
4612         9871
4602         4858
4592         3717
4582         2918
4572         2578
4562          681
4552          514
4542          421
4532          369
4522          329
eof
185 mkiii
slit  1 
ZERO  1733 
CalStep 1020
TE  30 
ND  0 
DRK  333
