 3200 
4007          320
4017          366
4027          409
4037          496
4047          595
4057         2158
4067         2911
4077         3925
4087         5680
4097        10779
4107        15764
4117        20835
4127        25584
4137        30422
4147        34770
4157        36773
4167        35353
4177        30733
4187        26213
4197        21389
4207        16596
4217        11180
4227         6384
4237         4430
4247         3172
4257         1065
4267          552
4277          499
4287          412
4297          362
4307          331
4307          326
4297          365
4287          403
4277          489
4267          540
4257          994
4247         3099
4237         4368
4227         6504
4217        11124
4207        16189
4197        21302
4187        25967
4177        30366
4167        34711
4157        36820
4147        35201
4137        30650
4127        25624
4117        21099
4107        16113
4097        10863
4087         5857
4077         4064
4067         2956
4057         2185
4047          618
4037          496
4027          439
4017          362
4007          335
eof
185 mkiii
slit  2 
ZERO  1733 
CalStep 1020
TE  30 
ND  0 
DRK  333
