 3200 
3527          341
3537          384
3547          439
3557          510
3567          640
3577         2428
3587         2950
3597         4301
3607         7554
3617        12113
3627        17549
3637        22065
3647        27818
3657        32419
3667        35791
3677        37030
3687        36037
3697        31727
3707        26978
3717        21956
3727        16802
3737        11731
3747         6865
3757         4340
3767         2958
3777         2029
3787          612
3797          503
3807          419
3817          359
3827          330
3827          332
3817          363
3807          417
3797          509
3787          596
3777         1925
3767         2921
3757         4378
3747         6692
3737        11597
3727        16625
3717        21945
3707        26744
3697        31931
3687        36143
3677        36916
3667        36286
3657        32600
3647        28053
3637        22674
3627        17491
3617        12301
3607         7661
3597         4279
3587         2932
3577         2436
3567          645
3557          511
3547          435
3537          396
3527          344
eof
185 mkiii
slit  3 
ZERO  1733 
CalStep 1020
TE  30 
ND  0 
DRK  333
