 3200 
3060          324
3070          367
3080          412
3090          498
3100          560
3110         1761
3120         3038
3130         4296
3140         6893
3150        12125
3160        17680
3170        22865
3180        27538
3190        31926
3200        35698
3210        36980
3220        34668
3230        30639
3240        26289
3250        20940
3260        16040
3270        11129
3280         6321
3290         4361
3300         2982
3310         2209
3320          650
3330          502
3340          421
3350          361
3360          331
3360          328
3350          365
3340          423
3330          476
3320          640
3310         2210
3300         2931
3290         4368
3280         6103
3270        11075
3260        16185
3250        20995
3240        26350
3230        30729
3220        34774
3210        36975
3200        35929
3190        32232
3180        27611
3170        22851
3160        17846
3150        12271
3140         7147
3130         4252
3120         3018
3110         1767
3100          563
3090          495
3080          397
3070          371
3060          330
eof
185 mkiii
slit  4 
ZERO  1733 
CalStep 1020
TE  30 
ND  0 
DRK  333
