 3200 
2602          325
2612          364
2622          407
2632          479
2642          530
2652          902
2662         3076
2672         4211
2682         7153
2692        12400
2702        16425
2712        21311
2722        26464
2732        31794
2742        35538
2752        36706
2762        34769
2772        30677
2782        25722
2792        20554
2802        15574
2812        10693
2822         5501
2832         4419
2842         2994
2852         2892
2862          774
2872          490
2882          415
2892          374
2902          334
2902          337
2892          369
2882          411
2872          486
2862          741
2852         2749
2842         2968
2832         4333
2822         5420
2812        10547
2802        15532
2792        20442
2782        25412
2772        30535
2762        34830
2752        36469
2742        35467
2732        32016
2722        26559
2712        21862
2702        16991
2692        12651
2682         7486
2672         4221
2662         3114
2652          984
2642          540
2632          479
2622          408
2612          362
2602          334
eof
185 mkiii
slit  5 
ZERO  1733 
CalStep 1020
TE  30 
ND  0 
DRK  333
