 3250 
5668          319
5678          352
5688          395
5698          473
5708          733
5718         2717
5728         2922
5738         3371
5748         4409
5758         8695
5768        13067
5778        19008
5788        24179
5798        29503
5808        33615
5818        35862
5828        35587
5838        32223
5848        26932
5858        22450
5868        17850
5878        13509
5888         8278
5898         4073
5908         3106
5918         1738
5928          581
5938          494
5948          435
5958          383
5968          345
5968          358
5958          374
5948          447
5938          486
5928          574
5918         1768
5908         3181
5898         4072
5888         8280
5878        13281
5868        17569
5858        22233
5848        27004
5838        31758
5828        35736
5818        36315
5808        33269
5798        29706
5788        24692
5778        19494
5768        13653
5758         9181
5748         4633
5738         3503
5728         2982
5718         2685
5708          721
5698          493
5688          405
5678          359
5668          336
eof
185 mkiii
slit  0 
ZERO  1733 
CalStep 1020
TE  30 
ND  0 
DRK  29
