 3250 
5244          337
5254          355
5264          404
5274          465
5284          604
5294         1857
5304         3102
5314         3427
5324         4393
5334         8309
5344        12830
5354        18424
5364        23487
5374        27349
5384        31375
5394        34975
5404        35362
5414        32305
5424        28767
5434        24334
5444        19804
5454        13343
5464         8090
5474         4402
5484         3145
5494         1695
5504          592
5514          493
5524          408
5534          378
5544          336
5544          347
5534          363
5524          414
5514          492
5504          546
5494         1569
5484         3019
5474         4211
5464         7875
5454        13087
5444        19639
5434        24349
5424        28616
5414        32108
5404        35715
5394        35058
5384        31686
5374        26973
5364        23251
5354        18597
5344        13057
5334         8547
5324         4379
5314         3495
5304         3140
5294         1935
5284          568
5274          469
5264          405
5254          367
5244          322
eof
185 mkiii
slit  1 
ZERO  1733 
CalStep 1020
TE  30 
ND  0 
DRK  336
