 3250 
4730          323
4740          355
4750          401
4760          453
4770          579
4780         1903
4790         3101
4800         3577
4810         4178
4820         8067
4830        14180
4840        19005
4850        23597
4860        27998
4870        32485
4880        36344
4890        35308
4900        31146
4910        26593
4920        21075
4930        16528
4940        11351
4950         6228
4960         4428
4970         3184
4980         1295
4990          535
5000          461
5010          418
5020          365
5030          326
5030          324
5020          361
5010          409
5000          467
4990          539
4980         1257
4970         3230
4960         4346
4950         6119
4940        11131
4930        16258
4920        20768
4910        26269
4900        31162
4890        34853
4880        36100
4870        32946
4860        28123
4850        23571
4840        19457
4830        14520
4820         8455
4810         4319
4800         3564
4790         3036
4780         1966
4770          588
4760          481
4750          409
4740          354
4730          326
eof
185 mkiii
slit  2 
ZERO  1733 
CalStep 1020
TE  30 
ND  0 
DRK  336
