 3250 
4251          325
4261          376
4271          403
4281          471
4291          673
4301         2494
4311         3017
4321         4377
4331         6751
4341        12002
4351        16660
4361        21237
4371        26496
4381        30860
4391        34837
4401        36631
4411        35736
4421        31547
4431        27556
4441        22262
4451        17622
4461        12425
4471         7835
4481         4086
4491         3007
4501         1905
4511          596
4521          491
4531          422
4541          364
4551          339
4551          342
4541          366
4531          415
4521          490
4511          605
4501         1836
4491         3009
4481         4094
4471         7515
4461        12133
4451        17422
4441        22195
4431        27423
4421        31440
4411        35230
4401        36786
4391        35343
4381        30863
4371        26475
4361        22096
4351        17039
4341        12011
4331         6991
4321         4414
4311         3013
4301         2546
4291          692
4281          487
4271          418
4261          370
4251          345
eof
185 mkiii
slit  3 
ZERO  1733 
CalStep 1020
TE  30 
ND  0 
DRK  336
