 3250 
3785          317
3795          351
3805          394
3815          448
3825          522
3835         1579
3845         3139
3855         4233
3865         5935
3875        11024
3885        16027
3895        20263
3905        25488
3915        29523
3925        34202
3935        36366
3945        35346
3955        31503
3965        26409
3975        22262
3985        17408
3995        12795
4005         7422
4015         4333
4025         3009
4035         2208
4045          674
4055          478
4065          401
4075          368
4085          331
4085          335
4075          359
4065          419
4055          475
4045          658
4035         2120
4025         3010
4015         4311
4005         7222
3995        12656
3985        17244
3975        21827
3965        26390
3955        31177
3945        35138
3935        36577
3925        34136
3915        29580
3905        25287
3895        20176
3885        15860
3875        10981
3865         6170
3855         4360
3845         3188
3835         1581
3825          545
3815          447
3805          385
3795          365
3785          328
eof
185 mkiii
slit  4 
ZERO  1733 
CalStep 1020
TE  30 
ND  0 
DRK  336
