 3250 
3330          336
3340          361
3350          384
3360          447
3370          518
3380         1410
3390         3132
3400         4217
3410         7158
3420        11786
3430        16478
3440        21039
3450        25838
3460        31014
3470        34859
3480        35725
3490        33713
3500        29596
3510        25010
3520        20476
3530        15898
3540        11015
3550         5854
3560         4430
3570         3025
3580         2556
3590          731
3600          486
3610          403
3620          362
3630          330
3630          337
3620          358
3610          399
3600          470
3590          717
3580         2430
3570         3023
3560         4387
3550         6008
3540        11064
3530        15874
3520        20136
3510        24902
3500        29430
3490        33597
3480        36070
3470        35061
3460        31117
3450        25994
3440        21179
3430        16817
3420        11968
3410         7502
3400         4220
3390         3174
3380         1458
3370          529
3360          464
3350          394
3340          368
3330          331
eof
185 mkiii
slit  5 
ZERO  1733 
CalStep 1020
TE  30 
ND  0 
DRK  336
