 3300 
6402          330
6412          355
6422          388
6432          449
6442          661
6452         2155
6462         3062
6472         4106
6482         4282
6492         7964
6502        12573
6512        17845
6522        21010
6532        25296
6542        29437
6552        32190
6562        32190
6572        29654
6582        25153
6592        21116
6602        16840
6612        11697
6622         7822
6632         4123
6642         3166
6652         1227
6662          518
6672          445
6682          380
6692          350
6702          330
6702          319
6692          350
6682          383
6672          429
6662          500
6652         1033
6642         3183
6632         4043
6622         7711
6612        11388
6602        16682
6592        21243
6582        25371
6572        29323
6562        32243
6552        32224
6542        29079
6532        25308
6522        20935
6512        17942
6502        12943
6492         7934
6482         4134
6472         4226
6462         3091
6452         2288
6442          692
6432          466
6422          389
6412          350
6402          324
eof
185 mkiii
slit  0 
ZERO  1733 
CalStep 1020
TE  30 
ND  0 
DRK  33
