 3300 
5979          311
5989          350
5999          367
6009          409
6019          660
6029         2205
6039         3094
6049         3229
6059         4012
6069         8914
6079        13712
6089        18244
6099        21976
6109        26173
6119        30120
6129        32271
6139        31112
6149        27565
6159        23641
6169        19219
6179        15285
6189        11537
6199         7829
6209         4226
6219         3170
6229         1394
6239          525
6249          443
6259          399
6269          361
6279          329
6279          329
6269          363
6259          389
6249          435
6239          524
6229         1283
6219         3171
6209         4217
6199         7881
6189        11431
6179        15256
6169        19354
6159        23676
6149        26977
6139        30690
6129        32439
6119        29994
6109        25870
6099        22411
6089        18277
6079        13853
6069         9231
6059         4174
6049         3308
6039         3081
6029         2368
6019          675
6009          425
5999          378
5989          359
5979          326
eof
185 mkiii
slit  1 
ZERO  1733 
CalStep 1020
TE  30 
ND  0 
DRK  324
