 3300 
5464          310
5474          340
5484          365
5494          412
5504          551
5514         1621
5524         3193
5534         3387
5544         4584
5554         8954
5564        13333
5574        17339
5584        21407
5594        25672
5604        29870
5614        32221
5624        31774
5634        27819
5644        23579
5654        19400
5664        16413
5674        12594
5684         7987
5694         4235
5704         3143
5714         1305
5724          532
5734          428
5744          385
5754          358
5764          327
5764          323
5754          340
5744          377
5734          420
5724          511
5714         1262
5704         3089
5694         4233
5684         7995
5674        12485
5664        16472
5654        19310
5644        23730
5634        27690
5624        31249
5614        32549
5604        29593
5594        25341
5584        21567
5574        17451
5564        13396
5554         8915
5544         4666
5534         3554
5524         3168
5514         1626
5504          572
5494          425
5484          370
5474          338
5464          321
eof
185 mkiii
slit  2 
ZERO  1733 
CalStep 1020
TE  30 
ND  0 
DRK  324
