 3300 
4986          320
4996          346
5006          382
5016          416
5026          584
5036         2088
5046         3225
5056         3727
5066         5433
5076        10205
5086        13960
5096        17797
5106        21761
5116        26976
5126        30529
5136        32571
5146        32560
5156        29510
5166        24423
5176        20319
5186        17080
5196        12392
5206         7507
5216         4052
5226         3084
5236         1826
5246          613
5256          438
5266          385
5276          346
5286          322
5286          323
5276          347
5266          377
5256          444
5246          587
5236         1907
5226         3098
5216         4018
5206         7224
5196        12187
5186        16689
5176        20153
5166        24351
5156        29488
5146        32439
5136        32299
5126        30781
5116        26790
5106        21806
5096        18002
5086        14166
5076        10377
5066         5583
5056         3763
5046         3196
5036         2030
5026          635
5016          428
5006          385
4996          349
4986          319
eof
185 mkiii
slit  3 
ZERO  1733 
CalStep 1020
TE  30 
ND  0 
DRK  324
