 3300 
4522          308
4532          319
4542          364
4552          407
4562          540
4572         1619
4582         3086
4592         3870
4602         5407
4612         9828
4622        13976
4632        18342
4642        22220
4652        26603
4662        30264
4672        32561
4682        31830
4692        27883
4702        23664
4712        19869
4722        15622
4732        11719
4742         6982
4752         4087
4762         3077
4772         2058
4782          641
4792          429
4802          380
4812          356
4822          322
4822          328
4812          350
4802          379
4792          423
4782          612
4772         2003
4762         3029
4752         4131
4742         6824
4732        11744
4722        15520
4712        19651
4702        23828
4692        27255
4682        31846
4672        32727
4662        30487
4652        26757
4642        22576
4632        18419
4622        14014
4612        10018
4602         5646
4592         3987
4582         3127
4572         1653
4562          569
4552          409
4542          373
4532          340
4522          304
eof
185 mkiii
slit  4 
ZERO  1733 
CalStep 1020
TE  30 
ND  0 
DRK  324
