 3300 
4070          311
4080          346
4090          381
4100          412
4110          525
4120         1728
4130         3151
4140         4299
4150         6336
4160        10591
4170        15258
4180        18873
4190        23041
4200        26918
4210        30672
4220        32137
4230        30295
4240        26723
4250        22379
4260        17945
4270        14116
4280        10477
4290         6368
4300         4331
4310         3210
4320         1650
4330          567
4340          417
4350          370
4360          340
4370          325
4370          312
4360          349
4350          374
4340          411
4330          569
4320         1634
4310         3199
4300         4247
4290         6076
4280        10277
4270        14092
4260        17975
4250        22115
4240        26833
4230        30168
4220        32076
4210        30721
4200        26942
4190        22627
4180        19257
4170        15272
4160        10888
4150         6617
4140         4237
4130         3177
4120         1749
4110          562
4100          404
4090          368
4080          344
4070          322
eof
185 mkiii
slit  5 
ZERO  1733 
CalStep 1020
TE  30 
ND  0 
DRK  324
