 3350 
7148          321
7158          339
7168          382
7178          435
7188          758
7198         2522
7208         3090
7218         3869
7228         6536
7238        10968
7248        14328
7258        17496
7268        22373
7278        26889
7288        30495
7298        31317
7308        30086
7318        25994
7328        22191
7338        18309
7348        14925
7358        10914
7368         6650
7378         4255
7388         3088
7398         1117
7408          498
7418          407
7428          393
7438          343
7448          315
7448          307
7438          343
7428          362
7418          408
7408          494
7398         1005
7388         3131
7378         4269
7368         6499
7358        11036
7348        15034
7338        18267
7328        21909
7318        25879
7308        30256
7298        31610
7288        30555
7278        26605
7268        22644
7258        17672
7248        14020
7238        10926
7228         6310
7218         4065
7208         3094
7198         2732
7188          921
7178          447
7168          378
7158          364
7148          325
eof
185 mkiii
slit  0 
ZERO  1733 
CalStep 1020
TE  30 
ND  0 
DRK  36
