 3350 
6727          317
6737          342
6747          374
6757          428
6767          680
6777         2179
6787         3159
6797         4254
6807         4964
6817         9027
6827        12629
6837        16779
6847        20914
6857        25099
6867        28931
6877        31336
6887        30285
6897        26527
6907        22584
6917        19069
6927        14856
6937        10051
6947         4839
6957         4089
6967         3017
6977         1079
6987          507
6997          407
7007          367
7017          347
7027          320
7027          304
7017          332
7007          366
6997          396
6987          478
6977         1017
6967         2810
6957         4004
6947         4792
6937         9376
6927        14626
6917        18672
6907        22645
6897        26080
6887        30010
6877        31483
6867        28568
6857        24953
6847        21043
6837        17107
6827        12644
6817         8895
6807         4899
6797         4251
6787         3174
6777         2233
6767          727
6757          435
6747          388
6737          353
6727          335
eof
185 mkiii
slit  1 
ZERO  1733 
CalStep 1020
TE  30 
ND  0 
DRK  325
