 3350 
6212          304
6222          336
6232          370
6242          400
6252          547
6262         1588
6272         3082
6282         3124
6292         4047
6302         7831
6312        11767
6322        16014
6332        19901
6342        23697
6352        27517
6362        31459
6372        29682
6382        26043
6392        22320
6402        17957
6412        13888
6422         9903
6432         5409
6442         4300
6452         3162
6462         1494
6472          538
6482          426
6492          370
6502          342
6512          312
6512          320
6502          342
6492          369
6482          407
6472          508
6462         1408
6452         3148
6442         4314
6432         5428
6422         9910
6412        14037
6402        17997
6392        22256
6382        25826
6372        29335
6362        31455
6352        27695
6342        23944
6332        19829
6322        16294
6312        11990
6302         7939
6292         4105
6282         3177
6272         3154
6262         1856
6252          571
6242          396
6232          369
6222          339
6212          308
eof
185 mkiii
slit  2 
ZERO  1733 
CalStep 1020
TE  30 
ND  0 
DRK  325
