 3350 
5733          298
5743          335
5753          369
5763          388
5773          574
5783         1533
5793         3050
5803         4000
5813         4805
5823         9364
5833        13544
5843        17619
5853        21618
5863        25541
5873        29103
5883        31592
5893        31318
5903        28428
5913        25072
5923        20753
5933        16510
5943        12537
5953         9176
5963         5504
5973         4336
5983         2456
5993          729
6003          454
6013          379
6023          355
6033          330
6033          317
6023          353
6013          384
6003          426
5993          678
5983         2107
5973         4270
5963         5484
5953         9320
5943        12457
5933        16198
5923        20470
5913        25298
5903        28221
5893        31061
5883        31188
5873        29238
5863        25453
5853        21430
5843        17592
5833        13396
5823         9414
5813         5109
5803         4151
5793         3148
5783         1632
5773          561
5763          402
5753          364
5743          331
5733          309
eof
185 mkiii
slit  3 
ZERO  1733 
CalStep 1020
TE  30 
ND  0 
DRK  325
