 3350 
5271          296
5281          327
5291          354
5301          381
5311          483
5321         1217
5331         2843
5341         3081
5351         4367
5361         8711
5371        12142
5381        15387
5391        19303
5401        24281
5411        28148
5421        30561
5431        31107
5441        28831
5451        23697
5461        19259
5471        16064
5481        12450
5491         7563
5501         4047
5511         3091
5521         2220
5531          783
5541          433
5551          373
5561          350
5571          327
5571          310
5561          343
5551          375
5541          438
5531          758
5521         2218
5511         3082
5501         4030
5491         7356
5481        12452
5471        15759
5461        18910
5451        23762
5441        28722
5431        30953
5421        30537
5411        28228
5401        24431
5391        19404
5381        15604
5371        11977
5361         8505
5351         4490
5341         3101
5331         2824
5321         1233
5311          496
5301          382
5291          360
5281          332
5271          302
eof
185 mkiii
slit  4 
ZERO  1733 
CalStep 1020
TE  30 
ND  0 
DRK  325
