 3350 
4821          305
4831          336
4841          345
4851          383
4861          535
4871         1500
4881         3076
4891         4245
4901         5254
4911         9171
4921        13871
4931        17338
4941        21470
4951        25302
4961        29132
4971        30684
4981        28729
4991        25482
5001        21680
5011        18169
5021        14297
5031        10265
5041         6695
5051         4181
5061         3041
5071         2030
5081          637
5091          393
5101          372
5111          340
5121          312
5121          312
5111          328
5101          361
5091          412
5081          599
5071         1943
5061         3106
5051         4195
5041         6629
5031        10125
5021        14040
5011        17906
5001        21654
4991        25139
4981        28792
4971        30709
4961        28815
4951        25314
4941        21933
4931        17592
4921        13852
4911         9151
4901         5416
4891         4313
4881         3103
4871         1551
4861          543
4851          395
4841          369
4831          335
4821          297
eof
185 mkiii
slit  5 
ZERO  1733 
CalStep 1020
TE  30 
ND  0 
DRK  325
