 3400 
7908          344
7918          384
7928          453
7938          723
7948         2322
7958         2924
7968         3563
7978         4632
7988         8817
7998        13350
8008        17634
8018        21156
8028        25782
8038        30007
8048        32635
8058        32554
8068        29097
8078        24963
8088        19945
8098        15164
8108        11673
8118         7633
8128         4219
8138         3065
8148         1743
8158          606
8168          464
8178          406
8188          355
8198          338
8208          314
8208          315
8198          343
8188          358
8178          408
8168          447
8158          567
8148         1694
8138         3003
8128         4219
8118         7578
8108        11311
8098        15531
8088        19722
8078        25069
8068        29310
8058        32457
8048        32711
8038        30225
8028        26072
8018        21666
8008        17969
7998        13281
7988         8721
7978         4639
7968         3543
7958         2951
7948         2409
7938          753
7928          481
7918          391
7908          366
eof
185 mkiii
slit  0 
ZERO  1733 
CalStep 1020
TE  24 
ND  0 
DRK  26
