 3400 
7488          347
7498          377
7508          422
7518          611
7528         2021
7538         2974
7548         3585
7558         5657
7568         9872
7578        14052
7588        17314
7598        21800
7608        26333
7618        30193
7628        32450
7638        32707
7648        29334
7658        25336
7668        20827
7678        17048
7688        12700
7698         8138
7708         4087
7718         3222
7728         1912
7738          579
7748          457
7758          397
7768          370
7778          342
7788          315
7788          312
7778          333
7768          366
7758          403
7748          440
7738          594
7728         1713
7718         3142
7708         4114
7698         8111
7688        12680
7678        16724
7668        20960
7658        24734
7648        29336
7638        32723
7628        32477
7618        30507
7608        26751
7598        21592
7588        17344
7578        13905
7568        10145
7558         5860
7548         3676
7538         3024
7528         2205
7518          686
7508          432
7498          394
7488          354
eof
185 mkiii
slit  1 
ZERO  1733 
CalStep 1020
TE  24 
ND  0 
DRK  366
