 3400 
6972          330
6982          370
6992          404
7002          466
7012          822
7022         2497
7032         2935
7042         4002
7052         5650
7062        10108
7072        14121
7082        19351
7092        23817
7102        26638
7112        30710
7122        33389
7132        31655
7142        27670
7152        23272
7162        19122
7172        14895
7182        10472
7192         6138
7202         4364
7212         2968
7222         1216
7232          528
7242          409
7252          368
7262          355
7272          311
7272          317
7262          341
7252          376
7242          406
7232          472
7222          995
7212         2929
7202         4313
7192         5859
7182        10493
7172        14919
7162        18869
7152        23133
7142        27762
7132        31922
7122        33343
7112        30804
7102        27603
7092        23817
7082        19667
7072        14488
7062        10132
7052         5813
7042         4064
7032         2927
7022         2565
7012          863
7002          460
6992          376
6982          366
6972          346
eof
185 mkiii
slit  2 
ZERO  1733 
CalStep 1020
TE  24 
ND  0 
DRK  366
