 3400 
6493          320
6503          345
6513          384
6523          422
6533          635
6543         1953
6553         3092
6563         3776
6573         4660
6583         8847
6593        13144
6603        18236
6613        22050
6623        26740
6633        30297
6643        33564
6653        32733
6663        29305
6673        24957
6683        20941
6693        16503
6703        11790
6713         7381
6723         4335
6733         3369
6743         2505
6753          967
6763          500
6773          392
6783          373
6793          342
6793          326
6783          359
6773          397
6763          482
6753          860
6743         2385
6733         3364
6723         4350
6713         7296
6703        11838
6693        16343
6683        20979
6673        25345
6663        29101
6653        32560
6643        33226
6633        30699
6623        26905
6613        22111
6603        18394
6593        13340
6583         8760
6573         4766
6563         3981
6553         3014
6543         2104
6533          652
6523          447
6513          383
6503          349
6493          335
eof
185 mkiii
slit  3 
ZERO  1733 
CalStep 1020
TE  24 
ND  0 
DRK  366
