 3400 
6033          318
6043          341
6053          363
6063          417
6073          608
6083         1946
6093         3077
6103         4164
6113         5512
6123        10112
6133        14386
6143        18822
6153        22535
6163        26893
6173        31168
6183        33542
6193        32990
6203        30426
6213        25856
6223        20665
6233        17582
6243        13331
6253         9067
6263         4963
6273         3648
6283         2307
6293          703
6303          465
6313          392
6323          358
6333          333
6333          343
6323          361
6313          396
6303          450
6293          659
6283         2108
6273         3529
6263         4938
6253         9092
6243        13370
6233        17459
6223        20525
6213        25789
6203        30609
6193        33288
6183        33680
6173        31316
6163        26989
6153        22885
6143        18896
6133        14574
6123        10369
6113         5752
6103         4217
6093         3066
6083         2104
6073          630
6063          420
6053          381
6043          357
6033          316
eof
185 mkiii
slit  4 
ZERO  1733 
CalStep 1020
TE  24 
ND  0 
DRK  366
