 3400 
5585          325
5595          354
5605          372
5615          434
5625          633
5635         1874
5645         3101
5655         4235
5665         5312
5675         9075
5685        13804
5695        18910
5705        22306
5715        26348
5725        29879
5735        33006
5745        31485
5755        28394
5765        24706
5775        19806
5785        14664
5795        10281
5805         6015
5815         4275
5825         2953
5835         2185
5845          630
5855          441
5865          386
5875          342
5885          329
5885          324
5875          343
5865          384
5855          433
5845          613
5835         1970
5825         3025
5815         4260
5805         5966
5795        10193
5785        14678
5775        19904
5765        24171
5755        28119
5745        31598
5735        33865
5725        30157
5715        26498
5705        22339
5695        19143
5685        14111
5675         9235
5665         5406
5655         4354
5645         3045
5635         2102
5625          637
5615          417
5605          388
5595          357
5585          315
eof
185 mkiii
slit  5 
ZERO  1733 
CalStep 1020
TE  24 
ND  0 
DRK  366
