 3450 
8681          364
8691          380
8701          571
8711         1540
8721         3069
8731         3660
8741         4361
8751         8459
8761        12699
8771        16527
8781        20102
8791        23564
8801        27577
8811        30019
8821        30464
8831        27209
8841        23463
8851        19182
8861        15504
8871        11475
8881         7433
8891         4008
8901         3011
8911         2016
8921          669
8931          436
8941          387
8951          351
8961          329
8971          306
8981          286
8981          278
8971          301
8961          325
8951          342
8941          369
8931          429
8921          642
8911         1926
8901         2958
8891         4027
8881         7481
8871        11727
8861        15458
8851        19034
8841        23414
8831        27055
8821        30811
8811        30528
8801        27627
8791        23451
8781        19876
8771        16735
8761        12632
8751         8203
8741         4289
8731         3783
8721         3049
8711         1541
8701          564
8691          391
8681          365
eof
185 mkiii
slit  0 
ZERO  1733 
CalStep 1020
TE  24 
ND  0 
DRK  34
