 3450 
8263          350
8273          377
8283          484
8293         1131
8303         2782
8313         2960
8323         4038
8333         6613
8343        10675
8353        14795
8363        18849
8373        23132
8383        27517
8393        29943
8403        30220
8413        27595
8423        22922
8433        18986
8443        15038
8453        12211
8463         8290
8473         4056
8483         3285
8493         2419
8503          806
8513          450
8523          372
8533          354
8543          325
8553          305
8563          291
8563          291
8553          308
8543          331
8533          346
8523          391
8513          447
8503          747
8493         2339
8483         3235
8473         3895
8463         8121
8453        12175
8443        15373
8433        19009
8423        23294
8413        27744
8403        30322
8393        30546
8383        27781
8373        23005
8363        19154
8353        14966
8343        11022
8333         6908
8323         3994
8313         3013
8303         2857
8293         1285
8283          514
8273          386
8263          363
eof
185 mkiii
slit  1 
ZERO  1733 
CalStep 1020
TE  24 
ND  0 
DRK  365
