 3450 
7746          325
7756          345
7766          362
7776          491
7786         1174
7796         2661
7806         3132
7816         3983
7826         6587
7836        10793
7846        16045
7856        20413
7866        23311
7876        26370
7886        30131
7896        30177
7906        26467
7916        23632
7926        20298
7936        16003
7946        12260
7956         8379
7966         4375
7976         3896
7986         2236
7996          764
8006          451
8016          381
8026          349
8036          324
8046          304
8046          306
8036          332
8026          341
8016          366
8006          433
7996          719
7986         2121
7976         3914
7966         4355
7956         8332
7946        11930
7936        16154
7926        20153
7916        23242
7906        26428
7896        30085
7886        30270
7876        26562
7866        23202
7856        20083
7846        15844
7836        11231
7826         6997
7816         4212
7806         3172
7796         2743
7786         1244
7776          516
7766          387
7756          352
7746          325
eof
185 mkiii
slit  2 
ZERO  1733 
CalStep 1020
TE  24 
ND  0 
DRK  365
