 3450 
7267          317
7277          335
7287          361
7297          391
7307          629
7317         1748
7327         3086
7337         3586
7347         4707
7357         8473
7367        12321
7377        16925
7387        20567
7397        24156
7407        28000
7417        30886
7427        31347
7437        28866
7447        24540
7457        20409
7467        16628
7477        12710
7487         8730
7497         4800
7507         4062
7517         2332
7527          803
7537          452
7547          378
7557          338
7567          326
7567          315
7557          340
7547          372
7537          444
7527          740
7517         2190
7507         3933
7497         4660
7487         8723
7477        12572
7467        16278
7457        20415
7447        24559
7437        28568
7427        30956
7417        30545
7407        28259
7397        24392
7387        20405
7377        17305
7367        12534
7357         8650
7347         4834
7337         3632
7327         3156
7317         1843
7307          616
7297          389
7287          353
7277          341
7267          313
eof
185 mkiii
slit  3 
ZERO  1733 
CalStep 1020
TE  24 
ND  0 
DRK  365
