 3450 
6809          303
6819          326
6829          347
6839          374
6849          523
6859         1509
6869         2989
6879         3001
6889         4024
6899         8108
6909        11935
6919        15871
6929        20232
6939        24722
6949        28964
6959        30867
6969        30543
6979        26755
6989        22879
6999        18865
7009        15045
7019        11569
7029         7248
7039         4034
7049         3564
7059         2514
7069          922
7079          495
7089          374
7099          355
7109          327
7109          317
7099          347
7089          368
7079          458
7069          884
7059         2472
7049         3491
7039         3992
7029         7168
7019        11355
7009        15408
6999        18505
6989        22370
6979        26658
6969        30357
6959        30587
6949        29080
6939        24982
6929        20104
6919        15890
6909        11909
6899         8299
6889         4055
6879         3071
6869         2973
6859         1647
6849          583
6839          377
6829          351
6819          328
6809          313
eof
185 mkiii
slit  4 
ZERO  1733 
CalStep 1020
TE  24 
ND  0 
DRK  365
