 3450 
6361          310
6371          333
6381          361
6391          384
6401          519
6411         1258
6421         2894
6431         4005
6441         4838
6451         8784
6461        12894
6471        16748
6481        19459
6491        22882
6501        27182
6511        30841
6521        30934
6531        27370
6541        24187
6551        20448
6561        16146
6571        12594
6581         8931
6591         4883
6601         4012
6611         2480
6621          817
6631          453
6641          374
6651          341
6661          320
6661          316
6651          341
6641          370
6631          453
6621          746
6611         2220
6601         3932
6591         4836
6581         8897
6571        12589
6561        15842
6551        20309
6541        24418
6531        27963
6521        30521
6511        30362
6501        27260
6491        22945
6481        19124
6471        16509
6461        13135
6451         8887
6441         4879
6431         4101
6421         2943
6411         1392
6401          550
6391          385
6381          353
6371          337
6361          306
eof
185 mkiii
slit  5 
ZERO  1733 
CalStep 1020
TE  24 
ND  0 
DRK  365
