 3500 
8535          321
8545          347
8555          417
8565          780
8575         2063
8585         3110
8595         4303
8605         6081
8615         9803
8625        13378
8635        16831
8645        20230
8655        24454
8665        28378
8675        28452
8685        25796
8695        22242
8705        18387
8715        14388
8725        10961
8735         7798
8745         4324
8755         3554
8765         2472
8775          930
8785          467
8795          367
8805          334
8815          323
8825          302
8835          291
8835          285
8825          300
8815          318
8805          336
8795          367
8785          454
8775          893
8765         2331
8755         3636
8745         4474
8735         8003
8725        10984
8715        14606
8705        18736
8695        22624
8685        25834
8675        28597
8665        28489
8655        24352
8645        20927
8635        17125
8625        13954
8615        10001
8605         6012
8595         4359
8585         3144
8575         2099
8565          789
8555          423
8545          362
8535          328
eof
185 mkiii
slit  2 
ZERO  1733 
CalStep 1020
TE  24 
ND  0 
DRK  365
