 3500 
8054          308
8064          336
8074          347
8084          391
8094          664
8104         1844
8114         3097
8124         4321
8134         7071
8144        11129
8154        14274
8164        17306
8174        21020
8184        25193
8194        28877
8204        29708
8214        28340
8224        25536
8234        21451
8244        17614
8254        14290
8264        10929
8274         6912
8284         4056
8294         3053
8304         1817
8314          659
8324          422
8334          359
8344          326
8354          307
8354          306
8344          329
8334          351
8324          405
8314          629
8304         1759
8294         2995
8284         3934
8274         6766
8264        10958
8254        14391
8244        17859
8234        21794
8224        25533
8214        28642
8204        29446
8194        28791
8184        24954
8174        21080
8164        17471
8154        14089
8144        11142
8134         7132
8124         4265
8114         3167
8104         1979
8094          727
8084          405
8074          360
8064          335
8054          311
eof
185 mkiii
slit  3 
ZERO  1733 
CalStep 1020
TE  24 
ND  0 
DRK  365
