 3500 
7600          310
7610          331
7620          345
7630          383
7640          608
7650         1664
7660         2949
7670         4035
7680         4940
7690         8611
7700        12515
7710        16143
7720        20260
7730        22814
7740        26404
7750        29260
7760        28265
7770        24872
7780        21623
7790        18028
7800        13469
7810         9433
7820         6051
7830         3993
7840         3147
7850         1927
7860          721
7870          432
7880          353
7890          325
7900          307
7900          306
7890          328
7880          356
7870          407
7860          677
7850         1871
7840         3159
7830         4016
7820         5762
7810         9491
7800        13183
7790        18017
7780        21513
7770        24995
7760        28405
7750        29674
7740        26987
7730        22890
7720        19833
7710        16655
7700        12711
7690         8761
7680         4979
7670         4060
7660         3088
7650         1683
7640          623
7630          383
7620          354
7610          329
7600          305
eof
185 mkiii
slit  4 
ZERO  1733 
CalStep 1020
TE  24 
ND  0 
DRK  365
