 3500 
7151          295
7161          314
7171          327
7181          345
7191          486
7201         1037
7211         2413
7221         3316
7231         4731
7241         7876
7251        10786
7261        14807
7271        18770
7281        22906
7291        26137
7301        28340
7311        29034
7321        25512
7331        21737
7341        19510
7351        15825
7361        12553
7371         8706
7381         4844
7391         4227
7401         2845
7411         1217
7421          512
7431          363
7441          339
7451          313
7451          317
7441          327
7431          357
7421          494
7411         1168
7401         2849
7391         4223
7381         4823
7371         8577
7361        12351
7351        16120
7341        19699
7331        21847
7321        24978
7311        28269
7301        28516
7291        25949
7281        22771
7271        18858
7261        15152
7251        10828
7241         7932
7231         4946
7221         3541
7211         2390
7201         1157
7191          508
7181          359
7171          337
7161          304
7151          300
eof
185 mkiii
slit  5 
ZERO  1733 
CalStep 1020
TE  24 
ND  0 
DRK  365
