 3550 
8856          307
8866          319
8876          331
8886          380
8896          638
8906         1597
8916         3094
8926         4142
8936         5866
8946         8938
8956        12420
8966        15853
8976        18818
8986        21865
8996        25038
9006        25726
9016        23736
9026        21099
9036        18379
9046        15269
9056        11617
9066         8581
9076         5504
9086         4327
9096         3152
9106         1568
9116          626
9126          400
9136          328
9146          311
9156          296
9156          287
9146          306
9136          328
9126          373
9116          611
9106         1521
9096         3106
9086         4323
9076         5439
9066         8533
9056        11740
9046        15295
9036        18547
9026        21140
9016        23580
9006        25899
8996        24934
8986        21742
8976        18812
8966        15778
8956        12646
8946         9088
8936         5980
8926         4140
8916         3133
8906         1608
8896          635
8886          382
8876          331
8866          316
8856          305
eof
185 mkiii
slit  3 
ZERO  1733 
CalStep 1020
TE  24 
ND  0 
DRK  365
