 3550 
8406          297
8416          304
8426          325
8436          364
8446          582
8456         1306
8466         2741
8476         4355
8486         5014
8496         7769
8506        11161
8516        14132
8526        17265
8536        20394
8546        23903
8556        25751
8566        24471
8576        21599
8586        18421
8596        15576
8606        12398
8616         9043
8626         5641
8636         4247
8646         3111
8656         1426
8666          627
8676          388
8686          330
8696          302
8706          296
8706          296
8696          311
8686          329
8676          376
8666          582
8656         1384
8646         3113
8636         4260
8626         5432
8616         8869
8606        12043
8596        15922
8586        18368
8576        21549
8566        24410
8556        25979
8546        23568
8536        20656
8526        17469
8516        14142
8506        11289
8496         7924
8486         5165
8476         4278
8466         2782
8456         1384
8446          614
8436          364
8426          333
8416          310
8406          295
eof
185 mkiii
slit  4 
ZERO  1733 
CalStep 1020
TE  24 
ND  0 
DRK  365
