 3550 
7956          283
7966          292
7976          299
7986          323
7996          361
8006          554
8016         1403
8026         2693
8036         3786
8046         4401
8056         7555
8066        10724
8076        14158
8086        17199
8096        20943
8106        23339
8116        25388
8126        23808
8136        20075
8146        17253
8156        14291
8166        11981
8176         8594
8186         5145
8196         4397
8206         3150
8216         1647
8226          660
8236          400
8246          327
8256          307
8256          301
8246          324
8236          374
8226          635
8216         1634
8206         3084
8196         4321
8186         4965
8176         8491
8166        12048
8156        14341
8146        17070
8136        20103
8126        23536
8116        25042
8106        23217
8096        20977
8086        17702
8076        14116
8066        11008
8056         7685
8046         4617
8036         3936
8026         2745
8016         1468
8006          610
7996          359
7986          320
7976          307
7966          293
7956          285
eof
185 mkiii
slit  5 
ZERO  1733 
CalStep 1020
TE  24 
ND  0 
DRK  365
