 3600 
8775          272
8785          278
8795          293
8805          307
8815          386
8825          652
8835         1565
8845         3047
8855         3964
8865         5920
8875         8220
8885        10831
8895        13318
8905        15703
8915        18086
8925        20344
8935        20312
8945        18260
8955        15759
8965        13165
8975        10894
8985         8403
8995         5595
9005         4366
9015         3118
9025         1821
9035          745
9045          398
9055          311
9065          295
9075          277
9075          282
9065          288
9055          301
9045          413
9035          752
9025         1786
9015         3053
9005         4274
8995         5673
8985         8489
8975        10971
8965        13426
8955        15965
8945        18073
8935        20076
8925        20505
8915        18449
8905        15683
8895        13276
8885        10925
8875         8376
8865         5831
8855         4033
8845         3070
8835         1672
8825          691
8815          415
8805          309
8795          292
8785          284
8775          274
eof
185 mkiii
slit  5 
ZERO  1733 
CalStep 1020
TE  24 
ND  0 
DRK  365
