 3630 
9275          284
9285          284
9295          289
9305          313
9315          464
9325          930
9335         2508
9345         4289
9355         4967
9365         7489
9375        10038
9385        12300
9395        14764
9405        17564
9415        19644
9425        20142
9435        18398
9445        16045
9455        13862
9465        11277
9475         8872
9485         6429
9495         4039
9505         3526
9515         2298
9525         1051
9535          540
9545          349
9555          297
9565          284
9575          274
9575          271
9565          284
9555          289
9545          346
9535          519
9525         1062
9515         2216
9505         3540
9495         4017
9485         6460
9475         9041
9465        11182
9455        13808
9445        16563
9435        18558
9425        20195
9415        19520
9405        17038
9395        14837
9385        12385
9375         9933
9365         7541
9355         5031
9345         4234
9335         2535
9325          950
9315          490
9305          332
9295          302
9285          285
9275          286
eof
185 mkiii
slit  5 
ZERO  1733 
CalStep 1020
TE  24 
ND  0 
DRK  365
