"Instrument #083"
"Intercomparison date: 09-23-2016"
"Site: Izana, Tenerife"
"N table date:1992"
Lamp Corrections:,  -0.9,  -0.7,  -0.7
"Observations,",41
Time Local Mu_C   M_C   RC    NC   O3_C    Mu_D   M_D    RD    ND  O3_D    Mu_A   M_A   RA    NA   O3_A   Mu_CD   M_CD O3_CD  Mu_AD   M_AD O3_AD
08:00:00, 4.057, 4.235,135.9,127.2,0.273, 4.001, 4.171, 78.2, 74.7,0.279, 3.946, 4.109,244.1,231.1,0.274, 4.029, 4.203,0.268, 3.973, 4.140,0.273
08:04:00, 3.841, 3.990,129.1,120.9,0.274, 3.791, 3.933, 73.5, 70.4,0.277, 3.742, 3.878,232.5,219.2,0.275, 3.816, 3.961,0.272, 3.766, 3.905,0.274
08:08:00, 3.647, 3.772,122.5,114.7,0.275, 3.602, 3.721, 69.7, 66.9,0.279, 3.557, 3.672,222.1,208.6,0.275, 3.624, 3.747,0.272, 3.579, 3.697,0.274
08:12:00, 3.472, 3.578,116.4,109.1,0.274, 3.430, 3.532, 66.3, 63.8,0.280, 3.390, 3.488,212.4,198.9,0.276, 3.451, 3.555,0.271, 3.410, 3.510,0.274
08:16:00, 3.312, 3.403,111.3,104.3,0.276, 3.275, 3.362, 63.2, 60.9,0.281, 3.238, 3.322,203.6,190.2,0.276, 3.293, 3.382,0.272, 3.256, 3.342,0.275
08:20:00, 3.167, 3.245,106.2, 99.6,0.275, 3.133, 3.208, 60.4, 58.4,0.282, 3.100, 3.172,195.1,181.8,0.276, 3.150, 3.227,0.270, 3.116, 3.190,0.274
08:24:00, 3.035, 3.102,101.7, 95.4,0.275, 3.004, 3.069, 57.8, 56.0,0.282, 2.973, 3.036,187.4,174.3,0.276, 3.019, 3.086,0.270, 2.988, 3.052,0.274
08:28:00, 2.914, 2.972, 97.7, 91.7,0.276, 2.885, 2.942, 55.4, 53.7,0.282, 2.857, 2.912,180.6,167.6,0.276, 2.899, 2.957,0.271, 2.871, 2.927,0.274
08:32:00, 2.802, 2.853, 93.7, 87.9,0.275, 2.776, 2.825, 53.5, 52.0,0.285, 2.750, 2.798,174.1,161.2,0.276, 2.789, 2.839,0.267, 2.762, 2.811,0.273
08:36:00, 2.699, 2.744, 90.2, 84.7,0.275, 2.675, 2.719, 51.6, 50.2,0.287, 2.651, 2.693,168.2,155.4,0.276, 2.687, 2.731,0.266, 2.663, 2.706,0.273
08:40:00, 2.604, 2.644, 87.0, 81.7,0.276, 2.582, 2.620, 49.7, 48.4,0.287, 2.559, 2.597,162.7,150.0,0.276, 2.593, 2.632,0.267, 2.570, 2.609,0.273
08:44:00, 2.516, 2.552, 84.1, 79.1,0.276, 2.495, 2.530, 47.7, 46.5,0.284, 2.475, 2.508,157.8,145.3,0.276, 2.506, 2.541,0.270, 2.485, 2.519,0.274
08:48:00, 2.435, 2.466, 81.3, 76.5,0.276, 2.415, 2.446, 46.2, 45.0,0.284, 2.396, 2.426,153.2,140.8,0.277, 2.425, 2.456,0.270, 2.405, 2.436,0.275
08:52:00, 2.359, 2.387, 78.8, 74.2,0.277, 2.340, 2.368, 44.9, 43.8,0.286, 2.323, 2.349,148.9,136.6,0.277, 2.350, 2.377,0.270, 2.331, 2.358,0.275
08:56:00, 2.288, 2.313, 76.5, 72.1,0.278, 2.271, 2.295, 43.6, 42.5,0.287, 2.254, 2.278,144.9,132.8,0.278, 2.279, 2.304,0.270, 2.262, 2.287,0.275
09:00:00, 2.222, 2.244, 74.3, 70.1,0.278, 2.206, 2.228, 42.4, 41.3,0.288, 2.190, 2.212,141.1,129.2,0.278, 2.214, 2.236,0.270, 2.198, 2.220,0.276
09:04:00, 2.160, 2.180, 72.3, 68.2,0.279, 2.145, 2.165, 41.2, 40.2,0.287, 2.130, 2.150,137.2,125.4,0.278, 2.152, 2.172,0.272, 2.138, 2.157,0.275
09:08:00, 2.102, 2.120, 70.3, 66.4,0.279, 2.088, 2.106, 40.2, 39.2,0.289, 2.074, 2.092,133.9,122.3,0.278, 2.095, 2.113,0.271, 2.081, 2.099,0.275
09:12:00, 2.047, 2.064, 68.3, 64.5,0.278, 2.034, 2.051, 39.2, 38.2,0.289, 2.022, 2.037,130.7,119.3,0.278, 2.041, 2.057,0.269, 2.028, 2.044,0.276
09:16:00, 1.996, 2.011, 66.6, 63.0,0.278, 1.984, 1.999, 38.1, 37.1,0.287, 1.972, 1.986,127.4,116.1,0.278, 1.990, 2.005,0.271, 1.978, 1.993,0.275
09:48:00, 1.679, 1.687, 55.9, 53.0,0.279, 1.671, 1.679, 32.0, 31.0,0.284, 1.664, 1.671,108.2, 98.0,0.278, 1.675, 1.683,0.276, 1.668, 1.675,0.277
09:52:00, 1.649, 1.655, 54.8, 52.0,0.279, 1.641, 1.648, 31.6, 30.6,0.286, 1.634, 1.640,106.0, 96.0,0.277, 1.645, 1.651,0.273, 1.637, 1.644,0.275
09:56:00, 1.619, 1.626, 53.7, 51.0,0.278, 1.612, 1.618, 31.1, 30.1,0.287, 1.605, 1.611,104.2, 94.3,0.277, 1.616, 1.622,0.271, 1.609, 1.615,0.275
10:00:00, 1.592, 1.597, 52.8, 50.1,0.278, 1.585, 1.591, 30.6, 29.6,0.287, 1.578, 1.584,102.6, 92.8,0.278, 1.588, 1.594,0.271, 1.582, 1.587,0.275
10:04:00, 1.566, 1.571, 52.2, 49.6,0.280, 1.559, 1.564, 30.0, 29.0,0.285, 1.553, 1.558,100.9, 91.2,0.277, 1.562, 1.567,0.276, 1.556, 1.561,0.275
10:08:00, 1.541, 1.545, 51.2, 48.6,0.279, 1.534, 1.539, 29.5, 28.5,0.284, 1.529, 1.533, 99.4, 89.8,0.277, 1.538, 1.542,0.275, 1.531, 1.536,0.275
10:12:00, 1.517, 1.521, 50.4, 47.9,0.279, 1.511, 1.515, 29.1, 28.1,0.285, 1.505, 1.510, 98.0, 88.5,0.278, 1.514, 1.518,0.275, 1.508, 1.512,0.276
10:16:00, 1.494, 1.498, 49.8, 47.3,0.280, 1.489, 1.493, 28.8, 27.8,0.287, 1.483, 1.487, 96.7, 87.3,0.278, 1.491, 1.496,0.275, 1.486, 1.490,0.275
10:20:00, 1.473, 1.476, 49.1, 46.6,0.280, 1.468, 1.471, 28.4, 27.4,0.287, 1.462, 1.466, 95.4, 86.1,0.278, 1.470, 1.474,0.275, 1.465, 1.469,0.276
10:24:00, 1.452, 1.456, 48.2, 45.8,0.278, 1.447, 1.451, 28.1, 27.0,0.288, 1.442, 1.446, 94.4, 85.1,0.279, 1.450, 1.453,0.271, 1.445, 1.448,0.276
10:28:00, 1.433, 1.436, 47.7, 45.3,0.279, 1.428, 1.431, 27.7, 26.6,0.287, 1.423, 1.426, 93.3, 84.1,0.279, 1.430, 1.434,0.274, 1.426, 1.429,0.277
10:32:00, 1.414, 1.417, 47.3, 44.9,0.281, 1.410, 1.413, 27.5, 26.4,0.289, 1.405, 1.408, 92.0, 82.9,0.279, 1.412, 1.415,0.275, 1.408, 1.410,0.276
10:36:00, 1.397, 1.399, 46.4, 44.0,0.279, 1.392, 1.395, 27.1, 26.0,0.288, 1.388, 1.391, 90.9, 81.8,0.279, 1.394, 1.397,0.271, 1.390, 1.393,0.276
10:40:00, 1.380, 1.382, 45.9, 43.5,0.279, 1.376, 1.378, 26.9, 25.8,0.290, 1.372, 1.374, 90.0, 81.0,0.279, 1.378, 1.380,0.270, 1.374, 1.376,0.276
10:44:00, 1.364, 1.366, 45.3, 42.9,0.278, 1.360, 1.362, 26.6, 25.5,0.290, 1.356, 1.358, 88.9, 80.0,0.279, 1.362, 1.364,0.269, 1.358, 1.360,0.276
10:48:00, 1.349, 1.351, 44.8, 42.5,0.278, 1.345, 1.347, 26.4, 25.3,0.291, 1.341, 1.343, 87.8, 79.0,0.278, 1.347, 1.349,0.268, 1.343, 1.345,0.274
10:52:00, 1.334, 1.336, 44.5, 42.2,0.280, 1.331, 1.332, 26.1, 25.0,0.290, 1.327, 1.329, 86.9, 78.1,0.278, 1.332, 1.334,0.271, 1.329, 1.331,0.275
10:56:00, 1.320, 1.322, 44.0, 41.7,0.279, 1.317, 1.319, 25.8, 24.7,0.289, 1.314, 1.315, 86.2, 77.5,0.279, 1.319, 1.320,0.271, 1.315, 1.317,0.276
11:00:00, 1.307, 1.309, 43.5, 41.2,0.279, 1.304, 1.306, 25.5, 24.4,0.288, 1.301, 1.302, 85.1, 76.4,0.277, 1.306, 1.307,0.271, 1.302, 1.304,0.275
11:04:00, 1.295, 1.296, 43.2, 40.9,0.280, 1.292, 1.293, 25.3, 24.2,0.289, 1.289, 1.290, 84.2, 75.6,0.277, 1.293, 1.295,0.272, 1.290, 1.292,0.274
11:08:00, 1.283, 1.284, 42.8, 40.5,0.279, 1.280, 1.281, 24.9, 23.7,0.285, 1.277, 1.278, 83.6, 75.0,0.277, 1.281, 1.283,0.276, 1.278, 1.280,0.275
