Analysis on 11-Dec-2017 using files:./ozonedsp_02616_PTB.185,./dspnorm_02616_PTB.185

Slit #0
wavelenght     step  stp_std     fwhm fwhm_std 
  2899.77       986       0.5    76.92      0.55
  2949.78      1646       0.1    77.61      0.59
  3000.14      2319       0.1    78.79      0.24
  3049.97      2999       0.2    77.50      0.09
  3099.96      3690       0.2    77.13      0.25
  3150.00      4390       0.3    77.63      0.08
  3199.94      5101       0.2    80.26      0.26
  3250.01      5822       0.2    75.73      0.01
  3300.01      6556       0.1    80.32      0.11
  3399.96      8051       0.1    77.61      0.31
  3450.00      8816       0.2    81.18      0.08
Slit #1
wavelenght     step  stp_std     fwhm fwhm_std 
  2899.77       559       0.0    73.79      0.50
  2949.78      1221       0.5    74.40      0.64
  3000.14      1895       0.1    77.15      0.01
  3049.97      2574       0.1    75.49      0.05
  3099.96      3264       0.3    76.26      0.16
  3150.00      3964       0.1    78.02      0.19
  3199.94      4675       0.1    77.05      0.11
  3250.01      5399       0.1    77.43      0.03
  3300.01      6131       0.2    79.26      0.04
  3399.96      7633       0.2    82.76      0.20
  3450.00      8400       0.4    78.99      0.06
Slit #2
wavelenght     step  stp_std     fwhm fwhm_std 
  2949.78       703       0.6    71.64      0.08
  3000.14      1375       0.4    74.83      0.25
  3049.97      2054       0.3    75.31      0.05
  3099.96      2745       0.1    75.57      0.43
  3150.00      3446       0.1    76.83      0.04
  3199.94      4158       0.1    76.31      0.04
  3250.01      4882       0.0    77.16      0.07
  3300.01      5617       0.3    79.88      0.71
  3399.96      7124       0.1    77.85      0.10
  3450.00      7893       0.1    78.89      0.14
  3499.96      8673       0.1    75.62      0.62
Slit #3
wavelenght     step  stp_std     fwhm fwhm_std 
  3000.14       892       0.1    79.68      0.07
  3049.97      1571       0.3    78.23      0.02
  3099.96      2261       0.4    77.90      0.24
  3150.00      2964       0.3    80.37      0.14
  3199.94      3677       0.1    78.62      0.09
  3250.01      4401       0.2    80.36      0.11
  3300.01      5139       0.1    80.76      0.24
  3399.96      6648       0.1    77.82      0.10
  3450.00      7423       0.1    81.27      0.28
  3499.96      8205       0.0    84.45      0.46
  3550.26      9005       0.0    81.22      0.21
Slit #4
wavelenght     step  stp_std     fwhm fwhm_std 
  3000.14       422       0.1    77.64      0.12
  3049.97      1101       0.1    77.07      0.41
  3099.96      1793       0.5    77.88      0.09
  3150.00      2495       0.3    77.45      0.32
  3199.94      3209       0.1    78.54      0.27
  3250.01      3936       0.2    79.16      0.15
  3300.01      4674       0.3    79.18      0.03
  3399.96      6188       0.2    82.64      0.06
  3450.00      6964       0.2    78.83      0.20
  3499.96      7753       0.2    76.96      0.64
  3550.26      8559       0.3    80.76      0.27
Slit #5
wavelenght     step  stp_std     fwhm fwhm_std 
  3049.97       640       0.2    77.58      0.42
  3099.96      1332       0.1    75.90      0.09
  3150.00      2036       0.3    77.75      0.21
  3199.94      2751       0.1    78.87      0.22
  3250.01      3479       0.2    77.89      0.11
  3300.01      4220       0.1    79.12      0.03
  3399.96      5738       0.1    77.26      0.12
  3450.00      6517       0.2    83.06      0.41
  3499.96      7308       0.0    83.33      0.53
  3550.26      8118       0.2    79.84      0.25
  3599.95      8930       0.1    79.09      0.03


step                slit#0   slit#1   slit#2   slit#3   slit#4   slit#5
 1020 WL(A)         3031.84  3062.95  3100.43  3134.90  3167.98  3199.90
      Res(A)          11.39    11.12    10.93    11.24    10.98    10.83
      O3abs(1/cm)    2.6018   1.7813   1.0051   0.6765   0.3750   0.2943 O3:  0.3423
     So2abs(1/cm)    3.4603   5.6249   2.4003   1.9180   1.0545   0.6144
  1e4*Rayabs(1/cm)   5051.1   4832.6   4585.2   4371.7   4178.7   4002.6 R:  0.0011
Ozone offset due to Rayleigh: -3.1 DU
Ratio Ozone for So2(A3)=  1.1483, So2/O3(A2)=  2.7537

 2087 WL(A)         3109.26  3139.68  3176.23  3209.77  3242.01  3272.98
      Res(A)          11.20    10.99    10.75    11.07    10.77    10.70
      O3abs(1/cm)    0.9230   0.6047   0.3947   0.1702   0.1056   0.0810 O3:  0.2150
     So2abs(1/cm)    3.1714   1.2731   1.0163   0.4495      NaN      NaN
  1e4*Rayabs(1/cm)   4529.2   4343.1   4132.2   3950.1   3784.5   3633.8 R:  0.0009
Ozone offset due to Rayleigh: -4.0 DU
Ratio Ozone for So2(A3)=  0.4203, So2/O3(A2)=     NaN

 2423 WL(A)         3133.30  3163.50  3199.75  3233.00  3264.96  3295.65
      Res(A)          11.14    10.95    10.69    11.01    10.70    10.66
      O3abs(1/cm)    0.6778   0.3981   0.2956   0.1271   0.0614   0.0334 O3:  0.1538
     So2abs(1/cm)    2.1576   1.0291   0.6194      NaN      NaN      NaN
  1e4*Rayabs(1/cm)   4381.3   4204.2   4003.4   3829.9   3672.0   3528.3 R:  0.0008
Ozone offset due to Rayleigh: -5.2 DU
Ratio Ozone for So2(A3)=  0.2472, So2/O3(A2)=     NaN

 4174 WL(A)         3255.92  3284.88  3319.63  3351.41  3381.84  3411.06
      Res(A)          10.82    10.73    10.38    10.71    10.35    10.44
      O3abs(1/cm)    0.1248   0.0778   0.0310      NaN      NaN      NaN O3:     NaN
     So2abs(1/cm)       NaN      NaN      NaN      NaN      NaN      NaN
  1e4*Rayabs(1/cm)   3715.8   3577.9   3420.9   3284.9   3161.1   3047.7 R:  0.0005
Ozone offset due to Rayleigh: NaN DU
Ratio Ozone for So2(A3)=     NaN, So2/O3(A2)=     NaN

 6213 WL(A)         3393.11  3420.50  3453.49  3483.65  3512.11  3539.75
      Res(A)          10.43    10.44    10.00    10.35     9.93    10.16
      O3abs(1/cm)       NaN      NaN      NaN      NaN      NaN      NaN O3:     NaN
     So2abs(1/cm)       NaN      NaN      NaN      NaN      NaN      NaN
  1e4*Rayabs(1/cm)   3116.7   3012.2   2892.2   2787.8   2693.6   2606.0 R:  0.0003
Ozone offset due to Rayleigh: NaN DU
Ratio Ozone for So2(A3)=     NaN, So2/O3(A2)=     NaN

 7711 WL(A)         3490.06  3516.21  3547.91  3576.94  3603.82  3630.38
      Res(A)          10.14    10.21     9.72    10.07     9.61     9.93
      O3abs(1/cm)       NaN      NaN      NaN      NaN      NaN      NaN O3:     NaN
     So2abs(1/cm)       NaN      NaN      NaN      NaN      NaN      NaN
  1e4*Rayabs(1/cm)   2766.3   2680.4   2580.9   2493.8   2416.5   2343.2 R:  0.0001
Ozone offset due to Rayleigh: NaN DU
Ratio Ozone for So2(A3)=     NaN, So2/O3(A2)=     NaN


Umkher : Setup 

 1020 WL(A)         3031.84  3062.95  3100.43  3134.90  3167.98  3199.90
      Res(A)          11.39    11.12    10.93    11.24    10.98    10.83
      O3abs(1/cm)    2.6018   1.7813   1.0051   0.6765   0.3750   0.2943 O3:  0.3423
     So2abs(1/cm)    3.4603   5.6249   2.4003   1.9180   1.0545   0.6144
  1e4*Rayabs(1/cm)   5051.1   4832.6   4585.2   4371.7   4178.7   4002.6 R:  0.0011

 2425 WL(A)         3133.45  3163.64  3199.90  3233.14  3265.10  3295.79
      Res(A)          11.14    10.95    10.69    11.01    10.70    10.66
      O3abs(1/cm)    0.6782   0.3966   0.2946   0.1254   0.0610   0.0334 O3:  0.1544
     So2abs(1/cm)    2.1378   1.0259   0.6149      NaN      NaN      NaN
  1e4*Rayabs(1/cm)   4380.4   4203.3   4002.6   3829.1   3671.4   3527.6 R:  0.0008


Umkher Setup file:

 1.7813  1.0051 0.6765 0.3750 

 0.2946  0.1254 0.0610 0.0334 

