Analysis on 11-Dec-2017 using files:./ozonedsp_02616_PTB.185,./dsp_02616_PTB.185

Slit #0
wavelenght     step  stp_std     fwhm fwhm_std 
  2899.77       986       0.5    76.92      0.55
  2949.78      1646       0.1    77.61      0.59
  3000.14      2319       0.1    78.79      0.24
  3049.97      2999       0.2    77.50      0.09
  3099.96      3690       0.2    77.13      0.25
  3150.00      4390       0.3    77.63      0.08
  3199.94      5101       0.2    80.26      0.26
  3250.01      5822       0.2    75.73      0.01
  3300.01      6556       0.1    80.32      0.11
  3399.96      8051       0.1    77.61      0.31
  3450.00      8816       0.2    81.18      0.08
Slit #1
wavelenght     step  stp_std     fwhm fwhm_std 
  2899.77       559       0.0    73.79      0.50
  2949.78      1221       0.5    74.40      0.64
  3000.14      1895       0.1    77.15      0.01
  3049.97      2574       0.1    75.49      0.05
  3099.96      3264       0.3    76.26      0.16
  3150.00      3964       0.1    78.02      0.19
  3199.94      4675       0.1    77.05      0.11
  3250.01      5399       0.1    77.43      0.03
  3300.01      6131       0.2    79.26      0.04
  3399.96      7633       0.2    82.76      0.20
  3450.00      8400       0.4    78.99      0.06
Slit #2
wavelenght     step  stp_std     fwhm fwhm_std 
  2949.78       703       0.6    71.64      0.08
  3000.14      1375       0.4    74.83      0.25
  3049.97      2054       0.3    75.31      0.05
  3099.96      2745       0.1    75.57      0.43
  3150.00      3446       0.1    76.83      0.04
  3199.94      4158       0.1    76.31      0.04
  3250.01      4882       0.0    77.16      0.07
  3300.01      5617       0.3    79.88      0.71
  3399.96      7124       0.1    77.85      0.10
  3450.00      7893       0.1    78.89      0.14
  3499.96      8673       0.1    75.62      0.62
Slit #3
wavelenght     step  stp_std     fwhm fwhm_std 
  3000.14       892       0.1    79.68      0.07
  3049.97      1571       0.3    78.23      0.02
  3099.96      2261       0.4    77.90      0.24
  3150.00      2964       0.3    80.37      0.14
  3199.94      3677       0.1    78.62      0.09
  3250.01      4401       0.2    80.36      0.11
  3300.01      5139       0.1    80.76      0.24
  3399.96      6648       0.1    77.82      0.10
  3450.00      7423       0.1    81.27      0.28
  3499.96      8205       0.0    84.45      0.46
  3550.26      9005       0.0    81.22      0.21
Slit #4
wavelenght     step  stp_std     fwhm fwhm_std 
  3000.14       422       0.1    77.64      0.12
  3049.97      1101       0.1    77.07      0.41
  3099.96      1793       0.5    77.88      0.09
  3150.00      2495       0.3    77.45      0.32
  3199.94      3209       0.1    78.54      0.27
  3250.01      3936       0.2    79.16      0.15
  3300.01      4674       0.3    79.18      0.03
  3399.96      6188       0.2    82.64      0.06
  3450.00      6964       0.2    78.83      0.20
  3499.96      7753       0.2    76.96      0.64
  3550.26      8559       0.3    80.76      0.27
Slit #5
wavelenght     step  stp_std     fwhm fwhm_std 
  3049.97       640       0.2    77.58      0.42
  3099.96      1332       0.1    75.90      0.09
  3150.00      2036       0.3    77.75      0.21
  3199.94      2751       0.1    78.87      0.22
  3250.01      3479       0.2    77.89      0.11
  3300.01      4220       0.1    79.12      0.03
  3399.96      5738       0.1    77.26      0.12
  3450.00      6517       0.2    83.06      0.41
  3499.96      7308       0.0    83.33      0.53
  3550.26      8118       0.2    79.84      0.25
  3599.95      8930       0.1    79.09      0.03


step                slit#0   slit#1   slit#2   slit#3   slit#4   slit#5
 1020 WL(A)         3032.00  3063.11  3100.58  3135.09  3168.09  3200.06
      Res(A)          11.40    11.12    10.93    11.24    10.98    10.83
      O3abs(1/cm)    2.5962   1.7778   1.0045   0.6755   0.3751   0.2933 O3:  0.3401
     So2abs(1/cm)    3.4272   5.6717   2.4180   1.8872   1.0565   0.6092
  1e4*Rayabs(1/cm)   5050.0   4831.6   4584.2   4370.6   4178.0   4001.7 R:  0.0010
Ozone offset due to Rayleigh: -3.0 DU
Ratio Ozone for So2(A3)=  1.1408, So2/O3(A2)=  2.7910

 2087 WL(A)         3109.39  3139.76  3176.30  3209.92  3242.02  3273.08
      Res(A)          11.19    10.98    10.73    11.05    10.75    10.69
      O3abs(1/cm)    0.9223   0.6031   0.3944   0.1692   0.1057   0.0813 O3:  0.2155
     So2abs(1/cm)    3.1557   1.2671   1.0154   0.4490      NaN      NaN
  1e4*Rayabs(1/cm)   4528.4   4342.7   4131.8   3949.3   3784.5   3633.3 R:  0.0008
Ozone offset due to Rayleigh: -3.7 DU
Ratio Ozone for So2(A3)=  0.4195, So2/O3(A2)=     NaN

 2423 WL(A)         3133.39  3163.53  3199.78  3233.11  3264.94  3295.70
      Res(A)          11.12    10.93    10.67    10.99    10.68    10.65
      O3abs(1/cm)    0.6781   0.3978   0.2955   0.1258   0.0614   0.0334 O3:  0.1542
     So2abs(1/cm)    2.1459   1.0281   0.6185      NaN      NaN      NaN
  1e4*Rayabs(1/cm)   4380.8   4204.0   4003.2   3829.3   3672.2   3528.0 R:  0.0007
Ozone offset due to Rayleigh: -4.8 DU
Ratio Ozone for So2(A3)=  0.2466, So2/O3(A2)=     NaN

 4174 WL(A)         3255.79  3284.71  3319.44  3351.29  3381.64  3410.91
      Res(A)          10.80    10.71    10.37    10.69    10.34    10.43
      O3abs(1/cm)    0.1256   0.0794   0.0317      NaN      NaN      NaN O3:     NaN
     So2abs(1/cm)       NaN      NaN      NaN      NaN      NaN      NaN
  1e4*Rayabs(1/cm)   3716.5   3578.7   3421.7   3285.4   3161.9   3048.3 R:  0.0005
Ozone offset due to Rayleigh: NaN DU
Ratio Ozone for So2(A3)=     NaN, So2/O3(A2)=     NaN

 6213 WL(A)         3393.00  3420.49  3453.42  3483.55  3512.17  3539.69
      Res(A)          10.46    10.48    10.04    10.38     9.98    10.19
      O3abs(1/cm)       NaN      NaN      NaN      NaN      NaN      NaN O3:     NaN
     So2abs(1/cm)       NaN      NaN      NaN      NaN      NaN      NaN
  1e4*Rayabs(1/cm)   3117.2   3012.3   2892.5   2788.1   2693.5   2606.2 R:  0.0003
Ozone offset due to Rayleigh: NaN DU
Ratio Ozone for So2(A3)=     NaN, So2/O3(A2)=     NaN

 7711 WL(A)         3490.48  3516.91  3548.52  3577.37  3604.71  3630.94
      Res(A)          10.23    10.32     9.83    10.17     9.74    10.03
      O3abs(1/cm)       NaN      NaN      NaN      NaN      NaN      NaN O3:     NaN
     So2abs(1/cm)       NaN      NaN      NaN      NaN      NaN      NaN
  1e4*Rayabs(1/cm)   2764.8   2678.2   2579.0   2492.6   2414.0   2341.6 R:  0.0003
Ozone offset due to Rayleigh: NaN DU
Ratio Ozone for So2(A3)=     NaN, So2/O3(A2)=     NaN


Umkher : Setup 

 1020 WL(A)         3032.00  3063.11  3100.58  3135.09  3168.09  3200.06
      Res(A)          11.40    11.12    10.93    11.24    10.98    10.83
      O3abs(1/cm)    2.5962   1.7778   1.0045   0.6755   0.3751   0.2933 O3:  0.3401
     So2abs(1/cm)    3.4272   5.6717   2.4180   1.8872   1.0565   0.6092
  1e4*Rayabs(1/cm)   5050.0   4831.6   4584.2   4370.6   4178.0   4001.7 R:  0.0010

 2427 WL(A)         3133.68  3163.81  3200.06  3233.39  3265.21  3295.97
      Res(A)          11.12    10.93    10.67    10.99    10.68    10.64
      O3abs(1/cm)    0.6786   0.3948   0.2935   0.1224   0.0608   0.0334 O3:  0.1554
     So2abs(1/cm)    2.1067   1.0226   0.6096      NaN      NaN      NaN
  1e4*Rayabs(1/cm)   4379.1   4202.4   4001.7   3827.9   3670.9   3526.8 R:  0.0007


Umkher Setup file:

 1.7778  1.0045 0.6755 0.3751 

 0.2935  0.1224 0.0608 0.0334 

