2960.00 0.000066520530
2960.10 0.000066318056
2960.20 0.000066115582
2960.30 0.000065913108
2960.40 0.000065710634
2960.50 0.000065508160
2960.60 0.000065305686
2960.70 0.000065103212
2960.80 0.000064900738
2960.90 0.000064698264
2961.00 0.000064495790
2961.10 0.000064293316
2961.20 0.000064090842
2961.30 0.000063888368
2961.40 0.000063685894
2961.50 0.000063483420
2961.60 0.000063280946
2961.70 0.000063078472
2961.80 0.000062875998
2961.90 0.000062673524
2962.00 0.000062471050
2962.10 0.000062268576
2962.20 0.000062066102
2962.30 0.000061863628
2962.40 0.000061661154
2962.50 0.000061458680
2962.60 0.000061256206
2962.70 0.000061053732
2962.80 0.000060851258
2962.90 0.000060648784
2963.00 0.000060446310
2963.10 0.000060243836
2963.20 0.000060041362
2963.30 0.000059838888
2963.40 0.000059636414
2963.50 0.000059433940
2963.60 0.000059231466
2963.70 0.000059028992
2963.80 0.000058826518
2963.90 0.000058624044
2964.00 0.000058421570
2964.10 0.000058219096
2964.20 0.000058016622
2964.30 0.000057814148
2964.40 0.000057611674
2964.50 0.000057409200
2964.60 0.000057206726
2964.70 0.000057004252
2964.80 0.000056801778
2964.90 0.000056599304
2965.00 0.000056396830
2965.10 0.000056194356
2965.20 0.000055991882
2965.30 0.000055789408
2965.40 0.000055586934
2965.50 0.000055384460
2965.60 0.000055181986
2965.70 0.000054979512
2965.80 0.000054777038
2965.90 0.000054574564
2966.00 0.000054372090
2966.10 0.000054169616
2966.20 0.000053967142
2966.30 0.000053764668
2966.40 0.000053562195
2966.50 0.000053359721
2966.60 0.000053157247
2966.70 0.000052954773
2966.80 0.000052752299
2966.90 0.000052549825
2967.00 0.000052347351
2967.10 0.000052144877
2967.20 0.000051942403
2967.30 0.000051739929
2967.40 0.000051537455
2967.50 0.000051334981
2967.60 0.000051132507
2967.70 0.000050930033
2967.80 0.000050727559
2967.90 0.000050525085
2968.00 0.000050322611
2968.10 0.000050120137
2968.20 0.000049917663
2968.30 0.000049715189
2968.40 0.000049512715
2968.50 0.000049310241
2968.60 0.000049107767
2968.70 0.000048905293
2968.80 0.000048702819
2968.90 0.000048500345
2969.00 0.000048297871
2969.10 0.000048095397
2969.20 0.000047892923
2969.30 0.000047690449
2969.40 0.000047487975
2969.50 0.000047285501
2969.60 0.000047083027
2969.70 0.000046880553
2969.80 0.000046678079
2969.90 0.000046475605
2970.00 0.000046273131
2970.10 0.000046309577
2970.20 0.000046414097
2970.30 0.000046518617
2970.40 0.000046623137
2970.50 0.000046727657
2970.60 0.000046832176
2970.70 0.000046936696
2970.80 0.000047041216
2970.90 0.000047145736
2971.00 0.000047250256
2971.10 0.000047354776
2971.20 0.000047459296
2971.30 0.000047563816
2971.40 0.000047668336
2971.50 0.000047772856
2971.60 0.000047877376
2971.70 0.000047981896
2971.80 0.000048086416
2971.90 0.000048190936
2972.00 0.000048295456
2972.10 0.000048399976
2972.20 0.000048504496
2972.30 0.000048609016
2972.40 0.000048713536
2972.50 0.000048818056
2972.60 0.000048922575
2972.70 0.000049027095
2972.80 0.000049131615
2972.90 0.000049236135
2973.00 0.000049340655
2973.10 0.000049445175
2973.20 0.000049549695
2973.30 0.000049654215
2973.40 0.000049758735
2973.50 0.000049863255
2973.60 0.000049967775
2973.70 0.000050072295
2973.80 0.000050176815
2973.90 0.000050281335
2974.00 0.000050385855
2974.10 0.000050490375
2974.20 0.000050594895
2974.30 0.000050699415
2974.40 0.000050803935
2974.50 0.000050908454
2974.60 0.000051012974
2974.70 0.000051117494
2974.80 0.000051222014
2974.90 0.000051326534
2975.00 0.000051431054
2975.10 0.000051535574
2975.20 0.000051640094
2975.30 0.000051744614
2975.40 0.000051849134
2975.50 0.000051953654
2975.60 0.000052058174
2975.70 0.000052162694
2975.80 0.000052267214
2975.90 0.000052371734
2976.00 0.000052476254
2976.10 0.000052580774
2976.20 0.000052685294
2976.30 0.000052789814
2976.40 0.000052894333
2976.50 0.000052998853
2976.60 0.000053103373
2976.70 0.000053207893
2976.80 0.000053312413
2976.90 0.000053416933
2977.00 0.000053521453
2977.10 0.000053625973
2977.20 0.000053730493
2977.30 0.000053835013
2977.40 0.000053939533
2977.50 0.000054044053
2977.60 0.000054148573
2977.70 0.000054253093
2977.80 0.000054357613
2977.90 0.000054462133
2978.00 0.000054566653
2978.10 0.000054671173
2978.20 0.000054775693
2978.30 0.000054880213
2978.40 0.000054984732
2978.50 0.000055089252
2978.60 0.000055193772
2978.70 0.000055298292
2978.80 0.000055402812
2978.90 0.000055507332
2979.00 0.000055611852
2979.10 0.000055716372
2979.20 0.000055820892
2979.30 0.000055925412
2979.40 0.000056029932
2979.50 0.000056134452
2979.60 0.000056238972
2979.70 0.000056343492
2979.80 0.000056448012
2979.90 0.000056552532
2980.00 0.000056613279
2980.10 0.000056587114
2980.20 0.000056560949
2980.30 0.000056534784
2980.40 0.000056508619
2980.50 0.000056482454
2980.60 0.000056456289
2980.70 0.000056430124
2980.80 0.000056403959
2980.90 0.000056377794
2981.00 0.000056351629
2981.10 0.000056325464
2981.20 0.000056299299
2981.30 0.000056273134
2981.40 0.000056246969
2981.50 0.000056220804
2981.60 0.000056194639
2981.70 0.000056168474
2981.80 0.000056142309
2981.90 0.000056116144
2982.00 0.000056089979
2982.10 0.000056063814
2982.20 0.000056037649
2982.30 0.000056011484
2982.40 0.000055985319
2982.50 0.000055959154
2982.60 0.000055932989
2982.70 0.000055906824
2982.80 0.000055880659
2982.90 0.000055854494
2983.00 0.000055828329
2983.10 0.000055802164
2983.20 0.000055775999
2983.30 0.000055749834
2983.40 0.000055723669
2983.50 0.000055697504
2983.60 0.000055671339
2983.70 0.000055645174
2983.80 0.000055619009
2983.90 0.000055592844
2984.00 0.000055566679
2984.10 0.000055540514
2984.20 0.000055514349
2984.30 0.000055488184
2984.40 0.000055462019
2984.50 0.000055435854
2984.60 0.000055409689
2984.70 0.000055383524
2984.80 0.000055357359
2984.90 0.000055331194
2985.00 0.000055305029
2985.10 0.000055278864
2985.20 0.000055252699
2985.30 0.000055226534
2985.40 0.000055200369
2985.50 0.000055174204
2985.60 0.000055148039
2985.70 0.000055121874
2985.80 0.000055095709
2985.90 0.000055069544
2986.00 0.000055043379
2986.10 0.000055017214
2986.20 0.000054991049
2986.30 0.000054964884
2986.40 0.000054938719
2986.50 0.000054912554
2986.60 0.000054886389
2986.70 0.000054860224
2986.80 0.000054834059
2986.90 0.000054807894
2987.00 0.000054781729
2987.10 0.000054755564
2987.20 0.000054729399
2987.30 0.000054703234
2987.40 0.000054677069
2987.50 0.000054650904
2987.60 0.000054624739
2987.70 0.000054598574
2987.80 0.000054572409
2987.90 0.000054546244
2988.00 0.000054520079
2988.10 0.000054493914
2988.20 0.000054467749
2988.30 0.000054441584
2988.40 0.000054415419
2988.50 0.000054389254
2988.60 0.000054363089
2988.70 0.000054336924
2988.80 0.000054310759
2988.90 0.000054284594
2989.00 0.000054258429
2989.10 0.000054232264
2989.20 0.000054206099
2989.30 0.000054179934
2989.40 0.000054153769
2989.50 0.000054127604
2989.60 0.000054101439
2989.70 0.000054075274
2989.80 0.000054049109
2989.90 0.000054022944
2990.00 0.000060279949
2990.10 0.000060300050
2990.20 0.000060320150
2990.30 0.000060340250
2990.40 0.000060360350
2990.50 0.000060380451
2990.60 0.000060400551
2990.70 0.000060420651
2990.80 0.000060440752
2990.90 0.000060460852
2991.00 0.000060480952
2991.10 0.000060501052
2991.20 0.000060521153
2991.30 0.000060541253
2991.40 0.000060561353
2991.50 0.000060581453
2991.60 0.000060601554
2991.70 0.000060621654
2991.80 0.000060641754
2991.90 0.000060661855
2992.00 0.000060681955
2992.10 0.000060702055
2992.20 0.000060722155
2992.30 0.000060742256
2992.40 0.000060762356
2992.50 0.000060782456
2992.60 0.000060802557
2992.70 0.000060822657
2992.80 0.000060842757
2992.90 0.000060862857
2993.00 0.000060882958
2993.10 0.000060903058
2993.20 0.000060923158
2993.30 0.000060943258
2993.40 0.000060963359
2993.50 0.000060983459
2993.60 0.000061003559
2993.70 0.000061023660
2993.80 0.000061043760
2993.90 0.000061063860
2994.00 0.000061083960
2994.10 0.000061104061
2994.20 0.000061124161
2994.30 0.000061144261
2994.40 0.000061164362
2994.50 0.000061184462
2994.60 0.000061204562
2994.70 0.000061224662
2994.80 0.000061244763
2994.90 0.000061264863
2995.00 0.000061284963
2995.10 0.000061305064
2995.20 0.000061325164
2995.30 0.000061345264
2995.40 0.000061365364
2995.50 0.000061385465
2995.60 0.000061405565
2995.70 0.000061425665
2995.80 0.000061445765
2995.90 0.000061465866
2996.00 0.000061485966
2996.10 0.000061506066
2996.20 0.000061526167
2996.30 0.000061546267
2996.40 0.000061566367
2996.50 0.000061586467
2996.60 0.000061606568
2996.70 0.000061626668
2996.80 0.000061646768
2996.90 0.000061666869
2997.00 0.000061686969
2997.10 0.000061707069
2997.20 0.000061727169
2997.30 0.000061747270
2997.40 0.000061767370
2997.50 0.000061787470
2997.60 0.000061807570
2997.70 0.000061827671
2997.80 0.000061847771
2997.90 0.000061867871
2998.00 0.000061887972
2998.10 0.000061908072
2998.20 0.000061928172
2998.30 0.000061948272
2998.40 0.000061968373
2998.50 0.000061988473
2998.60 0.000062008573
2998.70 0.000062028674
2998.80 0.000062048774
2998.90 0.000062068874
2999.00 0.000062088974
2999.10 0.000062109075
2999.20 0.000062129175
2999.30 0.000062149275
2999.40 0.000062169375
2999.50 0.000062189476
2999.60 0.000062209576
2999.70 0.000062229676
2999.80 0.000062249777
2999.90 0.000062269877
3000.00 0.000062290853
3000.10 0.000062321031
3000.20 0.000062351209
3000.30 0.000062381388
3000.40 0.000062411566
3000.50 0.000062441744
3000.60 0.000062471922
3000.70 0.000062502101
3000.80 0.000062532279
3000.90 0.000062562457
3001.00 0.000062592636
3001.10 0.000062622814
3001.20 0.000062652992
3001.30 0.000062683171
3001.40 0.000062713349
3001.50 0.000062743527
3001.60 0.000062773706
3001.70 0.000062803884
3001.80 0.000062834062
3001.90 0.000062864241
3002.00 0.000062894419
3002.10 0.000062924597
3002.20 0.000062954776
3002.30 0.000062984954
3002.40 0.000063015132
3002.50 0.000063045311
3002.60 0.000063075489
3002.70 0.000063105667
3002.80 0.000063135846
3002.90 0.000063166024
3003.00 0.000063196202
3003.10 0.000063226381
3003.20 0.000063256559
3003.30 0.000063286737
3003.40 0.000063316916
3003.50 0.000063347094
3003.60 0.000063377272
3003.70 0.000063407450
3003.80 0.000063437629
3003.90 0.000063467807
3004.00 0.000063497985
3004.10 0.000063528164
3004.20 0.000063558342
3004.30 0.000063588520
3004.40 0.000063618699
3004.50 0.000063648877
3004.60 0.000063679055
3004.70 0.000063709234
3004.80 0.000063739412
3004.90 0.000063769590
3005.00 0.000063799769
3005.10 0.000063829947
3005.20 0.000063860125
3005.30 0.000063890304
3005.40 0.000063920482
3005.50 0.000063950660
3005.60 0.000063980839
3005.70 0.000064011017
3005.80 0.000064041195
3005.90 0.000064071374
3006.00 0.000064101552
3006.10 0.000064131730
3006.20 0.000064161909
3006.30 0.000064192087
3006.40 0.000064222265
3006.50 0.000064252444
3006.60 0.000064282622
3006.70 0.000064312800
3006.80 0.000064342978
3006.90 0.000064373157
3007.00 0.000064403335
3007.10 0.000064433513
3007.20 0.000064463692
3007.30 0.000064493870
3007.40 0.000064524048
3007.50 0.000064554227
3007.60 0.000064584405
3007.70 0.000064614583
3007.80 0.000064644762
3007.90 0.000064674940
3008.00 0.000064705118
3008.10 0.000064735297
3008.20 0.000064765475
3008.30 0.000064795653
3008.40 0.000064825832
3008.50 0.000064856010
3008.60 0.000064886188
3008.70 0.000064916367
3008.80 0.000064946545
3008.90 0.000064976723
3009.00 0.000065006902
3009.10 0.000065037080
3009.20 0.000065067258
3009.30 0.000065097437
3009.40 0.000065127615
3009.50 0.000065157793
3009.60 0.000065187971
3009.70 0.000065218150
3009.80 0.000065248328
3009.90 0.000065278506
3010.00 0.000065290948
3010.10 0.000065250827
3010.20 0.000065210706
3010.30 0.000065170586
3010.40 0.000065130465
3010.50 0.000065090344
3010.60 0.000065050223
3010.70 0.000065010103
3010.80 0.000064969982
3010.90 0.000064929861
3011.00 0.000064889741
3011.10 0.000064849620
3011.20 0.000064809499
3011.30 0.000064769378
3011.40 0.000064729258
3011.50 0.000064689137
3011.60 0.000064649016
3011.70 0.000064608895
3011.80 0.000064568775
3011.90 0.000064528654
3012.00 0.000064488533
3012.10 0.000064448412
3012.20 0.000064408292
3012.30 0.000064368171
3012.40 0.000064328050
3012.50 0.000064287930
3012.60 0.000064247809
3012.70 0.000064207688
3012.80 0.000064167567
3012.90 0.000064127447
3013.00 0.000064087326
3013.10 0.000064047205
3013.20 0.000064007084
3013.30 0.000063966964
3013.40 0.000063926843
3013.50 0.000063886722
3013.60 0.000063846601
3013.70 0.000063806481
3013.80 0.000063766360
3013.90 0.000063726239
3014.00 0.000063686118
3014.10 0.000063645998
3014.20 0.000063605877
3014.30 0.000063565756
3014.40 0.000063525636
3014.50 0.000063485515
3014.60 0.000063445394
3014.70 0.000063405273
3014.80 0.000063365153
3014.90 0.000063325032
3015.00 0.000063284911
3015.10 0.000063244790
3015.20 0.000063204670
3015.30 0.000063164549
3015.40 0.000063124428
3015.50 0.000063084307
3015.60 0.000063044187
3015.70 0.000063004066
3015.80 0.000062963945
3015.90 0.000062923825
3016.00 0.000062883704
3016.10 0.000062843583
3016.20 0.000062803462
3016.30 0.000062763342
3016.40 0.000062723221
3016.50 0.000062683100
3016.60 0.000062642979
3016.70 0.000062602859
3016.80 0.000062562738
3016.90 0.000062522617
3017.00 0.000062482496
3017.10 0.000062442376
3017.20 0.000062402255
3017.30 0.000062362134
3017.40 0.000062322013
3017.50 0.000062281893
3017.60 0.000062241772
3017.70 0.000062201651
3017.80 0.000062161531
3017.90 0.000062121410
3018.00 0.000062081289
3018.10 0.000062041168
3018.20 0.000062001048
3018.30 0.000061960927
3018.40 0.000061920806
3018.50 0.000061880685
3018.60 0.000061840565
3018.70 0.000061800444
3018.80 0.000061760323
3018.90 0.000061720202
3019.00 0.000061680082
3019.10 0.000061639961
3019.20 0.000061599840
3019.30 0.000061559720
3019.40 0.000061519599
3019.50 0.000061479478
3019.60 0.000061439357
3019.70 0.000061399237
3019.80 0.000061359116
3019.90 0.000061318995
3020.00 0.000061278874
3020.10 0.000061234920
3020.20 0.000061190851
3020.30 0.000061146783
3020.40 0.000061102714
3020.50 0.000061058645
3020.60 0.000061014577
3020.70 0.000060970508
3020.80 0.000060926440
3020.90 0.000060882371
3021.00 0.000060838303
3021.10 0.000060794234
3021.20 0.000060750165
3021.30 0.000060706097
3021.40 0.000060662028
3021.50 0.000060617960
3021.60 0.000060573891
3021.70 0.000060529823
3021.80 0.000060485754
3021.90 0.000060441685
3022.00 0.000060397617
3022.10 0.000060353548
3022.20 0.000060309480
3022.30 0.000060265411
3022.40 0.000060221343
3022.50 0.000060177274
3022.60 0.000060133205
3022.70 0.000060089137
3022.80 0.000060045068
3022.90 0.000060001000
3023.00 0.000059956931
3023.10 0.000059912863
3023.20 0.000059868794
3023.30 0.000059824725
3023.40 0.000059780657
3023.50 0.000059736588
3023.60 0.000059692520
3023.70 0.000059648451
3023.80 0.000059604383
3023.90 0.000059560314
3024.00 0.000059516245
3024.10 0.000059472177
3024.20 0.000059428108
3024.30 0.000059384040
3024.40 0.000059339971
3024.50 0.000059295903
3024.60 0.000059251834
3024.70 0.000059207765
3024.80 0.000059163697
3024.90 0.000059119628
3025.00 0.000059075560
3025.10 0.000059031491
3025.20 0.000058987423
3025.30 0.000058943354
3025.40 0.000058899285
3025.50 0.000058855217
3025.60 0.000058811148
3025.70 0.000058767080
3025.80 0.000058723011
3025.90 0.000058678943
3026.00 0.000058634874
3026.10 0.000058590805
3026.20 0.000058546737
3026.30 0.000058502668
3026.40 0.000058458600
3026.50 0.000058414531
3026.60 0.000058370463
3026.70 0.000058326394
3026.80 0.000058282325
3026.90 0.000058238257
3027.00 0.000058194188
3027.10 0.000058150120
3027.20 0.000058106051
3027.30 0.000058061983
3027.40 0.000058017914
3027.50 0.000057973845
3027.60 0.000057929777
3027.70 0.000057885708
3027.80 0.000057841640
3027.90 0.000057797571
3028.00 0.000057753503
3028.10 0.000057709434
3028.20 0.000057665365
3028.30 0.000057621297
3028.40 0.000057577228
3028.50 0.000057533160
3028.60 0.000057489091
3028.70 0.000057445023
3028.80 0.000057400954
3028.90 0.000057356885
3029.00 0.000057312817
3029.10 0.000057268748
3029.20 0.000057224680
3029.30 0.000057180611
3029.40 0.000057136543
3029.50 0.000057092474
3029.60 0.000057048405
3029.70 0.000057004337
3029.80 0.000056960268
3029.90 0.000056916200
3030.00 0.000056872131
3030.10 0.000056984768
3030.20 0.000057107847
3030.30 0.000057230926
3030.40 0.000057354005
3030.50 0.000057477084
3030.60 0.000057600163
3030.70 0.000057723242
3030.80 0.000057846321
3030.90 0.000057969400
3031.00 0.000058092479
3031.10 0.000058215558
3031.20 0.000058338637
3031.30 0.000058461716
3031.40 0.000058584795
3031.50 0.000058707874
3031.60 0.000058830953
3031.70 0.000058954031
3031.80 0.000059077110
3031.90 0.000059200189
3032.00 0.000059323268
3032.10 0.000059446347
3032.20 0.000059569426
3032.30 0.000059692505
3032.40 0.000059815584
3032.50 0.000059938663
3032.60 0.000060061742
3032.70 0.000060184821
3032.80 0.000060307900
3032.90 0.000060430979
3033.00 0.000060554058
3033.10 0.000060677137
3033.20 0.000060800216
3033.30 0.000060923295
3033.40 0.000061046374
3033.50 0.000061169453
3033.60 0.000061292532
3033.70 0.000061415611
3033.80 0.000061538690
3033.90 0.000061661769
3034.00 0.000061784848
3034.10 0.000061907927
3034.20 0.000062031006
3034.30 0.000062154085
3034.40 0.000062277164
3034.50 0.000062400243
3034.60 0.000062523322
3034.70 0.000062646401
3034.80 0.000062769480
3034.90 0.000062892559
3035.00 0.000063015638
3035.10 0.000063138717
3035.20 0.000063261796
3035.30 0.000063384875
3035.40 0.000063507954
3035.50 0.000063631032
3035.60 0.000063754111
3035.70 0.000063877190
3035.80 0.000064000269
3035.90 0.000064123348
3036.00 0.000064246427
3036.10 0.000064369506
3036.20 0.000064492585
3036.30 0.000064615664
3036.40 0.000064738743
3036.50 0.000064861822
3036.60 0.000064984901
3036.70 0.000065107980
3036.80 0.000065231059
3036.90 0.000065354138
3037.00 0.000065477217
3037.10 0.000065600296
3037.20 0.000065723375
3037.30 0.000065846454
3037.40 0.000065969533
3037.50 0.000066092612
3037.60 0.000066215691
3037.70 0.000066338770
3037.80 0.000066461849
3037.90 0.000066584928
3038.00 0.000066708007
3038.10 0.000066831086
3038.20 0.000066954165
3038.30 0.000067077244
3038.40 0.000067200323
3038.50 0.000067323402
3038.60 0.000067446481
3038.70 0.000067569560
3038.80 0.000067692639
3038.90 0.000067815718
3039.00 0.000067938797
3039.10 0.000068061876
3039.20 0.000068184955
3039.30 0.000068308034
3039.40 0.000068431112
3039.50 0.000068554191
3039.60 0.000068677270
3039.70 0.000068800349
3039.80 0.000068923428
3039.90 0.000069046507
3040.00 0.000069141002
3040.10 0.000069075341
3040.20 0.000069009681
3040.30 0.000068944021
3040.40 0.000068878361
3040.50 0.000068812701
3040.60 0.000068747041
3040.70 0.000068681381
3040.80 0.000068615721
3040.90 0.000068550061
3041.00 0.000068484401
3041.10 0.000068418741
3041.20 0.000068353081
3041.30 0.000068287421
3041.40 0.000068221761
3041.50 0.000068156100
3041.60 0.000068090440
3041.70 0.000068024780
3041.80 0.000067959120
3041.90 0.000067893460
3042.00 0.000067827800
3042.10 0.000067762140
3042.20 0.000067696480
3042.30 0.000067630820
3042.40 0.000067565160
3042.50 0.000067499500
3042.60 0.000067433840
3042.70 0.000067368180
3042.80 0.000067302520
3042.90 0.000067236860
3043.00 0.000067171199
3043.10 0.000067105539
3043.20 0.000067039879
3043.30 0.000066974219
3043.40 0.000066908559
3043.50 0.000066842899
3043.60 0.000066777239
3043.70 0.000066711579
3043.80 0.000066645919
3043.90 0.000066580259
3044.00 0.000066514599
3044.10 0.000066448939
3044.20 0.000066383279
3044.30 0.000066317619
3044.40 0.000066251959
3044.50 0.000066186298
3044.60 0.000066120638
3044.70 0.000066054978
3044.80 0.000065989318
3044.90 0.000065923658
3045.00 0.000065857998
3045.10 0.000065792338
3045.20 0.000065726678
3045.30 0.000065661018
3045.40 0.000065595358
3045.50 0.000065529698
3045.60 0.000065464038
3045.70 0.000065398378
3045.80 0.000065332718
3045.90 0.000065267057
3046.00 0.000065201397
3046.10 0.000065135737
3046.20 0.000065070077
3046.30 0.000065004417
3046.40 0.000064938757
3046.50 0.000064873097
3046.60 0.000064807437
3046.70 0.000064741777
3046.80 0.000064676117
3046.90 0.000064610457
3047.00 0.000064544797
3047.10 0.000064479137
3047.20 0.000064413477
3047.30 0.000064347817
3047.40 0.000064282156
3047.50 0.000064216496
3047.60 0.000064150836
3047.70 0.000064085176
3047.80 0.000064019516
3047.90 0.000063953856
3048.00 0.000063888196
3048.10 0.000063822536
3048.20 0.000063756876
3048.30 0.000063691216
3048.40 0.000063625556
3048.50 0.000063559896
3048.60 0.000063494236
3048.70 0.000063428576
3048.80 0.000063362916
3048.90 0.000063297255
3049.00 0.000063231595
3049.10 0.000063165935
3049.20 0.000063100275
3049.30 0.000063034615
3049.40 0.000062968955
3049.50 0.000062903295
3049.60 0.000062837635
3049.70 0.000062771975
3049.80 0.000062706315
3049.90 0.000062640655
3050.00 0.000062574995
3050.10 0.000062540316
3050.20 0.000062508066
3050.30 0.000062475815
3050.40 0.000062443565
3050.50 0.000062411315
3050.60 0.000062379065
3050.70 0.000062346814
3050.80 0.000062314564
3050.90 0.000062282314
3051.00 0.000062250064
3051.10 0.000062217814
3051.20 0.000062185563
3051.30 0.000062153313
3051.40 0.000062121063
3051.50 0.000062088813
3051.60 0.000062056562
3051.70 0.000062024312
3051.80 0.000061992062
3051.90 0.000061959812
3052.00 0.000061927562
3052.10 0.000061895311
3052.20 0.000061863061
3052.30 0.000061830811
3052.40 0.000061798561
3052.50 0.000061766310
3052.60 0.000061734060
3052.70 0.000061701810
3052.80 0.000061669560
3052.90 0.000061637310
3053.00 0.000061605059
3053.10 0.000061572809
3053.20 0.000061540559
3053.30 0.000061508309
3053.40 0.000061476058
3053.50 0.000061443808
3053.60 0.000061411558
3053.70 0.000061379308
3053.80 0.000061347058
3053.90 0.000061314807
3054.00 0.000061282557
3054.10 0.000061250307
3054.20 0.000061218057
3054.30 0.000061185806
3054.40 0.000061153556
3054.50 0.000061121306
3054.60 0.000061089056
3054.70 0.000061056806
3054.80 0.000061024555
3054.90 0.000060992305
3055.00 0.000060960055
3055.10 0.000060927805
3055.20 0.000060895554
3055.30 0.000060863304
3055.40 0.000060831054
3055.50 0.000060798804
3055.60 0.000060766554
3055.70 0.000060734303
3055.80 0.000060702053
3055.90 0.000060669803
3056.00 0.000060637553
3056.10 0.000060605302
3056.20 0.000060573052
3056.30 0.000060540802
3056.40 0.000060508552
3056.50 0.000060476302
3056.60 0.000060444051
3056.70 0.000060411801
3056.80 0.000060379551
3056.90 0.000060347301
3057.00 0.000060315050
3057.10 0.000060282800
3057.20 0.000060250550
3057.30 0.000060218300
3057.40 0.000060186050
3057.50 0.000060153799
3057.60 0.000060121549
3057.70 0.000060089299
3057.80 0.000060057049
3057.90 0.000060024798
3058.00 0.000059992548
3058.10 0.000059960298
3058.20 0.000059928048
3058.30 0.000059895798
3058.40 0.000059863547
3058.50 0.000059831297
3058.60 0.000059799047
3058.70 0.000059766797
3058.80 0.000059734546
3058.90 0.000059702296
3059.00 0.000059670046
3059.10 0.000059637796
3059.20 0.000059605546
3059.30 0.000059573295
3059.40 0.000059541045
3059.50 0.000059508795
3059.60 0.000059476545
3059.70 0.000059444294
3059.80 0.000059412044
3059.90 0.000059379794
3060.00 0.000059347544
3060.10 0.000059456473
3060.20 0.000059572190
3060.30 0.000059687906
3060.40 0.000059803623
3060.50 0.000059919340
3060.60 0.000060035057
3060.70 0.000060150774
3060.80 0.000060266490
3060.90 0.000060382207
3061.00 0.000060497924
3061.10 0.000060613641
3061.20 0.000060729358
3061.30 0.000060845074
3061.40 0.000060960791
3061.50 0.000061076508
3061.60 0.000061192225
3061.70 0.000061307941
3061.80 0.000061423658
3061.90 0.000061539375
3062.00 0.000061655092
3062.10 0.000061770809
3062.20 0.000061886525
3062.30 0.000062002242
3062.40 0.000062117959
3062.50 0.000062233676
3062.60 0.000062349393
3062.70 0.000062465109
3062.80 0.000062580826
3062.90 0.000062696543
3063.00 0.000062812260
3063.10 0.000062927976
3063.20 0.000063043693
3063.30 0.000063159410
3063.40 0.000063275127
3063.50 0.000063390844
3063.60 0.000063506560
3063.70 0.000063622277
3063.80 0.000063737994
3063.90 0.000063853711
3064.00 0.000063969428
3064.10 0.000064085144
3064.20 0.000064200861
3064.30 0.000064316578
3064.40 0.000064432295
3064.50 0.000064548011
3064.60 0.000064663728
3064.70 0.000064779445
3064.80 0.000064895162
3064.90 0.000065010879
3065.00 0.000065126595
3065.10 0.000065242312
3065.20 0.000065358029
3065.30 0.000065473746
3065.40 0.000065589463
3065.50 0.000065705179
3065.60 0.000065820896
3065.70 0.000065936613
3065.80 0.000066052330
3065.90 0.000066168046
3066.00 0.000066283763
3066.10 0.000066399480
3066.20 0.000066515197
3066.30 0.000066630914
3066.40 0.000066746630
3066.50 0.000066862347
3066.60 0.000066978064
3066.70 0.000067093781
3066.80 0.000067209498
3066.90 0.000067325214
3067.00 0.000067440931
3067.10 0.000067556648
3067.20 0.000067672365
3067.30 0.000067788081
3067.40 0.000067903798
3067.50 0.000068019515
3067.60 0.000068135232
3067.70 0.000068250949
3067.80 0.000068366665
3067.90 0.000068482382
3068.00 0.000068598099
3068.10 0.000068713816
3068.20 0.000068829533
3068.30 0.000068945249
3068.40 0.000069060966
3068.50 0.000069176683
3068.60 0.000069292400
3068.70 0.000069408116
3068.80 0.000069523833
3068.90 0.000069639550
3069.00 0.000069755267
3069.10 0.000069870984
3069.20 0.000069986700
3069.30 0.000070102417
3069.40 0.000070218134
3069.50 0.000070333851
3069.60 0.000070449568
3069.70 0.000070565284
3069.80 0.000070681001
3069.90 0.000070796718
3070.00 0.000070894873
3070.10 0.000070934868
3070.20 0.000070974863
3070.30 0.000071014858
3070.40 0.000071054853
3070.50 0.000071094848
3070.60 0.000071134843
3070.70 0.000071174838
3070.80 0.000071214833
3070.90 0.000071254828
3071.00 0.000071294823
3071.10 0.000071334818
3071.20 0.000071374813
3071.30 0.000071414808
3071.40 0.000071454803
3071.50 0.000071494798
3071.60 0.000071534793
3071.70 0.000071574788
3071.80 0.000071614783
3071.90 0.000071654778
3072.00 0.000071694773
3072.10 0.000071734768
3072.20 0.000071774763
3072.30 0.000071814758
3072.40 0.000071854753
3072.50 0.000071894748
3072.60 0.000071934743
3072.70 0.000071974738
3072.80 0.000072014733
3072.90 0.000072054728
3073.00 0.000072094723
3073.10 0.000072134718
3073.20 0.000072174713
3073.30 0.000072214708
3073.40 0.000072254703
3073.50 0.000072294698
3073.60 0.000072334693
3073.70 0.000072374688
3073.80 0.000072414683
3073.90 0.000072454678
3074.00 0.000072494673
3074.10 0.000072534668
3074.20 0.000072574663
3074.30 0.000072614658
3074.40 0.000072654653
3074.50 0.000072694648
3074.60 0.000072734642
3074.70 0.000072774637
3074.80 0.000072814632
3074.90 0.000072854627
3075.00 0.000072894622
3075.10 0.000072934617
3075.20 0.000072974612
3075.30 0.000073014607
3075.40 0.000073054602
3075.50 0.000073094597
3075.60 0.000073134592
3075.70 0.000073174587
3075.80 0.000073214582
3075.90 0.000073254577
3076.00 0.000073294572
3076.10 0.000073334567
3076.20 0.000073374562
3076.30 0.000073414557
3076.40 0.000073454552
3076.50 0.000073494547
3076.60 0.000073534542
3076.70 0.000073574537
3076.80 0.000073614532
3076.90 0.000073654527
3077.00 0.000073694522
3077.10 0.000073734517
3077.20 0.000073774512
3077.30 0.000073814507
3077.40 0.000073854502
3077.50 0.000073894497
3077.60 0.000073934492
3077.70 0.000073974487
3077.80 0.000074014482
3077.90 0.000074054477
3078.00 0.000074094472
3078.10 0.000074134467
3078.20 0.000074174462
3078.30 0.000074214457
3078.40 0.000074254452
3078.50 0.000074294447
3078.60 0.000074334442
3078.70 0.000074374437
3078.80 0.000074414432
3078.90 0.000074454427
3079.00 0.000074494422
3079.10 0.000074534417
3079.20 0.000074574412
3079.30 0.000074614407
3079.40 0.000074654402
3079.50 0.000074694397
3079.60 0.000074734391
3079.70 0.000074774386
3079.80 0.000074814381
3079.90 0.000074854376
3080.00 0.000074909006
3080.10 0.000075131400
3080.20 0.000075353794
3080.30 0.000075576188
3080.40 0.000075798581
3080.50 0.000076020975
3080.60 0.000076243369
3080.70 0.000076465763
3080.80 0.000076688157
3080.90 0.000076910551
3081.00 0.000077132945
3081.10 0.000077355339
3081.20 0.000077577733
3081.30 0.000077800127
3081.40 0.000078022521
3081.50 0.000078244915
3081.60 0.000078467308
3081.70 0.000078689702
3081.80 0.000078912096
3081.90 0.000079134490
3082.00 0.000079356884
3082.10 0.000079579278
3082.20 0.000079801672
3082.30 0.000080024066
3082.40 0.000080246460
3082.50 0.000080468854
3082.60 0.000080691248
3082.70 0.000080913642
3082.80 0.000081136036
3082.90 0.000081358429
3083.00 0.000081580823
3083.10 0.000081803217
3083.20 0.000082025611
3083.30 0.000082248005
3083.40 0.000082470399
3083.50 0.000082692793
3083.60 0.000082915187
3083.70 0.000083137581
3083.80 0.000083359975
3083.90 0.000083582369
3084.00 0.000083804763
3084.10 0.000084027156
3084.20 0.000084249550
3084.30 0.000084471944
3084.40 0.000084694338
3084.50 0.000084916732
3084.60 0.000085139126
3084.70 0.000085361520
3084.80 0.000085583914
3084.90 0.000085806308
3085.00 0.000086028702
3085.10 0.000086251096
3085.20 0.000086473490
3085.30 0.000086695884
3085.40 0.000086918277
3085.50 0.000087140671
3085.60 0.000087363065
3085.70 0.000087585459
3085.80 0.000087807853
3085.90 0.000088030247
3086.00 0.000088252641
3086.10 0.000088475035
3086.20 0.000088697429
3086.30 0.000088919823
3086.40 0.000089142217
3086.50 0.000089364611
3086.60 0.000089587005
3086.70 0.000089809398
3086.80 0.000090031792
3086.90 0.000090254186
3087.00 0.000090476580
3087.10 0.000090698974
3087.20 0.000090921368
3087.30 0.000091143762
3087.40 0.000091366156
3087.50 0.000091588550
3087.60 0.000091810944
3087.70 0.000092033338
3087.80 0.000092255732
3087.90 0.000092478125
3088.00 0.000092700519
3088.10 0.000092922913
3088.20 0.000093145307
3088.30 0.000093367701
3088.40 0.000093590095
3088.50 0.000093812489
3088.60 0.000094034883
3088.70 0.000094257277
3088.80 0.000094479671
3088.90 0.000094702065
3089.00 0.000094924459
3089.10 0.000095146853
3089.20 0.000095369246
3089.30 0.000095591640
3089.40 0.000095814034
3089.50 0.000096036428
3089.60 0.000096258822
3089.70 0.000096481216
3089.80 0.000096703610
3089.90 0.000096926004
3090.00 0.000097092909
3090.10 0.000097012028
3090.20 0.000096931146
3090.30 0.000096850265
3090.40 0.000096769384
3090.50 0.000096688503
3090.60 0.000096607621
3090.70 0.000096526740
3090.80 0.000096445859
3090.90 0.000096364978
3091.00 0.000096284097
3091.10 0.000096203215
3091.20 0.000096122334
3091.30 0.000096041453
3091.40 0.000095960572
3091.50 0.000095879691
3091.60 0.000095798809
3091.70 0.000095717928
3091.80 0.000095637047
3091.90 0.000095556166
3092.00 0.000095475284
3092.10 0.000095394403
3092.20 0.000095313522
3092.30 0.000095232641
3092.40 0.000095151760
3092.50 0.000095070878
3092.60 0.000094989997
3092.70 0.000094909116
3092.80 0.000094828235
3092.90 0.000094747353
3093.00 0.000094666472
3093.10 0.000094585591
3093.20 0.000094504710
3093.30 0.000094423829
3093.40 0.000094342947
3093.50 0.000094262066
3093.60 0.000094181185
3093.70 0.000094100304
3093.80 0.000094019422
3093.90 0.000093938541
3094.00 0.000093857660
3094.10 0.000093776779
3094.20 0.000093695898
3094.30 0.000093615016
3094.40 0.000093534135
3094.50 0.000093453254
3094.60 0.000093372373
3094.70 0.000093291492
3094.80 0.000093210610
3094.90 0.000093129729
3095.00 0.000093048848
3095.10 0.000092967967
3095.20 0.000092887085
3095.30 0.000092806204
3095.40 0.000092725323
3095.50 0.000092644442
3095.60 0.000092563561
3095.70 0.000092482679
3095.80 0.000092401798
3095.90 0.000092320917
3096.00 0.000092240036
3096.10 0.000092159154
3096.20 0.000092078273
3096.30 0.000091997392
3096.40 0.000091916511
3096.50 0.000091835630
3096.60 0.000091754748
3096.70 0.000091673867
3096.80 0.000091592986
3096.90 0.000091512105
3097.00 0.000091431223
3097.10 0.000091350342
3097.20 0.000091269461
3097.30 0.000091188580
3097.40 0.000091107699
3097.50 0.000091026817
3097.60 0.000090945936
3097.70 0.000090865055
3097.80 0.000090784174
3097.90 0.000090703293
3098.00 0.000090622411
3098.10 0.000090541530
3098.20 0.000090460649
3098.30 0.000090379768
3098.40 0.000090298886
3098.50 0.000090218005
3098.60 0.000090137124
3098.70 0.000090056243
3098.80 0.000089975362
3098.90 0.000089894480
3099.00 0.000089813599
3099.10 0.000089732718
3099.20 0.000089651837
3099.30 0.000089570955
3099.40 0.000089490074
3099.50 0.000089409193
3099.60 0.000089328312
3099.70 0.000089247431
3099.80 0.000089166549
3099.90 0.000089085668
3100.00 0.000089004787
3100.10 0.000089118578
3100.20 0.000089263234
3100.30 0.000089407890
3100.40 0.000089552547
3100.50 0.000089697203
3100.60 0.000089841859
3100.70 0.000089986516
3100.80 0.000090131172
3100.90 0.000090275829
3101.00 0.000090420485
3101.10 0.000090565141
3101.20 0.000090709798
3101.30 0.000090854454
3101.40 0.000090999110
3101.50 0.000091143767
3101.60 0.000091288423
3101.70 0.000091433080
3101.80 0.000091577736
3101.90 0.000091722392
3102.00 0.000091867049
3102.10 0.000092011705
3102.20 0.000092156361
3102.30 0.000092301018
3102.40 0.000092445674
3102.50 0.000092590330
3102.60 0.000092734987
3102.70 0.000092879643
3102.80 0.000093024300
3102.90 0.000093168956
3103.00 0.000093313612
3103.10 0.000093458269
3103.20 0.000093602925
3103.30 0.000093747581
3103.40 0.000093892238
3103.50 0.000094036894
3103.60 0.000094181551
3103.70 0.000094326207
3103.80 0.000094470863
3103.90 0.000094615520
3104.00 0.000094760176
3104.10 0.000094904832
3104.20 0.000095049489
3104.30 0.000095194145
3104.40 0.000095338802
3104.50 0.000095483458
3104.60 0.000095628114
3104.70 0.000095772771
3104.80 0.000095917427
3104.90 0.000096062083
3105.00 0.000096206740
3105.10 0.000096351396
3105.20 0.000096496052
3105.30 0.000096640709
3105.40 0.000096785365
3105.50 0.000096930022
3105.60 0.000097074678
3105.70 0.000097219334
3105.80 0.000097363991
3105.90 0.000097508647
3106.00 0.000097653303
3106.10 0.000097797960
3106.20 0.000097942616
3106.30 0.000098087273
3106.40 0.000098231929
3106.50 0.000098376585
3106.60 0.000098521242
3106.70 0.000098665898
3106.80 0.000098810554
3106.90 0.000098955211
3107.00 0.000099099867
3107.10 0.000099244524
3107.20 0.000099389180
3107.30 0.000099533836
3107.40 0.000099678493
3107.50 0.000099823149
3107.60 0.000099967805
3107.70 0.000100112462
3107.80 0.000100257118
3107.90 0.000100401774
3108.00 0.000100546431
3108.10 0.000100691087
3108.20 0.000100835744
3108.30 0.000100980400
3108.40 0.000101125056
3108.50 0.000101269713
3108.60 0.000101414369
3108.70 0.000101559025
3108.80 0.000101703682
3108.90 0.000101848338
3109.00 0.000101992995
3109.10 0.000102137651
3109.20 0.000102282307
3109.30 0.000102426964
3109.40 0.000102571620
3109.50 0.000102716276
3109.60 0.000102860933
3109.70 0.000103005589
3109.80 0.000103150246
3109.90 0.000103294902
3110.00 0.000103439558
3110.10 0.000103521840
3110.20 0.000103588646
3110.30 0.000103655452
3110.40 0.000103722258
3110.50 0.000103789064
3110.60 0.000103855870
3110.70 0.000103922676
3110.80 0.000103989482
3110.90 0.000104056288
3111.00 0.000104123094
3111.10 0.000104189901
3111.20 0.000104256707
3111.30 0.000104323513
3111.40 0.000104390319
3111.50 0.000104457125
3111.60 0.000104523931
3111.70 0.000104590737
3111.80 0.000104657543
3111.90 0.000104724349
3112.00 0.000104791155
3112.10 0.000104857961
3112.20 0.000104924768
3112.30 0.000104991574
3112.40 0.000105058380
3112.50 0.000105125186
3112.60 0.000105191992
3112.70 0.000105258798
3112.80 0.000105325604
3112.90 0.000105392410
3113.00 0.000105459216
3113.10 0.000105526022
3113.20 0.000105592828
3113.30 0.000105659634
3113.40 0.000105726441
3113.50 0.000105793247
3113.60 0.000105860053
3113.70 0.000105926859
3113.80 0.000105993665
3113.90 0.000106060471
3114.00 0.000106127277
3114.10 0.000106194083
3114.20 0.000106260889
3114.30 0.000106327695
3114.40 0.000106394501
3114.50 0.000106461308
3114.60 0.000106528114
3114.70 0.000106594920
3114.80 0.000106661726
3114.90 0.000106728532
3115.00 0.000106795338
3115.10 0.000106862144
3115.20 0.000106928950
3115.30 0.000106995756
3115.40 0.000107062562
3115.50 0.000107129368
3115.60 0.000107196175
3115.70 0.000107262981
3115.80 0.000107329787
3115.90 0.000107396593
3116.00 0.000107463399
3116.10 0.000107530205
3116.20 0.000107597011
3116.30 0.000107663817
3116.40 0.000107730623
3116.50 0.000107797429
3116.60 0.000107864235
3116.70 0.000107931042
3116.80 0.000107997848
3116.90 0.000108064654
3117.00 0.000108131460
3117.10 0.000108198266
3117.20 0.000108265072
3117.30 0.000108331878
3117.40 0.000108398684
3117.50 0.000108465490
3117.60 0.000108532296
3117.70 0.000108599102
3117.80 0.000108665909
3117.90 0.000108732715
3118.00 0.000108799521
3118.10 0.000108866327
3118.20 0.000108933133
3118.30 0.000108999939
3118.40 0.000109066745
3118.50 0.000109133551
3118.60 0.000109200357
3118.70 0.000109267163
3118.80 0.000109333969
3118.90 0.000109400776
3119.00 0.000109467582
3119.10 0.000109534388
3119.20 0.000109601194
3119.30 0.000109668000
3119.40 0.000109734806
3119.50 0.000109801612
3119.60 0.000109868418
3119.70 0.000109935224
3119.80 0.000110002030
3119.90 0.000110068836
3120.00 0.000110135643
3120.10 0.000110435753
3120.20 0.000110736524
3120.30 0.000111037294
3120.40 0.000111338065
3120.50 0.000111638835
3120.60 0.000111939606
3120.70 0.000112240376
3120.80 0.000112541147
3120.90 0.000112841917
3121.00 0.000113142688
3121.10 0.000113443458
3121.20 0.000113744228
3121.30 0.000114044999
3121.40 0.000114345769
3121.50 0.000114646540
3121.60 0.000114947310
3121.70 0.000115248081
3121.80 0.000115548851
3121.90 0.000115849622
3122.00 0.000116150392
3122.10 0.000116451163
3122.20 0.000116751933
3122.30 0.000117052703
3122.40 0.000117353474
3122.50 0.000117654244
3122.60 0.000117955015
3122.70 0.000118255785
3122.80 0.000118556556
3122.90 0.000118857326
3123.00 0.000119158097
3123.10 0.000119458867
3123.20 0.000119759638
3123.30 0.000120060408
3123.40 0.000120361178
3123.50 0.000120661949
3123.60 0.000120962719
3123.70 0.000121263490
3123.80 0.000121564260
3123.90 0.000121865031
3124.00 0.000122165801
3124.10 0.000122466572
3124.20 0.000122767342
3124.30 0.000123068113
3124.40 0.000123368883
3124.50 0.000123669653
3124.60 0.000123970424
3124.70 0.000124271194
3124.80 0.000124571965
3124.90 0.000124872735
3125.00 0.000125173506
3125.10 0.000125474276
3125.20 0.000125775047
3125.30 0.000126075817
3125.40 0.000126376588
3125.50 0.000126677358
3125.60 0.000126978128
3125.70 0.000127278899
3125.80 0.000127579669
3125.90 0.000127880440
3126.00 0.000128181210
3126.10 0.000128481981
3126.20 0.000128782751
3126.30 0.000129083522
3126.40 0.000129384292
3126.50 0.000129685063
3126.60 0.000129985833
3126.70 0.000130286603
3126.80 0.000130587374
3126.90 0.000130888144
3127.00 0.000131188915
3127.10 0.000131489685
3127.20 0.000131790456
3127.30 0.000132091226
3127.40 0.000132391997
3127.50 0.000132692767
3127.60 0.000132993538
3127.70 0.000133294308
3127.80 0.000133595078
3127.90 0.000133895849
3128.00 0.000134196619
3128.10 0.000134497390
3128.20 0.000134798160
3128.30 0.000135098931
3128.40 0.000135399701
3128.50 0.000135700472
3128.60 0.000136001242
3128.70 0.000136302013
3128.80 0.000136602783
3128.90 0.000136903553
3129.00 0.000137204324
3129.10 0.000137505094
3129.20 0.000137805865
3129.30 0.000138106635
3129.40 0.000138407406
3129.50 0.000138708176
3129.60 0.000139008947
3129.70 0.000139309717
3129.80 0.000139610488
3129.90 0.000139911258
3130.00 0.000140212028
3130.10 0.000140330622
3130.20 0.000140397624
3130.30 0.000140464626
3130.40 0.000140531628
3130.50 0.000140598630
3130.60 0.000140665632
3130.70 0.000140732634
3130.80 0.000140799636
3130.90 0.000140866638
3131.00 0.000140933640
3131.10 0.000141000642
3131.20 0.000141067644
3131.30 0.000141134646
3131.40 0.000141201648
3131.50 0.000141268650
3131.60 0.000141335652
3131.70 0.000141402654
3131.80 0.000141469656
3131.90 0.000141536658
3132.00 0.000141603660
3132.10 0.000141670662
3132.20 0.000141737664
3132.30 0.000141804666
3132.40 0.000141871668
3132.50 0.000141938670
3132.60 0.000142005672
3132.70 0.000142072674
3132.80 0.000142139676
3132.90 0.000142206678
3133.00 0.000142273680
3133.10 0.000142340682
3133.20 0.000142407684
3133.30 0.000142474686
3133.40 0.000142541688
3133.50 0.000142608690
3133.60 0.000142675692
3133.70 0.000142742694
3133.80 0.000142809696
3133.90 0.000142876697
3134.00 0.000142943699
3134.10 0.000143010701
3134.20 0.000143077703
3134.30 0.000143144705
3134.40 0.000143211707
3134.50 0.000143278709
3134.60 0.000143345711
3134.70 0.000143412713
3134.80 0.000143479715
3134.90 0.000143546717
3135.00 0.000143613719
3135.10 0.000143680721
3135.20 0.000143747723
3135.30 0.000143814725
3135.40 0.000143881727
3135.50 0.000143948729
3135.60 0.000144015731
3135.70 0.000144082733
3135.80 0.000144149735
3135.90 0.000144216737
3136.00 0.000144283739
3136.10 0.000144350741
3136.20 0.000144417743
3136.30 0.000144484745
3136.40 0.000144551747
3136.50 0.000144618749
3136.60 0.000144685751
3136.70 0.000144752753
3136.80 0.000144819755
3136.90 0.000144886757
3137.00 0.000144953759
3137.10 0.000145020761
3137.20 0.000145087763
3137.30 0.000145154765
3137.40 0.000145221767
3137.50 0.000145288769
3137.60 0.000145355771
3137.70 0.000145422773
3137.80 0.000145489775
3137.90 0.000145556777
3138.00 0.000145623779
3138.10 0.000145690781
3138.20 0.000145757783
3138.30 0.000145824785
3138.40 0.000145891787
3138.50 0.000145958789
3138.60 0.000146025791
3138.70 0.000146092793
3138.80 0.000146159795
3138.90 0.000146226797
3139.00 0.000146293799
3139.10 0.000146360801
3139.20 0.000146427802
3139.30 0.000146494804
3139.40 0.000146561806
3139.50 0.000146628808
3139.60 0.000146695810
3139.70 0.000146762812
3139.80 0.000146829814
3139.90 0.000146896816
3140.00 0.000146963818
3140.10 0.000147209020
3140.20 0.000147492596
3140.30 0.000147776172
3140.40 0.000148059747
3140.50 0.000148343323
3140.60 0.000148626899
3140.70 0.000148910474
3140.80 0.000149194050
3140.90 0.000149477625
3141.00 0.000149761201
3141.10 0.000150044777
3141.20 0.000150328352
3141.30 0.000150611928
3141.40 0.000150895504
3141.50 0.000151179079
3141.60 0.000151462655
3141.70 0.000151746231
3141.80 0.000152029806
3141.90 0.000152313382
3142.00 0.000152596957
3142.10 0.000152880533
3142.20 0.000153164109
3142.30 0.000153447684
3142.40 0.000153731260
3142.50 0.000154014836
3142.60 0.000154298411
3142.70 0.000154581987
3142.80 0.000154865562
3142.90 0.000155149138
3143.00 0.000155432714
3143.10 0.000155716289
3143.20 0.000155999865
3143.30 0.000156283441
3143.40 0.000156567016
3143.50 0.000156850592
3143.60 0.000157134167
3143.70 0.000157417743
3143.80 0.000157701319
3143.90 0.000157984894
3144.00 0.000158268470
3144.10 0.000158552046
3144.20 0.000158835621
3144.30 0.000159119197
3144.40 0.000159402772
3144.50 0.000159686348
3144.60 0.000159969924
3144.70 0.000160253499
3144.80 0.000160537075
3144.90 0.000160820651
3145.00 0.000161104226
3145.10 0.000161387802
3145.20 0.000161671378
3145.30 0.000161954953
3145.40 0.000162238529
3145.50 0.000162522104
3145.60 0.000162805680
3145.70 0.000163089256
3145.80 0.000163372831
3145.90 0.000163656407
3146.00 0.000163939983
3146.10 0.000164223558
3146.20 0.000164507134
3146.30 0.000164790709
3146.40 0.000165074285
3146.50 0.000165357861
3146.60 0.000165641436
3146.70 0.000165925012
3146.80 0.000166208588
3146.90 0.000166492163
3147.00 0.000166775739
3147.10 0.000167059314
3147.20 0.000167342890
3147.30 0.000167626466
3147.40 0.000167910041
3147.50 0.000168193617
3147.60 0.000168477193
3147.70 0.000168760768
3147.80 0.000169044344
3147.90 0.000169327919
3148.00 0.000169611495
3148.10 0.000169895071
3148.20 0.000170178646
3148.30 0.000170462222
3148.40 0.000170745798
3148.50 0.000171029373
3148.60 0.000171312949
3148.70 0.000171596525
3148.80 0.000171880100
3148.90 0.000172163676
3149.00 0.000172447251
3149.10 0.000172730827
3149.20 0.000173014403
3149.30 0.000173297978
3149.40 0.000173581554
3149.50 0.000173865130
3149.60 0.000174148705
3149.70 0.000174432281
3149.80 0.000174715856
3149.90 0.000174999432
3150.00 0.000175234199
3150.10 0.000175135609
3150.20 0.000175037019
3150.30 0.000174938428
3150.40 0.000174839838
3150.50 0.000174741248
3150.60 0.000174642657
3150.70 0.000174544067
3150.80 0.000174445477
3150.90 0.000174346887
3151.00 0.000174248296
3151.10 0.000174149706
3151.20 0.000174051116
3151.30 0.000173952525
3151.40 0.000173853935
3151.50 0.000173755345
3151.60 0.000173656754
3151.70 0.000173558164
3151.80 0.000173459574
3151.90 0.000173360983
3152.00 0.000173262393
3152.10 0.000173163803
3152.20 0.000173065213
3152.30 0.000172966622
3152.40 0.000172868032
3152.50 0.000172769442
3152.60 0.000172670851
3152.70 0.000172572261
3152.80 0.000172473671
3152.90 0.000172375080
3153.00 0.000172276490
3153.10 0.000172177900
3153.20 0.000172079309
3153.30 0.000171980719
3153.40 0.000171882129
3153.50 0.000171783539
3153.60 0.000171684948
3153.70 0.000171586358
3153.80 0.000171487768
3153.90 0.000171389177
3154.00 0.000171290587
3154.10 0.000171191997
3154.20 0.000171093406
3154.30 0.000170994816
3154.40 0.000170896226
3154.50 0.000170797635
3154.60 0.000170699045
3154.70 0.000170600455
3154.80 0.000170501865
3154.90 0.000170403274
3155.00 0.000170304684
3155.10 0.000170206094
3155.20 0.000170107503
3155.30 0.000170008913
3155.40 0.000169910323
3155.50 0.000169811732
3155.60 0.000169713142
3155.70 0.000169614552
3155.80 0.000169515961
3155.90 0.000169417371
3156.00 0.000169318781
3156.10 0.000169220191
3156.20 0.000169121600
3156.30 0.000169023010
3156.40 0.000168924420
3156.50 0.000168825829
3156.60 0.000168727239
3156.70 0.000168628649
3156.80 0.000168530058
3156.90 0.000168431468
3157.00 0.000168332878
3157.10 0.000168234287
3157.20 0.000168135697
3157.30 0.000168037107
3157.40 0.000167938517
3157.50 0.000167839926
3157.60 0.000167741336
3157.70 0.000167642746
3157.80 0.000167544155
3157.90 0.000167445565
3158.00 0.000167346975
3158.10 0.000167248384
3158.20 0.000167149794
3158.30 0.000167051204
3158.40 0.000166952613
3158.50 0.000166854023
3158.60 0.000166755433
3158.70 0.000166656843
3158.80 0.000166558252
3158.90 0.000166459662
3159.00 0.000166361072
3159.10 0.000166262481
3159.20 0.000166163891
3159.30 0.000166065301
3159.40 0.000165966710
3159.50 0.000165868120
3159.60 0.000165769530
3159.70 0.000165670939
3159.80 0.000165572349
3159.90 0.000165473759
3160.00 0.000165385373
3160.10 0.000165657252
3160.20 0.000165929130
3160.30 0.000166201009
3160.40 0.000166472887
3160.50 0.000166744766
3160.60 0.000167016644
3160.70 0.000167288523
3160.80 0.000167560401
3160.90 0.000167832280
3161.00 0.000168104158
3161.10 0.000168376037
3161.20 0.000168647915
3161.30 0.000168919794
3161.40 0.000169191672
3161.50 0.000169463551
3161.60 0.000169735429
3161.70 0.000170007308
3161.80 0.000170279186
3161.90 0.000170551064
3162.00 0.000170822943
3162.10 0.000171094821
3162.20 0.000171366700
3162.30 0.000171638578
3162.40 0.000171910457
3162.50 0.000172182335
3162.60 0.000172454214
3162.70 0.000172726092
3162.80 0.000172997971
3162.90 0.000173269849
3163.00 0.000173541728
3163.10 0.000173813606
3163.20 0.000174085485
3163.30 0.000174357363
3163.40 0.000174629242
3163.50 0.000174901120
3163.60 0.000175172999
3163.70 0.000175444877
3163.80 0.000175716756
3163.90 0.000175988634
3164.00 0.000176260513
3164.10 0.000176532391
3164.20 0.000176804270
3164.30 0.000177076148
3164.40 0.000177348026
3164.50 0.000177619905
3164.60 0.000177891783
3164.70 0.000178163662
3164.80 0.000178435540
3164.90 0.000178707419
3165.00 0.000178979297
3165.10 0.000179251176
3165.20 0.000179523054
3165.30 0.000179794933
3165.40 0.000180066811
3165.50 0.000180338690
3165.60 0.000180610568
3165.70 0.000180882447
3165.80 0.000181154325
3165.90 0.000181426204
3166.00 0.000181698082
3166.10 0.000181969961
3166.20 0.000182241839
3166.30 0.000182513718
3166.40 0.000182785596
3166.50 0.000183057475
3166.60 0.000183329353
3166.70 0.000183601231
3166.80 0.000183873110
3166.90 0.000184144988
3167.00 0.000184416867
3167.10 0.000184688745
3167.20 0.000184960624
3167.30 0.000185232502
3167.40 0.000185504381
3167.50 0.000185776259
3167.60 0.000186048138
3167.70 0.000186320016
3167.80 0.000186591895
3167.90 0.000186863773
3168.00 0.000187135652
3168.10 0.000187407530
3168.20 0.000187679409
3168.30 0.000187951287
3168.40 0.000188223166
3168.50 0.000188495044
3168.60 0.000188766923
3168.70 0.000189038801
3168.80 0.000189310680
3168.90 0.000189582558
3169.00 0.000189854437
3169.10 0.000190126315
3169.20 0.000190398193
3169.30 0.000190670072
3169.40 0.000190941950
3169.50 0.000191213829
3169.60 0.000191485707
3169.70 0.000191757586
3169.80 0.000192029464
3169.90 0.000192301343
3170.00 0.000192473140
3170.10 0.000192224532
3170.20 0.000191975924
3170.30 0.000191727317
3170.40 0.000191478709
3170.50 0.000191230101
3170.60 0.000190981493
3170.70 0.000190732886
3170.80 0.000190484278
3170.90 0.000190235670
3171.00 0.000189987063
3171.10 0.000189738455
3171.20 0.000189489847
3171.30 0.000189241240
3171.40 0.000188992632
3171.50 0.000188744024
3171.60 0.000188495417
3171.70 0.000188246809
3171.80 0.000187998201
3171.90 0.000187749594
3172.00 0.000187500986
3172.10 0.000187252378
3172.20 0.000187003771
3172.30 0.000186755163
3172.40 0.000186506555
3172.50 0.000186257948
3172.60 0.000186009340
3172.70 0.000185760732
3172.80 0.000185512125
3172.90 0.000185263517
3173.00 0.000185014909
3173.10 0.000184766302
3173.20 0.000184517694
3173.30 0.000184269086
3173.40 0.000184020479
3173.50 0.000183771871
3173.60 0.000183523263
3173.70 0.000183274656
3173.80 0.000183026048
3173.90 0.000182777440
3174.00 0.000182528833
3174.10 0.000182280225
3174.20 0.000182031617
3174.30 0.000181783010
3174.40 0.000181534402
3174.50 0.000181285794
3174.60 0.000181037187
3174.70 0.000180788579
3174.80 0.000180539971
3174.90 0.000180291364
3175.00 0.000180042756
3175.10 0.000179794148
3175.20 0.000179545541
3175.30 0.000179296933
3175.40 0.000179048325
3175.50 0.000178799718
3175.60 0.000178551110
3175.70 0.000178302502
3175.80 0.000178053894
3175.90 0.000177805287
3176.00 0.000177556679
3176.10 0.000177308071
3176.20 0.000177059464
3176.30 0.000176810856
3176.40 0.000176562248
3176.50 0.000176313641
3176.60 0.000176065033
3176.70 0.000175816425
3176.80 0.000175567818
3176.90 0.000175319210
3177.00 0.000175070602
3177.10 0.000174821995
3177.20 0.000174573387
3177.30 0.000174324779
3177.40 0.000174076172
3177.50 0.000173827564
3177.60 0.000173578956
3177.70 0.000173330349
3177.80 0.000173081741
3177.90 0.000172833133
3178.00 0.000172584526
3178.10 0.000172335918
3178.20 0.000172087310
3178.30 0.000171838703
3178.40 0.000171590095
3178.50 0.000171341487
3178.60 0.000171092880
3178.70 0.000170844272
3178.80 0.000170595664
3178.90 0.000170347057
3179.00 0.000170098449
3179.10 0.000169849841
3179.20 0.000169601234
3179.30 0.000169352626
3179.40 0.000169104018
3179.50 0.000168855411
3179.60 0.000168606803
3179.70 0.000168358195
3179.80 0.000168109588
3179.90 0.000167860980
3180.00 0.000167612372
3180.10 0.000168504354
3180.20 0.000169445075
3180.30 0.000170385796
3180.40 0.000171326517
3180.50 0.000172267238
3180.60 0.000173207959
3180.70 0.000174148680
3180.80 0.000175089401
3180.90 0.000176030122
3181.00 0.000176970843
3181.10 0.000177911564
3181.20 0.000178852285
3181.30 0.000179793006
3181.40 0.000180733727
3181.50 0.000181674448
3181.60 0.000182615169
3181.70 0.000183555890
3181.80 0.000184496611
3181.90 0.000185437332
3182.00 0.000186378053
3182.10 0.000187318774
3182.20 0.000188259495
3182.30 0.000189200216
3182.40 0.000190140937
3182.50 0.000191081658
3182.60 0.000192022379
3182.70 0.000192963100
3182.80 0.000193903821
3182.90 0.000194844542
3183.00 0.000195785263
3183.10 0.000196725984
3183.20 0.000197666705
3183.30 0.000198607426
3183.40 0.000199548147
3183.50 0.000200488868
3183.60 0.000201429589
3183.70 0.000202370310
3183.80 0.000203311031
3183.90 0.000204251752
3184.00 0.000205192473
3184.10 0.000206133194
3184.20 0.000207073915
3184.30 0.000208014636
3184.40 0.000208955357
3184.50 0.000209896078
3184.60 0.000210836799
3184.70 0.000211777520
3184.80 0.000212718241
3184.90 0.000213658962
3185.00 0.000214599683
3185.10 0.000215540404
3185.20 0.000216481125
3185.30 0.000217421846
3185.40 0.000218362567
3185.50 0.000219303288
3185.60 0.000220244009
3185.70 0.000221184730
3185.80 0.000222125451
3185.90 0.000223066172
3186.00 0.000224006893
3186.10 0.000224947614
3186.20 0.000225888335
3186.30 0.000226829056
3186.40 0.000227769777
3186.50 0.000228710498
3186.60 0.000229651219
3186.70 0.000230591940
3186.80 0.000231532661
3186.90 0.000232473382
3187.00 0.000233414103
3187.10 0.000234354824
3187.20 0.000235295545
3187.30 0.000236236266
3187.40 0.000237176987
3187.50 0.000238117708
3187.60 0.000239058428
3187.70 0.000239999149
3187.80 0.000240939870
3187.90 0.000241880591
3188.00 0.000242821312
3188.10 0.000243762033
3188.20 0.000244702754
3188.30 0.000245643475
3188.40 0.000246584196
3188.50 0.000247524917
3188.60 0.000248465638
3188.70 0.000249406359
3188.80 0.000250347080
3188.90 0.000251287801
3189.00 0.000252228522
3189.10 0.000253169243
3189.20 0.000254109964
3189.30 0.000255050685
3189.40 0.000255991406
3189.50 0.000256932127
3189.60 0.000257872848
3189.70 0.000258813569
3189.80 0.000259754290
3189.90 0.000260695011
3190.00 0.000261635732
3190.10 0.000261907384
3190.20 0.000262175137
3190.30 0.000262442890
3190.40 0.000262710644
3190.50 0.000262978397
3190.60 0.000263246150
3190.70 0.000263513903
3190.80 0.000263781656
3190.90 0.000264049410
3191.00 0.000264317163
3191.10 0.000264584916
3191.20 0.000264852669
3191.30 0.000265120423
3191.40 0.000265388176
3191.50 0.000265655929
3191.60 0.000265923682
3191.70 0.000266191435
3191.80 0.000266459189
3191.90 0.000266726942
3192.00 0.000266994695
3192.10 0.000267262448
3192.20 0.000267530202
3192.30 0.000267797955
3192.40 0.000268065708
3192.50 0.000268333461
3192.60 0.000268601214
3192.70 0.000268868968
3192.80 0.000269136721
3192.90 0.000269404474
3193.00 0.000269672227
3193.10 0.000269939981
3193.20 0.000270207734
3193.30 0.000270475487
3193.40 0.000270743240
3193.50 0.000271010993
3193.60 0.000271278747
3193.70 0.000271546500
3193.80 0.000271814253
3193.90 0.000272082006
3194.00 0.000272349760
3194.10 0.000272617513
3194.20 0.000272885266
3194.30 0.000273153019
3194.40 0.000273420773
3194.50 0.000273688526
3194.60 0.000273956279
3194.70 0.000274224032
3194.80 0.000274491785
3194.90 0.000274759539
3195.00 0.000275027292
3195.10 0.000275295045
3195.20 0.000275562798
3195.30 0.000275830552
3195.40 0.000276098305
3195.50 0.000276366058
3195.60 0.000276633811
3195.70 0.000276901564
3195.80 0.000277169318
3195.90 0.000277437071
3196.00 0.000277704824
3196.10 0.000277972577
3196.20 0.000278240331
3196.30 0.000278508084
3196.40 0.000278775837
3196.50 0.000279043590
3196.60 0.000279311343
3196.70 0.000279579097
3196.80 0.000279846850
3196.90 0.000280114603
3197.00 0.000280382356
3197.10 0.000280650110
3197.20 0.000280917863
3197.30 0.000281185616
3197.40 0.000281453369
3197.50 0.000281721123
3197.60 0.000281988876
3197.70 0.000282256629
3197.80 0.000282524382
3197.90 0.000282792135
3198.00 0.000283059889
3198.10 0.000283327642
3198.20 0.000283595395
3198.30 0.000283863148
3198.40 0.000284130902
3198.50 0.000284398655
3198.60 0.000284666408
3198.70 0.000284934161
3198.80 0.000285201914
3198.90 0.000285469668
3199.00 0.000285737421
3199.10 0.000286005174
3199.20 0.000286272927
3199.30 0.000286540681
3199.40 0.000286808434
3199.50 0.000287076187
3199.60 0.000287343940
3199.70 0.000287611693
3199.80 0.000287879447
3199.90 0.000288147200
3200.00 0.000288209200
3200.10 0.000287786151
3200.20 0.000287363102
3200.30 0.000286940053
3200.40 0.000286517005
3200.50 0.000286093956
3200.60 0.000285670907
3200.70 0.000285247858
3200.80 0.000284824810
3200.90 0.000284401761
3201.00 0.000283978712
3201.10 0.000283555663
3201.20 0.000283132614
3201.30 0.000282709566
3201.40 0.000282286517
3201.50 0.000281863468
3201.60 0.000281440419
3201.70 0.000281017371
3201.80 0.000280594322
3201.90 0.000280171273
3202.00 0.000279748224
3202.10 0.000279325175
3202.20 0.000278902127
3202.30 0.000278479078
3202.40 0.000278056029
3202.50 0.000277632980
3202.60 0.000277209932
3202.70 0.000276786883
3202.80 0.000276363834
3202.90 0.000275940785
3203.00 0.000275517736
3203.10 0.000275094688
3203.20 0.000274671639
3203.30 0.000274248590
3203.40 0.000273825541
3203.50 0.000273402493
3203.60 0.000272979444
3203.70 0.000272556395
3203.80 0.000272133346
3203.90 0.000271710298
3204.00 0.000271287249
3204.10 0.000270864200
3204.20 0.000270441151
3204.30 0.000270018102
3204.40 0.000269595054
3204.50 0.000269172005
3204.60 0.000268748956
3204.70 0.000268325907
3204.80 0.000267902859
3204.90 0.000267479810
3205.00 0.000267056761
3205.10 0.000266633712
3205.20 0.000266210663
3205.30 0.000265787615
3205.40 0.000265364566
3205.50 0.000264941517
3205.60 0.000264518468
3205.70 0.000264095420
3205.80 0.000263672371
3205.90 0.000263249322
3206.00 0.000262826273
3206.10 0.000262403224
3206.20 0.000261980176
3206.30 0.000261557127
3206.40 0.000261134078
3206.50 0.000260711029
3206.60 0.000260287981
3206.70 0.000259864932
3206.80 0.000259441883
3206.90 0.000259018834
3207.00 0.000258595785
3207.10 0.000258172737
3207.20 0.000257749688
3207.30 0.000257326639
3207.40 0.000256903590
3207.50 0.000256480542
3207.60 0.000256057493
3207.70 0.000255634444
3207.80 0.000255211395
3207.90 0.000254788346
3208.00 0.000254365298
3208.10 0.000253942249
3208.20 0.000253519200
3208.30 0.000253096151
3208.40 0.000252673103
3208.50 0.000252250054
3208.60 0.000251827005
3208.70 0.000251403956
3208.80 0.000250980907
3208.90 0.000250557859
3209.00 0.000250134810
3209.10 0.000249711761
3209.20 0.000249288712
3209.30 0.000248865664
3209.40 0.000248442615
3209.50 0.000248019566
3209.60 0.000247596517
3209.70 0.000247173468
3209.80 0.000246750420
3209.90 0.000246327371
3210.00 0.000246231628
3210.10 0.000247349778
3210.20 0.000248467928
3210.30 0.000249586078
3210.40 0.000250704228
3210.50 0.000251822378
3210.60 0.000252940528
3210.70 0.000254058678
3210.80 0.000255176828
3210.90 0.000256294978
3211.00 0.000257413127
3211.10 0.000258531277
3211.20 0.000259649427
3211.30 0.000260767577
3211.40 0.000261885727
3211.50 0.000263003877
3211.60 0.000264122027
3211.70 0.000265240177
3211.80 0.000266358327
3211.90 0.000267476476
3212.00 0.000268594626
3212.10 0.000269712776
3212.20 0.000270830926
3212.30 0.000271949076
3212.40 0.000273067226
3212.50 0.000274185376
3212.60 0.000275303526
3212.70 0.000276421676
3212.80 0.000277539825
3212.90 0.000278657975
3213.00 0.000279776125
3213.10 0.000280894275
3213.20 0.000282012425
3213.30 0.000283130575
3213.40 0.000284248725
3213.50 0.000285366875
3213.60 0.000286485025
3213.70 0.000287603175
3213.80 0.000288721324
3213.90 0.000289839474
3214.00 0.000290957624
3214.10 0.000292075774
3214.20 0.000293193924
3214.30 0.000294312074
3214.40 0.000295430224
3214.50 0.000296548374
3214.60 0.000297666524
3214.70 0.000298784673
3214.80 0.000299902823
3214.90 0.000301020973
3215.00 0.000302139123
3215.10 0.000303257273
3215.20 0.000304375423
3215.30 0.000305493573
3215.40 0.000306611723
3215.50 0.000307729873
3215.60 0.000308848022
3215.70 0.000309966172
3215.80 0.000311084322
3215.90 0.000312202472
3216.00 0.000313320622
3216.10 0.000314438772
3216.20 0.000315556922
3216.30 0.000316675072
3216.40 0.000317793222
3216.50 0.000318911372
3216.60 0.000320029521
3216.70 0.000321147671
3216.80 0.000322265821
3216.90 0.000323383971
3217.00 0.000324502121
3217.10 0.000325620271
3217.20 0.000326738421
3217.30 0.000327856571
3217.40 0.000328974721
3217.50 0.000330092870
3217.60 0.000331211020
3217.70 0.000332329170
3217.80 0.000333447320
3217.90 0.000334565470
3218.00 0.000335683620
3218.10 0.000336801770
3218.20 0.000337919920
3218.30 0.000339038070
3218.40 0.000340156219
3218.50 0.000341274369
3218.60 0.000342392519
3218.70 0.000343510669
3218.80 0.000344628819
3218.90 0.000345746969
3219.00 0.000346865119
3219.10 0.000347983269
3219.20 0.000349101419
3219.30 0.000350219568
3219.40 0.000351337718
3219.50 0.000352455868
3219.60 0.000353574018
3219.70 0.000354692168
3219.80 0.000355810318
3219.90 0.000356928468
3220.00 0.000358046618
3220.10 0.000359111858
3220.20 0.000360158811
3220.30 0.000361205764
3220.40 0.000362252717
3220.50 0.000363299670
3220.60 0.000364346623
3220.70 0.000365393576
3220.80 0.000366440529
3220.90 0.000367487483
3221.00 0.000368534436
3221.10 0.000369581389
3221.20 0.000370628342
3221.30 0.000371675295
3221.40 0.000372722248
3221.50 0.000373769201
3221.60 0.000374816154
3221.70 0.000375863107
3221.80 0.000376910060
3221.90 0.000377957014
3222.00 0.000379003967
3222.10 0.000380050920
3222.20 0.000381097873
3222.30 0.000382144826
3222.40 0.000383191779
3222.50 0.000384238732
3222.60 0.000385285685
3222.70 0.000386332638
3222.80 0.000387379591
3222.90 0.000388426545
3223.00 0.000389473498
3223.10 0.000390520451
3223.20 0.000391567404
3223.30 0.000392614357
3223.40 0.000393661310
3223.50 0.000394708263
3223.60 0.000395755216
3223.70 0.000396802169
3223.80 0.000397849122
3223.90 0.000398896075
3224.00 0.000399943029
3224.10 0.000400989982
3224.20 0.000402036935
3224.30 0.000403083888
3224.40 0.000404130841
3224.50 0.000405177794
3224.60 0.000406224747
3224.70 0.000407271700
3224.80 0.000408318653
3224.90 0.000409365606
3225.00 0.000410412560
3225.10 0.000411459513
3225.20 0.000412506466
3225.30 0.000413553419
3225.40 0.000414600372
3225.50 0.000415647325
3225.60 0.000416694278
3225.70 0.000417741231
3225.80 0.000418788184
3225.90 0.000419835137
3226.00 0.000420882090
3226.10 0.000421929044
3226.20 0.000422975997
3226.30 0.000424022950
3226.40 0.000425069903
3226.50 0.000426116856
3226.60 0.000427163809
3226.70 0.000428210762
3226.80 0.000429257715
3226.90 0.000430304668
3227.00 0.000431351621
3227.10 0.000432398575
3227.20 0.000433445528
3227.30 0.000434492481
3227.40 0.000435539434
3227.50 0.000436586387
3227.60 0.000437633340
3227.70 0.000438680293
3227.80 0.000439727246
3227.90 0.000440774199
3228.00 0.000441821152
3228.10 0.000442868106
3228.20 0.000443915059
3228.30 0.000444962012
3228.40 0.000446008965
3228.50 0.000447055918
3228.60 0.000448102871
3228.70 0.000449149824
3228.80 0.000450196777
3228.90 0.000451243730
3229.00 0.000452290683
3229.10 0.000453337636
3229.20 0.000454384590
3229.30 0.000455431543
3229.40 0.000456478496
3229.50 0.000457525449
3229.60 0.000458572402
3229.70 0.000459619355
3229.80 0.000460666308
3229.90 0.000461713261
3230.00 0.000463326212
3230.10 0.000467154443
3230.20 0.000470982674
3230.30 0.000474810905
3230.40 0.000478639135
3230.50 0.000482467366
3230.60 0.000496793837
3230.70 0.000511421512
3230.80 0.000526049188
3230.90 0.000540676863
3231.00 0.000555304538
3231.10 0.000539696796
3231.20 0.000513546759
3231.30 0.000487396723
3231.40 0.000461246686
3231.50 0.000442642669
3231.60 0.000462149354
3231.70 0.000481656039
3231.80 0.000501162724
3231.90 0.000520669410
3232.00 0.000540176095
3232.10 0.000542829389
3232.20 0.000544331278
3232.30 0.000545833167
3232.40 0.000547335056
3232.50 0.000548836946
3232.60 0.000568697090
3232.70 0.000596144241
3232.80 0.000623591392
3232.90 0.000651038543
3233.00 0.000671826153
3233.10 0.000649306793
3233.20 0.000626787433
3233.30 0.000604268073
3233.40 0.000581748713
3233.50 0.000559229354
3233.60 0.000553717360
3233.70 0.000549965386
3233.80 0.000546213412
3233.90 0.000542461438
3234.00 0.000538709464
3234.10 0.000543341847
3234.20 0.000551921408
3234.30 0.000560500968
3234.40 0.000569080528
3234.50 0.000576818480
3234.60 0.000577569939
3234.70 0.000578321398
3234.80 0.000579072857
3234.90 0.000579824316
3235.00 0.000580575775
3235.10 0.000587482564
3235.20 0.000595207979
3235.30 0.000602933395
3235.40 0.000610658810
3235.50 0.000613989226
3235.60 0.000607603328
3235.70 0.000601217430
3235.80 0.000594831531
3235.90 0.000588445633
3236.00 0.000585033774
3236.10 0.000612455094
3236.20 0.000639876414
3236.30 0.000667297734
3236.40 0.000694719054
3236.50 0.000722140374
3236.60 0.000706517702
3236.70 0.000684191125
3236.80 0.000661864547
3236.90 0.000639537969
3237.00 0.000629602313
3237.10 0.000649140712
3237.20 0.000668679111
3237.30 0.000688217509
3237.40 0.000707755908
3237.50 0.000725695312
3237.60 0.000723816183
3237.70 0.000721937054
3237.80 0.000720057925
3237.90 0.000718178796
3238.00 0.000716299667
3238.10 0.000724095548
3238.20 0.000733544191
3238.30 0.000742992835
3238.40 0.000752441478
3238.50 0.000764138319
3238.60 0.000781427969
3238.70 0.000798717619
3238.80 0.000816007269
3238.90 0.000833296919
3239.00 0.000849316695
3239.10 0.000847814062
3239.20 0.000846311428
3239.30 0.000844808794
3239.40 0.000843306160
3239.50 0.000841803526
3239.60 0.000856607620
3239.70 0.000874307924
3239.80 0.000892008228
3239.90 0.000909708531
3240.00 0.000927807007
3240.10 0.000946910803
3240.20 0.000966014600
3240.30 0.000985118396
3240.40 0.001004222192
3240.50 0.001022026375
3240.60 0.001021651099
3240.70 0.001021275824
3240.80 0.001020900549
3240.90 0.001020525273
3241.00 0.001020149998
3241.10 0.001049708695
3241.20 0.001084529592
3241.30 0.001119350488
3241.40 0.001154171384
3241.50 0.001181915960
3241.60 0.001192072711
3241.70 0.001202229463
3241.80 0.001212386214
3241.90 0.001222542966
3242.00 0.001232591406
3242.10 0.001241245743
3242.20 0.001249900080
3242.30 0.001258554417
3242.40 0.001267208753
3242.50 0.001275863090
3242.60 0.001283363843
3242.70 0.001290673721
3242.80 0.001297983598
3242.90 0.001305293476
3243.00 0.001317575431
3243.10 0.001341663497
3243.20 0.001365751563
3243.30 0.001389839629
3243.40 0.001413927695
3243.50 0.001440063572
3243.60 0.001488620098
3243.70 0.001537176624
3243.80 0.001585733149
3243.90 0.001634289675
3244.00 0.001682846201
3244.10 0.001702574925
3244.20 0.001718064294
3244.30 0.001733553663
3244.40 0.001749043033
3244.50 0.001837942463
3244.60 0.002088717099
3244.70 0.002339491736
3244.80 0.002590266373
3244.90 0.002841041010
3245.00 0.004071938736
3245.10 0.013977095205
3245.20 0.023882251674
3245.30 0.033787408144
3245.40 0.043692564613
3245.50 0.053597721082
3245.60 0.071225950546
3245.70 0.089791288290
3245.80 0.108356626034
3245.90 0.126921963778
3246.00 0.145487301522
3246.10 0.164472635295
3246.20 0.183653068171
3246.30 0.202833501046
3246.40 0.222013933921
3246.50 0.241002720594
3246.60 0.258657046979
3246.70 0.276311373364
3246.80 0.293965699749
3246.90 0.311620026134
3247.00 0.329274352519
3247.10 0.351393932223
3247.20 0.373912289626
3247.30 0.396430647030
3247.40 0.418949004433
3247.50 0.441467361837
3247.60 0.464937630137
3247.70 0.488794435625
3247.80 0.512651241114
3247.90 0.536508046603
3248.00 0.558875461126
3248.10 0.573176575642
3248.20 0.587477690158
3248.30 0.601778804674
3248.40 0.616079919189
3248.50 0.630381033705
3248.60 0.652084728660
3248.70 0.674174203676
3248.80 0.696263678693
3248.90 0.718353153709
3249.00 0.740442628725
3249.10 0.761393816042
3249.20 0.781957075006
3249.30 0.802520333971
3249.40 0.823083592935
3249.50 0.842896631269
3249.60 0.859560175737
3249.70 0.876223720205
3249.80 0.892887264672
3249.90 0.909550809140
3250.00 0.926214353608
3250.10 0.940331296775
3250.20 0.954420299801
3250.30 0.968509302826
3250.40 0.982598305852
3250.50 0.996687308877
3250.60 0.999756709257
3250.70 0.999837806171
3250.80 0.999918903086
3250.90 1.000000000000
3251.00 0.998726315055
3251.10 0.993045342404
3251.20 0.987364369754
3251.30 0.981683397103
3251.40 0.976002424453
3251.50 0.969900834398
3251.60 0.951869194430
3251.70 0.933837554463
3251.80 0.915805914495
3251.90 0.897774274527
3252.00 0.879742634560
3252.10 0.859688899898
3252.20 0.839231945310
3252.30 0.818774990721
3252.40 0.798318036132
3252.50 0.778211948290
3252.60 0.758990042685
3252.70 0.739768137080
3252.80 0.720546231475
3252.90 0.701324325870
3253.00 0.681932864694
3253.10 0.660720712999
3253.20 0.639508561305
3253.30 0.618296409610
3253.40 0.597084257915
3253.50 0.575872106220
3253.60 0.553687701098
3253.70 0.531379495227
3253.80 0.509071289356
3253.90 0.486763083485
3254.00 0.464454877614
3254.10 0.441236694169
3254.20 0.417609025537
3254.30 0.393981356906
3254.40 0.370353688274
3254.50 0.347066219372
3254.60 0.325824936121
3254.70 0.304583652871
3254.80 0.283342369620
3254.90 0.262101086369
3255.00 0.240859803119
3255.10 0.218593206602
3255.20 0.196268747227
3255.30 0.173944287851
3255.40 0.151619828476
3255.50 0.129295369101
3255.60 0.109412327616
3255.70 0.090337218623
3255.80 0.071262109629
3255.90 0.052187000636
3256.00 0.035673425618
3256.10 0.029023767008
3256.20 0.022374108399
3256.30 0.015724449790
3256.40 0.009074791181
3256.50 0.002505107786
3256.60 0.002336234314
3256.70 0.002167360841
3256.80 0.001998487369
3256.90 0.001829613896
3257.00 0.001660740424
3257.10 0.001602980519
3257.20 0.001569730146
3257.30 0.001536479772
3257.40 0.001503229398
3257.50 0.001473106823
3257.60 0.001451190116
3257.70 0.001429273410
3257.80 0.001407356703
3257.90 0.001385439997
3258.00 0.001363523022
3258.10 0.001341603134
3258.20 0.001319683246
3258.30 0.001297763358
3258.40 0.001275843470
3258.50 0.001253923582
3258.60 0.001234702421
3258.70 0.001215803148
3258.80 0.001196903875
3258.90 0.001178004601
3259.00 0.001159105328
3259.10 0.001155017327
3259.20 0.001157177786
3259.30 0.001159338244
3259.40 0.001161498703
3259.50 0.001165802475
3259.60 0.001181148881
3259.70 0.001196495287
3259.80 0.001211841693
3259.90 0.001227188099
3260.00 0.001242534505
3260.10 0.001204422578
3260.20 0.001164873466
3260.30 0.001125324353
3260.40 0.001085775240
3260.50 0.001046226128
3260.60 0.001024509455
3260.70 0.001007652326
3260.80 0.000990795197
3260.90 0.000973938068
3261.00 0.000957040498
3261.10 0.000940019631
3261.20 0.000922998764
3261.30 0.000905977896
3261.40 0.000888957029
3261.50 0.000872118896
3261.60 0.000858121879
3261.70 0.000844124862
3261.80 0.000830127845
3261.90 0.000816130828
3262.00 0.000802133811
3262.10 0.000792767286
3262.20 0.000784064528
3262.30 0.000775361771
3262.40 0.000766659013
3262.50 0.000757956255
3262.60 0.000756448372
3262.70 0.000758179426
3262.80 0.000759910481
3262.90 0.000761641536
3263.00 0.000762411045
3263.10 0.000757868578
3263.20 0.000753326110
3263.30 0.000748783643
3263.40 0.000744241175
3263.50 0.000739698708
3263.60 0.000731120871
3263.70 0.000722416647
3263.80 0.000713712422
3263.90 0.000705008197
3264.00 0.000696303972
3264.10 0.000690022660
3264.20 0.000684398102
3264.30 0.000678773544
3264.40 0.000673148986
3264.50 0.000672993024
3264.60 0.000689040154
3264.70 0.000705087283
3264.80 0.000721134413
3264.90 0.000737181543
3265.00 0.000751007693
3265.10 0.000735713924
3265.20 0.000720420155
3265.30 0.000705126386
3265.40 0.000689832617
3265.50 0.000674538848
3265.60 0.000664768045
3265.70 0.000655678840
3265.80 0.000646589634
3265.90 0.000637500428
3266.00 0.000628411223
3266.10 0.000628851643
3266.20 0.000633181047
3266.30 0.000637510451
3266.40 0.000641839855
3266.50 0.000644113726
3266.60 0.000636916413
3266.70 0.000629719101
3266.80 0.000622521788
3266.90 0.000615324475
3267.00 0.000608127162
3267.10 0.000606611467
3267.20 0.000605097052
3267.30 0.000603582637
3267.40 0.000602068222
3267.50 0.000600553807
3267.60 0.000594231537
3267.70 0.000586867974
3267.80 0.000579504410
3267.90 0.000572140847
3268.00 0.000564935383
3268.10 0.000558113222
3268.20 0.000551291061
3268.30 0.000544468900
3268.40 0.000537646738
3268.50 0.000531832609
3268.60 0.000533728051
3268.70 0.000535623492
3268.80 0.000537518934
3268.90 0.000539414375
3269.00 0.000541309816
3269.10 0.000539641574
3269.20 0.000537745857
3269.30 0.000535850139
3269.40 0.000533954422
3269.50 0.000532058704
3269.60 0.000538246001
3269.70 0.000546914673
3269.80 0.000555583345
3269.90 0.000564252017
3270.00 0.000570561752
3270.10 0.000569307137
3270.20 0.000568052521
3270.30 0.000566797906
3270.40 0.000565543291
3270.50 0.000564288675
3270.60 0.000563034060
3270.70 0.000561779445
3270.80 0.000560524829
3270.90 0.000559270214
3271.00 0.000558015598
3271.10 0.000556760983
3271.20 0.000555506368
3271.30 0.000554251752
3271.40 0.000552997137
3271.50 0.000551742522
3271.60 0.000550487906
3271.70 0.000549233291
3271.80 0.000547978675
3271.90 0.000546724060
3272.00 0.000545469445
3272.10 0.000544214829
3272.20 0.000542960214
3272.30 0.000541705599
3272.40 0.000540450983
3272.50 0.000539196368
3272.60 0.000537941752
3272.70 0.000536687137
3272.80 0.000535432522
3272.90 0.000534177906
3273.00 0.000532923291
3273.10 0.000531668676
3273.20 0.000530414060
3273.30 0.000529159445
3273.40 0.000527904829
3273.50 0.000526650214
3273.60 0.000525395599
3273.70 0.000524140983
3273.80 0.000522886368
3273.90 0.000521631753
3274.00 0.000520377137
3274.10 0.000519122522
3274.20 0.000517867907
3274.30 0.000516613291
3274.40 0.000515358676
3274.50 0.000514104060
3274.60 0.000512849445
3274.70 0.000511594830
3274.80 0.000510340214
3274.90 0.000509085599
3275.00 0.000507830984
3275.10 0.000506223090
3275.20 0.000504542097
3275.30 0.000502861104
3275.40 0.000501180111
3275.50 0.000499499118
3275.60 0.000497818125
3275.70 0.000496137132
3275.80 0.000494456139
3275.90 0.000492775146
3276.00 0.000491094153
3276.10 0.000489413160
3276.20 0.000487732166
3276.30 0.000486051173
3276.40 0.000484370180
3276.50 0.000482689187
3276.60 0.000481008194
3276.70 0.000479327201
3276.80 0.000477646208
3276.90 0.000475965215
3277.00 0.000474284222
3277.10 0.000472603229
3277.20 0.000470922236
3277.30 0.000469241243
3277.40 0.000467560250
3277.50 0.000465879257
3277.60 0.000464198264
3277.70 0.000462517271
3277.80 0.000460836278
3277.90 0.000459155285
3278.00 0.000457474292
3278.10 0.000455793299
3278.20 0.000454112306
3278.30 0.000452431313
3278.40 0.000450750320
3278.50 0.000449069327
3278.60 0.000447388334
3278.70 0.000445707341
3278.80 0.000444026348
3278.90 0.000442345355
3279.00 0.000440664362
3279.10 0.000438983369
3279.20 0.000437302376
3279.30 0.000435621383
3279.40 0.000433940390
3279.50 0.000432259397
3279.60 0.000430578404
3279.70 0.000428897411
3279.80 0.000427216418
3279.90 0.000425535425
3280.00 0.000423874032
3280.10 0.000422337234
3280.20 0.000420800436
3280.30 0.000419263638
3280.40 0.000417726840
3280.50 0.000416190042
3280.60 0.000414653244
3280.70 0.000413116446
3280.80 0.000411579647
3280.90 0.000410042849
3281.00 0.000408506051
3281.10 0.000406969253
3281.20 0.000405432455
3281.30 0.000403895657
3281.40 0.000402358859
3281.50 0.000400822061
3281.60 0.000399285263
3281.70 0.000397748465
3281.80 0.000396211667
3281.90 0.000394674869
3282.00 0.000393138071
3282.10 0.000391601273
3282.20 0.000390064475
3282.30 0.000388527676
3282.40 0.000386990878
3282.50 0.000385454080
3282.60 0.000383917282
3282.70 0.000382380484
3282.80 0.000380843686
3282.90 0.000379306888
3283.00 0.000377770090
3283.10 0.000376233292
3283.20 0.000374696494
3283.30 0.000373159696
3283.40 0.000371622898
3283.50 0.000370086100
3283.60 0.000368549302
3283.70 0.000367012503
3283.80 0.000365475705
3283.90 0.000363938907
3284.00 0.000362402109
3284.10 0.000360865311
3284.20 0.000359328513
3284.30 0.000357791715
3284.40 0.000356254917
3284.50 0.000354718119
3284.60 0.000353181321
3284.70 0.000351644523
3284.80 0.000350107725
3284.90 0.000348570927
3285.00 0.000347034129
3285.10 0.000345875950
3285.20 0.000344774791
3285.30 0.000343673631
3285.40 0.000342572472
3285.50 0.000341471312
3285.60 0.000340370153
3285.70 0.000339268994
3285.80 0.000338167834
3285.90 0.000337066675
3286.00 0.000335965515
3286.10 0.000334864356
3286.20 0.000333763197
3286.30 0.000332662037
3286.40 0.000331560878
3286.50 0.000330459718
3286.60 0.000329358559
3286.70 0.000328257400
3286.80 0.000327156240
3286.90 0.000326055081
3287.00 0.000324953921
3287.10 0.000323852762
3287.20 0.000322751603
3287.30 0.000321650443
3287.40 0.000320549284
3287.50 0.000319448124
3287.60 0.000318346965
3287.70 0.000317245806
3287.80 0.000316144646
3287.90 0.000315043487
3288.00 0.000313942327
3288.10 0.000312841168
3288.20 0.000311740009
3288.30 0.000310638849
3288.40 0.000309537690
3288.50 0.000308436530
3288.60 0.000307335371
3288.70 0.000306234212
3288.80 0.000305133052
3288.90 0.000304031893
3289.00 0.000302930734
3289.10 0.000301829574
3289.20 0.000300728415
3289.30 0.000299627255
3289.40 0.000298526096
3289.50 0.000297424937
3289.60 0.000296323777
3289.70 0.000295222618
3289.80 0.000294121458
3289.90 0.000293020299
3290.00 0.000292164905
3290.10 0.000291839018
3290.20 0.000291513132
3290.30 0.000291187246
3290.40 0.000290861360
3290.50 0.000290535473
3290.60 0.000290209587
3290.70 0.000289883701
3290.80 0.000289557815
3290.90 0.000289231928
3291.00 0.000288906042
3291.10 0.000288580156
3291.20 0.000288254270
3291.30 0.000287928383
3291.40 0.000287602497
3291.50 0.000287276611
3291.60 0.000286950725
3291.70 0.000286624838
3291.80 0.000286298952
3291.90 0.000285973066
3292.00 0.000285647180
3292.10 0.000285321293
3292.20 0.000284995407
3292.30 0.000284669521
3292.40 0.000284343635
3292.50 0.000284017749
3292.60 0.000283691862
3292.70 0.000283365976
3292.80 0.000283040090
3292.90 0.000282714204
3293.00 0.000282388317
3293.10 0.000282062431
3293.20 0.000281736545
3293.30 0.000281410659
3293.40 0.000281084772
3293.50 0.000280758886
3293.60 0.000280433000
3293.70 0.000280107114
3293.80 0.000279781227
3293.90 0.000279455341
3294.00 0.000279129455
3294.10 0.000278803569
3294.20 0.000278477682
3294.30 0.000278151796
3294.40 0.000277825910
3294.50 0.000277500024
3294.60 0.000277174137
3294.70 0.000276848251
3294.80 0.000276522365
3294.90 0.000276196479
3295.00 0.000275896023
3295.10 0.000275702221
3295.20 0.000275508420
3295.30 0.000275314618
3295.40 0.000275120816
3295.50 0.000274927015
3295.60 0.000274733213
3295.70 0.000274539411
3295.80 0.000274345609
3295.90 0.000274151808
3296.00 0.000273958006
3296.10 0.000273764204
3296.20 0.000273570403
3296.30 0.000273376601
3296.40 0.000273182799
3296.50 0.000272988998
3296.60 0.000272795196
3296.70 0.000272601394
3296.80 0.000272407592
3296.90 0.000272213791
3297.00 0.000272019989
3297.10 0.000271826187
3297.20 0.000271632386
3297.30 0.000271438584
3297.40 0.000271244782
3297.50 0.000271050980
3297.60 0.000270857179
3297.70 0.000270663377
3297.80 0.000270469575
3297.90 0.000270275774
3298.00 0.000270081972
3298.10 0.000269888170
3298.20 0.000269694368
3298.30 0.000269500567
3298.40 0.000269306765
3298.50 0.000269112963
3298.60 0.000268919162
3298.70 0.000268725360
3298.80 0.000268531558
3298.90 0.000268337756
3299.00 0.000268143955
3299.10 0.000267950153
3299.20 0.000267756351
3299.30 0.000267562550
3299.40 0.000267368748
3299.50 0.000267174946
3299.60 0.000266981144
3299.70 0.000266787343
3299.80 0.000266593541
3299.90 0.000266399739
3300.00 0.000266188349
3300.10 0.000265868641
3300.20 0.000265548934
3300.30 0.000265229226
3300.40 0.000264909518
3300.50 0.000264589810
3300.60 0.000264270102
3300.70 0.000263950394
3300.80 0.000263630686
3300.90 0.000263310978
3301.00 0.000262991270
3301.10 0.000262671563
3301.20 0.000262351855
3301.30 0.000262032147
3301.40 0.000261712439
3301.50 0.000261392731
3301.60 0.000261073023
3301.70 0.000260753315
3301.80 0.000260433607
3301.90 0.000260113899
3302.00 0.000259794192
3302.10 0.000259474484
3302.20 0.000259154776
3302.30 0.000258835068
3302.40 0.000258515360
3302.50 0.000258195652
3302.60 0.000257875944
3302.70 0.000257556236
3302.80 0.000257236528
3302.90 0.000256916820
3303.00 0.000256597113
3303.10 0.000256277405
3303.20 0.000255957697
3303.30 0.000255637989
3303.40 0.000255318281
3303.50 0.000254998573
3303.60 0.000254678865
3303.70 0.000254359157
3303.80 0.000254039449
3303.90 0.000253719742
3304.00 0.000253400034
3304.10 0.000253080326
3304.20 0.000252760618
3304.30 0.000252440910
3304.40 0.000252121202
3304.50 0.000251801494
3304.60 0.000251481786
3304.70 0.000251162078
3304.80 0.000250842370
3304.90 0.000250522663
3305.00 0.000250205541
3305.10 0.000249902151
3305.20 0.000249598760
3305.30 0.000249295370
3305.40 0.000248991980
3305.50 0.000248688589
3305.60 0.000248385199
3305.70 0.000248081809
3305.80 0.000247778418
3305.90 0.000247475028
3306.00 0.000247171638
3306.10 0.000246868247
3306.20 0.000246564857
3306.30 0.000246261467
3306.40 0.000245958077
3306.50 0.000245654686
3306.60 0.000245351296
3306.70 0.000245047906
3306.80 0.000244744515
3306.90 0.000244441125
3307.00 0.000244137735
3307.10 0.000243834344
3307.20 0.000243530954
3307.30 0.000243227564
3307.40 0.000242924173
3307.50 0.000242620783
3307.60 0.000242317393
3307.70 0.000242014003
3307.80 0.000241710612
3307.90 0.000241407222
3308.00 0.000241103832
3308.10 0.000240800441
3308.20 0.000240497051
3308.30 0.000240193661
3308.40 0.000239890270
3308.50 0.000239586880
3308.60 0.000239283490
3308.70 0.000238980100
3308.80 0.000238676709
3308.90 0.000238373319
3309.00 0.000238069929
3309.10 0.000237766538
3309.20 0.000237463148
3309.30 0.000237159758
3309.40 0.000236856367
3309.50 0.000236552977
3309.60 0.000236249587
3309.70 0.000235946196
3309.80 0.000235642806
3309.90 0.000235339416
3310.00 0.000235097156
3310.10 0.000235039360
3310.20 0.000234981564
3310.30 0.000234923769
3310.40 0.000234865973
3310.50 0.000234808177
3310.60 0.000234750381
3310.70 0.000234692585
3310.80 0.000234634789
3310.90 0.000234576994
3311.00 0.000234519198
3311.10 0.000234461402
3311.20 0.000234403606
3311.30 0.000234345810
3311.40 0.000234288015
3311.50 0.000234230219
3311.60 0.000234172423
3311.70 0.000234114627
3311.80 0.000234056831
3311.90 0.000233999035
3312.00 0.000233941240
3312.10 0.000233883444
3312.20 0.000233825648
3312.30 0.000233767852
3312.40 0.000233710056
3312.50 0.000233652261
3312.60 0.000233594465
3312.70 0.000233536669
3312.80 0.000233478873
3312.90 0.000233421077
3313.00 0.000233363281
3313.10 0.000233305486
3313.20 0.000233247690
3313.30 0.000233189894
3313.40 0.000233132098
3313.50 0.000233074302
3313.60 0.000233016507
3313.70 0.000232958711
3313.80 0.000232900915
3313.90 0.000232843119
3314.00 0.000232785323
3314.10 0.000232727527
3314.20 0.000232669732
3314.30 0.000232611936
3314.40 0.000232554140
3314.50 0.000232496344
3314.60 0.000232438548
3314.70 0.000232380753
3314.80 0.000232322957
3314.90 0.000232265161
3315.00 0.000232207365
3315.10 0.000231844887
3315.20 0.000231392669
3315.30 0.000230940452
3315.40 0.000230488234
3315.50 0.000230036017
3315.60 0.000229583800
3315.70 0.000229131582
3315.80 0.000228679365
3315.90 0.000228227147
3316.00 0.000227774930
3316.10 0.000227322713
3316.20 0.000226870495
3316.30 0.000226418278
3316.40 0.000225966060
3316.50 0.000225513843
3316.60 0.000225061625
3316.70 0.000224609408
3316.80 0.000224157191
3316.90 0.000223704973
3317.00 0.000223252756
3317.10 0.000222800538
3317.20 0.000222348321
3317.30 0.000221896104
3317.40 0.000221443886
3317.50 0.000220991669
3317.60 0.000220539451
3317.70 0.000220087234
3317.80 0.000219635017
3317.90 0.000219182799
3318.00 0.000218730582
3318.10 0.000218278364
3318.20 0.000217826147
3318.30 0.000217373929
3318.40 0.000216921712
3318.50 0.000216469495
3318.60 0.000216017277
3318.70 0.000215565060
3318.80 0.000215112842
3318.90 0.000214660625
3319.00 0.000214208408
3319.10 0.000213756190
3319.20 0.000213303973
3319.30 0.000212851755
3319.40 0.000212399538
3319.50 0.000211947320
3319.60 0.000211495103
3319.70 0.000211042886
3319.80 0.000210590668
3319.90 0.000210138451
3320.00 0.000209691803
3320.10 0.000210025946
3320.20 0.000210360089
3320.30 0.000210694231
3320.40 0.000211028374
3320.50 0.000211362517
3320.60 0.000211696660
3320.70 0.000212030802
3320.80 0.000212364945
3320.90 0.000212699088
3321.00 0.000213033230
3321.10 0.000213367373
3321.20 0.000213701516
3321.30 0.000214035658
3321.40 0.000214369801
3321.50 0.000214703944
3321.60 0.000215038087
3321.70 0.000215372229
3321.80 0.000215706372
3321.90 0.000216040515
3322.00 0.000216374657
3322.10 0.000216708800
3322.20 0.000217042943
3322.30 0.000217377086
3322.40 0.000217711228
3322.50 0.000218045371
3322.60 0.000218379514
3322.70 0.000218713656
3322.80 0.000219047799
3322.90 0.000219381942
3323.00 0.000219716084
3323.10 0.000220050227
3323.20 0.000220384370
3323.30 0.000220718513
3323.40 0.000221052655
3323.50 0.000221386798
3323.60 0.000221720941
3323.70 0.000222055083
3323.80 0.000222389226
3323.90 0.000222723369
3324.00 0.000223057511
3324.10 0.000223391654
3324.20 0.000223725797
3324.30 0.000224059940
3324.40 0.000224394082
3324.50 0.000224728225
3324.60 0.000225062368
3324.70 0.000225396510
3324.80 0.000225730653
3324.90 0.000226064796
3325.00 0.000226172641
3325.10 0.000225784521
3325.20 0.000225396402
3325.30 0.000225008283
3325.40 0.000224620163
3325.50 0.000224232044
3325.60 0.000223843925
3325.70 0.000223455805
3325.80 0.000223067686
3325.90 0.000222679567
3326.00 0.000222291447
3326.10 0.000221903328
3326.20 0.000221515209
3326.30 0.000221127090
3326.40 0.000220738970
3326.50 0.000220350851
3326.60 0.000219962732
3326.70 0.000219574612
3326.80 0.000219186493
3326.90 0.000218798374
3327.00 0.000218410254
3327.10 0.000218022135
3327.20 0.000217634016
3327.30 0.000217245896
3327.40 0.000216857777
3327.50 0.000216469658
3327.60 0.000216081539
3327.70 0.000215693419
3327.80 0.000215305300
3327.90 0.000214917181
3328.00 0.000214529061
3328.10 0.000214140942
3328.20 0.000213752823
3328.30 0.000213364703
3328.40 0.000212976584
3328.50 0.000212588465
3328.60 0.000212200346
3328.70 0.000211812226
3328.80 0.000211424107
3328.90 0.000211035988
3329.00 0.000210647868
3329.10 0.000210259749
3329.20 0.000209871630
3329.30 0.000209483510
3329.40 0.000209095391
3329.50 0.000208707272
3329.60 0.000208319152
3329.70 0.000207931033
3329.80 0.000207542914
3329.90 0.000207154795
3330.00 0.000206853046
3330.10 0.000208022042
3330.20 0.000209191037
3330.30 0.000210360032
3330.40 0.000211529027
3330.50 0.000212698022
3330.60 0.000213867017
3330.70 0.000215036012
3330.80 0.000216205007
3330.90 0.000217374002
3331.00 0.000218542998
3331.10 0.000219711993
3331.20 0.000220880988
3331.30 0.000222049983
3331.40 0.000223218978
3331.50 0.000224387973
3331.60 0.000225556968
3331.70 0.000226725963
3331.80 0.000227894958
3331.90 0.000229063954
3332.00 0.000230232949
3332.10 0.000231401944
3332.20 0.000232570939
3332.30 0.000233739934
3332.40 0.000234908929
3332.50 0.000236077924
3332.60 0.000237246919
3332.70 0.000238415915
3332.80 0.000239584910
3332.90 0.000240753905
3333.00 0.000241922900
3333.10 0.000243091895
3333.20 0.000244260890
3333.30 0.000245429885
3333.40 0.000246598880
3333.50 0.000247767875
3333.60 0.000248936871
3333.70 0.000250105866
3333.80 0.000251274861
3333.90 0.000252443856
3334.00 0.000253612851
3334.10 0.000254781846
3334.20 0.000255950841
3334.30 0.000257119836
3334.40 0.000258288831
3334.50 0.000259457827
3334.60 0.000260626822
3334.70 0.000261795817
3334.80 0.000262964812
3334.90 0.000264133807
3335.00 0.000265302802
3335.10 0.000264371855
3335.20 0.000263130169
3335.30 0.000261888483
3335.40 0.000260646797
3335.50 0.000259405111
3335.60 0.000258163425
3335.70 0.000256921738
3335.80 0.000255680052
3335.90 0.000254438366
3336.00 0.000253196680
3336.10 0.000251954994
3336.20 0.000250713308
3336.30 0.000249471621
3336.40 0.000248229935
3336.50 0.000246988249
3336.60 0.000245746563
3336.70 0.000244504877
3336.80 0.000243263190
3336.90 0.000242021504
3337.00 0.000240779818
3337.10 0.000239538132
3337.20 0.000238296446
3337.30 0.000237054760
3337.40 0.000235813073
3337.50 0.000234571387
3337.60 0.000233329701
3337.70 0.000232088015
3337.80 0.000230846329
3337.90 0.000229604643
3338.00 0.000228362956
3338.10 0.000227121270
3338.20 0.000225879584
3338.30 0.000224637898
3338.40 0.000223396212
3338.50 0.000222154526
3338.60 0.000220912839
3338.70 0.000219671153
3338.80 0.000218429467
3338.90 0.000217187781
3339.00 0.000215946095
3339.10 0.000214704408
3339.20 0.000213462722
3339.30 0.000212221036
3339.40 0.000210979350
3339.50 0.000209737664
3339.60 0.000208495978
3339.70 0.000207254291
3339.80 0.000206012605
3339.90 0.000204770919
3340.00 0.000203529233
3340.10 0.000203610630
3340.20 0.000204109366
3340.30 0.000204608101
3340.40 0.000205106836
3340.50 0.000205605571
3340.60 0.000206104306
3340.70 0.000206603041
3340.80 0.000207101776
3340.90 0.000207600511
3341.00 0.000208099246
3341.10 0.000208597982
3341.20 0.000209096717
3341.30 0.000209595452
3341.40 0.000210094187
3341.50 0.000210592922
3341.60 0.000211091657
3341.70 0.000211590392
3341.80 0.000212089127
3341.90 0.000212587863
3342.00 0.000213086598
3342.10 0.000213585333
3342.20 0.000214084068
3342.30 0.000214582803
3342.40 0.000215081538
3342.50 0.000215580273
3342.60 0.000216079008
3342.70 0.000216577744
3342.80 0.000217076479
3342.90 0.000217575214
3343.00 0.000218073949
3343.10 0.000218572684
3343.20 0.000219071419
3343.30 0.000219570154
3343.40 0.000220068889
3343.50 0.000220567624
3343.60 0.000221066360
3343.70 0.000221565095
3343.80 0.000222063830
3343.90 0.000222562565
3344.00 0.000223061300
3344.10 0.000223560035
3344.20 0.000224058770
3344.30 0.000224557505
3344.40 0.000225056241
3344.50 0.000225554976
3344.60 0.000226053711
3344.70 0.000226552446
3344.80 0.000227051181
3344.90 0.000227549916
3345.00 0.000228048651
3345.10 0.000228286051
3345.20 0.000228423226
3345.30 0.000228560401
3345.40 0.000228697577
3345.50 0.000228834752
3345.60 0.000228971927
3345.70 0.000229109102
3345.80 0.000229246277
3345.90 0.000229383452
3346.00 0.000229520627
3346.10 0.000229657802
3346.20 0.000229794977
3346.30 0.000229932152
3346.40 0.000230069327
3346.50 0.000230206503
3346.60 0.000230343678
3346.70 0.000230480853
3346.80 0.000230618028
3346.90 0.000230755203
3347.00 0.000230892378
3347.10 0.000231029553
3347.20 0.000231166728
3347.30 0.000231303903
3347.40 0.000231441078
3347.50 0.000231578253
3347.60 0.000231715428
3347.70 0.000231852604
3347.80 0.000231989779
3347.90 0.000232126954
3348.00 0.000232264129
3348.10 0.000232401304
3348.20 0.000232538479
3348.30 0.000232675654
3348.40 0.000232812829
3348.50 0.000232950004
3348.60 0.000233087179
3348.70 0.000233224354
3348.80 0.000233361530
3348.90 0.000233498705
3349.00 0.000233635880
3349.10 0.000233773055
3349.20 0.000233910230
3349.30 0.000234047405
3349.40 0.000234184580
3349.50 0.000234321755
3349.60 0.000234458930
3349.70 0.000234596105
3349.80 0.000234733280
3349.90 0.000234870455
3350.00 0.000235007631
