2960.00 0.000066520530
2960.10 0.000066318056
2960.20 0.000066115582
2960.30 0.000065913108
2960.40 0.000065710634
2960.50 0.000065508160
2960.60 0.000065305686
2960.70 0.000065103212
2960.80 0.000064900738
2960.90 0.000064698264
2961.00 0.000064495790
2961.10 0.000064293316
2961.20 0.000064090842
2961.30 0.000063888368
2961.40 0.000063685894
2961.50 0.000063483420
2961.60 0.000063280946
2961.70 0.000063078472
2961.80 0.000062875998
2961.90 0.000062673524
2962.00 0.000062471050
2962.10 0.000062268576
2962.20 0.000062066102
2962.30 0.000061863628
2962.40 0.000061661154
2962.50 0.000061458680
2962.60 0.000061256206
2962.70 0.000061053732
2962.80 0.000060851258
2962.90 0.000060648784
2963.00 0.000060446310
2963.10 0.000060243836
2963.20 0.000060041362
2963.30 0.000059838888
2963.40 0.000059636414
2963.50 0.000059433940
2963.60 0.000059231466
2963.70 0.000059028992
2963.80 0.000058826518
2963.90 0.000058624044
2964.00 0.000058421570
2964.10 0.000058219096
2964.20 0.000058016622
2964.30 0.000057814148
2964.40 0.000057611674
2964.50 0.000057409200
2964.60 0.000057206726
2964.70 0.000057004252
2964.80 0.000056801778
2964.90 0.000056599304
2965.00 0.000056396830
2965.10 0.000056194356
2965.20 0.000055991882
2965.30 0.000055789408
2965.40 0.000055586934
2965.50 0.000055384460
2965.60 0.000055181986
2965.70 0.000054979512
2965.80 0.000054777038
2965.90 0.000054574564
2966.00 0.000054372090
2966.10 0.000054169616
2966.20 0.000053967142
2966.30 0.000053764668
2966.40 0.000053562195
2966.50 0.000053359721
2966.60 0.000053157247
2966.70 0.000052954773
2966.80 0.000052752299
2966.90 0.000052549825
2967.00 0.000052347351
2967.10 0.000052144877
2967.20 0.000051942403
2967.30 0.000051739929
2967.40 0.000051537455
2967.50 0.000051334981
2967.60 0.000051132507
2967.70 0.000050930033
2967.80 0.000050727559
2967.90 0.000050525085
2968.00 0.000050322611
2968.10 0.000050120137
2968.20 0.000049917663
2968.30 0.000049715189
2968.40 0.000049512715
2968.50 0.000049310241
2968.60 0.000049107767
2968.70 0.000048905293
2968.80 0.000048702819
2968.90 0.000048500345
2969.00 0.000048297871
2969.10 0.000048095397
2969.20 0.000047892923
2969.30 0.000047690449
2969.40 0.000047487975
2969.50 0.000047285501
2969.60 0.000047083027
2969.70 0.000046880553
2969.80 0.000046678079
2969.90 0.000046475605
2970.00 0.000046273131
2970.10 0.000046309577
2970.20 0.000046414097
2970.30 0.000046518617
2970.40 0.000046623137
2970.50 0.000046727657
2970.60 0.000046832176
2970.70 0.000046936696
2970.80 0.000047041216
2970.90 0.000047145736
2971.00 0.000047250256
2971.10 0.000047354776
2971.20 0.000047459296
2971.30 0.000047563816
2971.40 0.000047668336
2971.50 0.000047772856
2971.60 0.000047877376
2971.70 0.000047981896
2971.80 0.000048086416
2971.90 0.000048190936
2972.00 0.000048295456
2972.10 0.000048399976
2972.20 0.000048504496
2972.30 0.000048609016
2972.40 0.000048713536
2972.50 0.000048818056
2972.60 0.000048922575
2972.70 0.000049027095
2972.80 0.000049131615
2972.90 0.000049236135
2973.00 0.000049340655
2973.10 0.000049445175
2973.20 0.000049549695
2973.30 0.000049654215
2973.40 0.000049758735
2973.50 0.000049863255
2973.60 0.000049967775
2973.70 0.000050072295
2973.80 0.000050176815
2973.90 0.000050281335
2974.00 0.000050385855
2974.10 0.000050490375
2974.20 0.000050594895
2974.30 0.000050699415
2974.40 0.000050803935
2974.50 0.000050908454
2974.60 0.000051012974
2974.70 0.000051117494
2974.80 0.000051222014
2974.90 0.000051326534
2975.00 0.000051431054
2975.10 0.000051535574
2975.20 0.000051640094
2975.30 0.000051744614
2975.40 0.000051849134
2975.50 0.000051953654
2975.60 0.000052058174
2975.70 0.000052162694
2975.80 0.000052267214
2975.90 0.000052371734
2976.00 0.000052476254
2976.10 0.000052580774
2976.20 0.000052685294
2976.30 0.000052789814
2976.40 0.000052894333
2976.50 0.000052998853
2976.60 0.000053103373
2976.70 0.000053207893
2976.80 0.000053312413
2976.90 0.000053416933
2977.00 0.000053521453
2977.10 0.000053625973
2977.20 0.000053730493
2977.30 0.000053835013
2977.40 0.000053939533
2977.50 0.000054044053
2977.60 0.000054148573
2977.70 0.000054253093
2977.80 0.000054357613
2977.90 0.000054462133
2978.00 0.000054566653
2978.10 0.000054671173
2978.20 0.000054775693
2978.30 0.000054880213
2978.40 0.000054984732
2978.50 0.000055089252
2978.60 0.000055193772
2978.70 0.000055298292
2978.80 0.000055402812
2978.90 0.000055507332
2979.00 0.000055611852
2979.10 0.000055716372
2979.20 0.000055820892
2979.30 0.000055925412
2979.40 0.000056029932
2979.50 0.000056134452
2979.60 0.000056238972
2979.70 0.000056343492
2979.80 0.000056448012
2979.90 0.000056552532
2980.00 0.000056613279
2980.10 0.000056587114
2980.20 0.000056560949
2980.30 0.000056534784
2980.40 0.000056508619
2980.50 0.000056482454
2980.60 0.000056456289
2980.70 0.000056430124
2980.80 0.000056403959
2980.90 0.000056377794
2981.00 0.000056351629
2981.10 0.000056325464
2981.20 0.000056299299
2981.30 0.000056273134
2981.40 0.000056246969
2981.50 0.000056220804
2981.60 0.000056194639
2981.70 0.000056168474
2981.80 0.000056142309
2981.90 0.000056116144
2982.00 0.000056089979
2982.10 0.000056063814
2982.20 0.000056037649
2982.30 0.000056011484
2982.40 0.000055985319
2982.50 0.000055959154
2982.60 0.000055932989
2982.70 0.000055906824
2982.80 0.000055880659
2982.90 0.000055854494
2983.00 0.000055828329
2983.10 0.000055802164
2983.20 0.000055775999
2983.30 0.000055749834
2983.40 0.000055723669
2983.50 0.000055697504
2983.60 0.000055671339
2983.70 0.000055645174
2983.80 0.000055619009
2983.90 0.000055592844
2984.00 0.000055566679
2984.10 0.000055540514
2984.20 0.000055514349
2984.30 0.000055488184
2984.40 0.000055462019
2984.50 0.000055435854
2984.60 0.000055409689
2984.70 0.000055383524
2984.80 0.000055357359
2984.90 0.000055331194
2985.00 0.000055305029
2985.10 0.000055278864
2985.20 0.000055252699
2985.30 0.000055226534
2985.40 0.000055200369
2985.50 0.000055174204
2985.60 0.000055148039
2985.70 0.000055121874
2985.80 0.000055095709
2985.90 0.000055069544
2986.00 0.000055043379
2986.10 0.000055017214
2986.20 0.000054991049
2986.30 0.000054964884
2986.40 0.000054938719
2986.50 0.000054912554
2986.60 0.000054886389
2986.70 0.000054860224
2986.80 0.000054834059
2986.90 0.000054807894
2987.00 0.000054781729
2987.10 0.000054755564
2987.20 0.000054729399
2987.30 0.000054703234
2987.40 0.000054677069
2987.50 0.000054650904
2987.60 0.000054624739
2987.70 0.000054598574
2987.80 0.000054572409
2987.90 0.000054546244
2988.00 0.000054520079
2988.10 0.000054493914
2988.20 0.000054467749
2988.30 0.000054441584
2988.40 0.000054415419
2988.50 0.000054389254
2988.60 0.000054363089
2988.70 0.000054336924
2988.80 0.000054310759
2988.90 0.000054284594
2989.00 0.000054258429
2989.10 0.000054232264
2989.20 0.000054206099
2989.30 0.000054179934
2989.40 0.000054153769
2989.50 0.000054127604
2989.60 0.000054101439
2989.70 0.000054075274
2989.80 0.000054049109
2989.90 0.000054022944
2990.00 0.000053996779
2990.10 0.000053986646
2990.20 0.000053982379
2990.30 0.000053978112
2990.40 0.000053973845
2990.50 0.000053969578
2990.60 0.000053965311
2990.70 0.000053961043
2990.80 0.000053956776
2990.90 0.000053952509
2991.00 0.000053948242
2991.10 0.000053943975
2991.20 0.000053939708
2991.30 0.000053935441
2991.40 0.000053931174
2991.50 0.000053926906
2991.60 0.000053922639
2991.70 0.000053918372
2991.80 0.000053914105
2991.90 0.000053909838
2992.00 0.000053905571
2992.10 0.000053901304
2992.20 0.000053897036
2992.30 0.000053892769
2992.40 0.000053888502
2992.50 0.000053884235
2992.60 0.000053879968
2992.70 0.000053875701
2992.80 0.000053871434
2992.90 0.000053867167
2993.00 0.000053862899
2993.10 0.000053858632
2993.20 0.000053854365
2993.30 0.000053850098
2993.40 0.000053845831
2993.50 0.000053841564
2993.60 0.000053837297
2993.70 0.000053833030
2993.80 0.000053828762
2993.90 0.000053824495
2994.00 0.000053820228
2994.10 0.000053815961
2994.20 0.000053811694
2994.30 0.000053807427
2994.40 0.000053803160
2994.50 0.000053798893
2994.60 0.000053794625
2994.70 0.000053790358
2994.80 0.000053786091
2994.90 0.000053781824
2995.00 0.000053777557
2995.10 0.000053773290
2995.20 0.000053769023
2995.30 0.000053764756
2995.40 0.000053760488
2995.50 0.000053756221
2995.60 0.000053751954
2995.70 0.000053747687
2995.80 0.000053743420
2995.90 0.000053739153
2996.00 0.000053734886
2996.10 0.000053730618
2996.20 0.000053726351
2996.30 0.000053722084
2996.40 0.000053717817
2996.50 0.000053713550
2996.60 0.000053709283
2996.70 0.000053705016
2996.80 0.000053700749
2996.90 0.000053696481
2997.00 0.000053692214
2997.10 0.000053687947
2997.20 0.000053683680
2997.30 0.000053679413
2997.40 0.000053675146
2997.50 0.000053670879
2997.60 0.000053666612
2997.70 0.000053662344
2997.80 0.000053658077
2997.90 0.000053653810
2998.00 0.000053649543
2998.10 0.000053645276
2998.20 0.000053641009
2998.30 0.000053636742
2998.40 0.000053632475
2998.50 0.000053628207
2998.60 0.000053623940
2998.70 0.000053619673
2998.80 0.000053615406
2998.90 0.000053611139
2999.00 0.000053606872
2999.10 0.000053602605
2999.20 0.000053598338
2999.30 0.000053594070
2999.40 0.000053589803
2999.50 0.000053585536
2999.60 0.000053581269
2999.70 0.000053577002
2999.80 0.000053572735
2999.90 0.000053568468
3000.00 0.000053565744
3000.10 0.000053584121
3000.20 0.000053602498
3000.30 0.000053620875
3000.40 0.000053639252
3000.50 0.000053657629
3000.60 0.000053676006
3000.70 0.000053694383
3000.80 0.000053712760
3000.90 0.000053731137
3001.00 0.000053749514
3001.10 0.000053767891
3001.20 0.000053786268
3001.30 0.000053804645
3001.40 0.000053823022
3001.50 0.000053841399
3001.60 0.000053859776
3001.70 0.000053878153
3001.80 0.000053896530
3001.90 0.000053914907
3002.00 0.000053933284
3002.10 0.000053951661
3002.20 0.000053970038
3002.30 0.000053988415
3002.40 0.000054006792
3002.50 0.000054025169
3002.60 0.000054043546
3002.70 0.000054061923
3002.80 0.000054080300
3002.90 0.000054098676
3003.00 0.000054117053
3003.10 0.000054135430
3003.20 0.000054153807
3003.30 0.000054172184
3003.40 0.000054190561
3003.50 0.000054208938
3003.60 0.000054227315
3003.70 0.000054245692
3003.80 0.000054264069
3003.90 0.000054282446
3004.00 0.000054300823
3004.10 0.000054319200
3004.20 0.000054337577
3004.30 0.000054355954
3004.40 0.000054374331
3004.50 0.000054392708
3004.60 0.000054411085
3004.70 0.000054429462
3004.80 0.000054447839
3004.90 0.000054466216
3005.00 0.000054484593
3005.10 0.000054502970
3005.20 0.000054521347
3005.30 0.000054539724
3005.40 0.000054558101
3005.50 0.000054576478
3005.60 0.000054594855
3005.70 0.000054613232
3005.80 0.000054631609
3005.90 0.000054649986
3006.00 0.000054668363
3006.10 0.000054686740
3006.20 0.000054705117
3006.30 0.000054723494
3006.40 0.000054741871
3006.50 0.000054760248
3006.60 0.000054778625
3006.70 0.000054797002
3006.80 0.000054815379
3006.90 0.000054833756
3007.00 0.000054852133
3007.10 0.000054870510
3007.20 0.000054888887
3007.30 0.000054907263
3007.40 0.000054925640
3007.50 0.000054944017
3007.60 0.000054962394
3007.70 0.000054980771
3007.80 0.000054999148
3007.90 0.000055017525
3008.00 0.000055035902
3008.10 0.000055054279
3008.20 0.000055072656
3008.30 0.000055091033
3008.40 0.000055109410
3008.50 0.000055127787
3008.60 0.000055146164
3008.70 0.000055164541
3008.80 0.000055182918
3008.90 0.000055201295
3009.00 0.000055219672
3009.10 0.000055238049
3009.20 0.000055256426
3009.30 0.000055274803
3009.40 0.000055293180
3009.50 0.000055311557
3009.60 0.000055329934
3009.70 0.000055348311
3009.80 0.000055366688
3009.90 0.000055385065
3010.00 0.000055403442
3010.10 0.000055358897
3010.20 0.000055310984
3010.30 0.000055263072
3010.40 0.000055215159
3010.50 0.000055167247
3010.60 0.000055119335
3010.70 0.000055071422
3010.80 0.000055023510
3010.90 0.000054975598
3011.00 0.000054927685
3011.10 0.000054879773
3011.20 0.000054831861
3011.30 0.000054783948
3011.40 0.000054736036
3011.50 0.000054688124
3011.60 0.000054640211
3011.70 0.000054592299
3011.80 0.000054544387
3011.90 0.000054496474
3012.00 0.000054448562
3012.10 0.000054400650
3012.20 0.000054352737
3012.30 0.000054304825
3012.40 0.000054256912
3012.50 0.000054209000
3012.60 0.000054161088
3012.70 0.000054113175
3012.80 0.000054065263
3012.90 0.000054017351
3013.00 0.000053969438
3013.10 0.000053921526
3013.20 0.000053873614
3013.30 0.000053825701
3013.40 0.000053777789
3013.50 0.000053729877
3013.60 0.000053681964
3013.70 0.000053634052
3013.80 0.000053586140
3013.90 0.000053538227
3014.00 0.000053490315
3014.10 0.000053442402
3014.20 0.000053394490
3014.30 0.000053346578
3014.40 0.000053298665
3014.50 0.000053250753
3014.60 0.000053202841
3014.70 0.000053154928
3014.80 0.000053107016
3014.90 0.000053059104
3015.00 0.000053011191
3015.10 0.000052963279
3015.20 0.000052915367
3015.30 0.000052867454
3015.40 0.000052819542
3015.50 0.000052771630
3015.60 0.000052723717
3015.70 0.000052675805
3015.80 0.000052627892
3015.90 0.000052579980
3016.00 0.000052532068
3016.10 0.000052484155
3016.20 0.000052436243
3016.30 0.000052388331
3016.40 0.000052340418
3016.50 0.000052292506
3016.60 0.000052244594
3016.70 0.000052196681
3016.80 0.000052148769
3016.90 0.000052100857
3017.00 0.000052052944
3017.10 0.000052005032
3017.20 0.000051957120
3017.30 0.000051909207
3017.40 0.000051861295
3017.50 0.000051813382
3017.60 0.000051765470
3017.70 0.000051717558
3017.80 0.000051669645
3017.90 0.000051621733
3018.00 0.000051573821
3018.10 0.000051525908
3018.20 0.000051477996
3018.30 0.000051430084
3018.40 0.000051382171
3018.50 0.000051334259
3018.60 0.000051286347
3018.70 0.000051238434
3018.80 0.000051190522
3018.90 0.000051142610
3019.00 0.000051094697
3019.10 0.000051046785
3019.20 0.000050998873
3019.30 0.000050950960
3019.40 0.000050903048
3019.50 0.000050855135
3019.60 0.000050807223
3019.70 0.000050759311
3019.80 0.000050711398
3019.90 0.000050663486
3020.00 0.000050618457
3020.10 0.000050610024
3020.20 0.000050601591
3020.30 0.000050593159
3020.40 0.000050584726
3020.50 0.000050576294
3020.60 0.000050567861
3020.70 0.000050559428
3020.80 0.000050550996
3020.90 0.000050542563
3021.00 0.000050534131
3021.10 0.000050525698
3021.20 0.000050517266
3021.30 0.000050508833
3021.40 0.000050500400
3021.50 0.000050491968
3021.60 0.000050483535
3021.70 0.000050475103
3021.80 0.000050466670
3021.90 0.000050458237
3022.00 0.000050449805
3022.10 0.000050441372
3022.20 0.000050432940
3022.30 0.000050424507
3022.40 0.000050416075
3022.50 0.000050407642
3022.60 0.000050399209
3022.70 0.000050390777
3022.80 0.000050382344
3022.90 0.000050373912
3023.00 0.000050365479
3023.10 0.000050357046
3023.20 0.000050348614
3023.30 0.000050340181
3023.40 0.000050331749
3023.50 0.000050323316
3023.60 0.000050314884
3023.70 0.000050306451
3023.80 0.000050298018
3023.90 0.000050289586
3024.00 0.000050281153
3024.10 0.000050272721
3024.20 0.000050264288
3024.30 0.000050255855
3024.40 0.000050247423
3024.50 0.000050238990
3024.60 0.000050230558
3024.70 0.000050222125
3024.80 0.000050213693
3024.90 0.000050205260
3025.00 0.000050196827
3025.10 0.000050188395
3025.20 0.000050179962
3025.30 0.000050171530
3025.40 0.000050163097
3025.50 0.000050154664
3025.60 0.000050146232
3025.70 0.000050137799
3025.80 0.000050129367
3025.90 0.000050120934
3026.00 0.000050112502
3026.10 0.000050104069
3026.20 0.000050095636
3026.30 0.000050087204
3026.40 0.000050078771
3026.50 0.000050070339
3026.60 0.000050061906
3026.70 0.000050053473
3026.80 0.000050045041
3026.90 0.000050036608
3027.00 0.000050028176
3027.10 0.000050019743
3027.20 0.000050011311
3027.30 0.000050002878
3027.40 0.000049994445
3027.50 0.000049986013
3027.60 0.000049977580
3027.70 0.000049969148
3027.80 0.000049960715
3027.90 0.000049952282
3028.00 0.000049943850
3028.10 0.000049935417
3028.20 0.000049926985
3028.30 0.000049918552
3028.40 0.000049910120
3028.50 0.000049901687
3028.60 0.000049893254
3028.70 0.000049884822
3028.80 0.000049876389
3028.90 0.000049867957
3029.00 0.000049859524
3029.10 0.000049851091
3029.20 0.000049842659
3029.30 0.000049834226
3029.40 0.000049825794
3029.50 0.000049817361
3029.60 0.000049808929
3029.70 0.000049800496
3029.80 0.000049792063
3029.90 0.000049783631
3030.00 0.000049775198
3030.10 0.000049837199
3030.20 0.000049922858
3030.30 0.000050008517
3030.40 0.000050094176
3030.50 0.000050179835
3030.60 0.000050265495
3030.70 0.000050351154
3030.80 0.000050436813
3030.90 0.000050522472
3031.00 0.000050608131
3031.10 0.000050693790
3031.20 0.000050779449
3031.30 0.000050865108
3031.40 0.000050950767
3031.50 0.000051036426
3031.60 0.000051122085
3031.70 0.000051207744
3031.80 0.000051293403
3031.90 0.000051379063
3032.00 0.000051464722
3032.10 0.000051550381
3032.20 0.000051636040
3032.30 0.000051721699
3032.40 0.000051807358
3032.50 0.000051893017
3032.60 0.000051978676
3032.70 0.000052064335
3032.80 0.000052149994
3032.90 0.000052235653
3033.00 0.000052321312
3033.10 0.000052406971
3033.20 0.000052492631
3033.30 0.000052578290
3033.40 0.000052663949
3033.50 0.000052749608
3033.60 0.000052835267
3033.70 0.000052920926
3033.80 0.000053006585
3033.90 0.000053092244
3034.00 0.000053177903
3034.10 0.000053263562
3034.20 0.000053349221
3034.30 0.000053434880
3034.40 0.000053520539
3034.50 0.000053606198
3034.60 0.000053691858
3034.70 0.000053777517
3034.80 0.000053863176
3034.90 0.000053948835
3035.00 0.000054034494
3035.10 0.000054120153
3035.20 0.000054205812
3035.30 0.000054291471
3035.40 0.000054377130
3035.50 0.000054462789
3035.60 0.000054548448
3035.70 0.000054634107
3035.80 0.000054719766
3035.90 0.000054805426
3036.00 0.000054891085
3036.10 0.000054976744
3036.20 0.000055062403
3036.30 0.000055148062
3036.40 0.000055233721
3036.50 0.000055319380
3036.60 0.000055405039
3036.70 0.000055490698
3036.80 0.000055576357
3036.90 0.000055662016
3037.00 0.000055747675
3037.10 0.000055833334
3037.20 0.000055918994
3037.30 0.000056004653
3037.40 0.000056090312
3037.50 0.000056175971
3037.60 0.000056261630
3037.70 0.000056347289
3037.80 0.000056432948
3037.90 0.000056518607
3038.00 0.000056604266
3038.10 0.000056689925
3038.20 0.000056775584
3038.30 0.000056861243
3038.40 0.000056946902
3038.50 0.000057032562
3038.60 0.000057118221
3038.70 0.000057203880
3038.80 0.000057289539
3038.90 0.000057375198
3039.00 0.000057460857
3039.10 0.000057546516
3039.20 0.000057632175
3039.30 0.000057717834
3039.40 0.000057803493
3039.50 0.000057889152
3039.60 0.000057974811
3039.70 0.000058060470
3039.80 0.000058146130
3039.90 0.000058231789
3040.00 0.000058317448
3040.10 0.000058320264
3040.20 0.000058282326
3040.30 0.000058244389
3040.40 0.000058206451
3040.50 0.000058168513
3040.60 0.000058130575
3040.70 0.000058092637
3040.80 0.000058054699
3040.90 0.000058016762
3041.00 0.000057978824
3041.10 0.000057940886
3041.20 0.000057902948
3041.30 0.000057865010
3041.40 0.000057827073
3041.50 0.000057789135
3041.60 0.000057751197
3041.70 0.000057713259
3041.80 0.000057675321
3041.90 0.000057637383
3042.00 0.000057599446
3042.10 0.000057561508
3042.20 0.000057523570
3042.30 0.000057485632
3042.40 0.000057447694
3042.50 0.000057409756
3042.60 0.000057371819
3042.70 0.000057333881
3042.80 0.000057295943
3042.90 0.000057258005
3043.00 0.000057220067
3043.10 0.000057182129
3043.20 0.000057144192
3043.30 0.000057106254
3043.40 0.000057068316
3043.50 0.000057030378
3043.60 0.000056992440
3043.70 0.000056954503
3043.80 0.000056916565
3043.90 0.000056878627
3044.00 0.000056840689
3044.10 0.000056802751
3044.20 0.000056764813
3044.30 0.000056726876
3044.40 0.000056688938
3044.50 0.000056651000
3044.60 0.000056613062
3044.70 0.000056575124
3044.80 0.000056537186
3044.90 0.000056499249
3045.00 0.000056461311
3045.10 0.000056423373
3045.20 0.000056385435
3045.30 0.000056347497
3045.40 0.000056309560
3045.50 0.000056271622
3045.60 0.000056233684
3045.70 0.000056195746
3045.80 0.000056157808
3045.90 0.000056119870
3046.00 0.000056081933
3046.10 0.000056043995
3046.20 0.000056006057
3046.30 0.000055968119
3046.40 0.000055930181
3046.50 0.000055892243
3046.60 0.000055854306
3046.70 0.000055816368
3046.80 0.000055778430
3046.90 0.000055740492
3047.00 0.000055702554
3047.10 0.000055664616
3047.20 0.000055626679
3047.30 0.000055588741
3047.40 0.000055550803
3047.50 0.000055512865
3047.60 0.000055474927
3047.70 0.000055436990
3047.80 0.000055399052
3047.90 0.000055361114
3048.00 0.000055323176
3048.10 0.000055285238
3048.20 0.000055247300
3048.30 0.000055209363
3048.40 0.000055171425
3048.50 0.000055133487
3048.60 0.000055095549
3048.70 0.000055057611
3048.80 0.000055019673
3048.90 0.000054981736
3049.00 0.000054943798
3049.10 0.000054905860
3049.20 0.000054867922
3049.30 0.000054829984
3049.40 0.000054792047
3049.50 0.000054754109
3049.60 0.000054716171
3049.70 0.000054678233
3049.80 0.000054640295
3049.90 0.000054602357
3050.00 0.000054564420
3050.10 0.000054513448
3050.20 0.000054459958
3050.30 0.000054406469
3050.40 0.000054352980
3050.50 0.000054299490
3050.60 0.000054246001
3050.70 0.000054192511
3050.80 0.000054139022
3050.90 0.000054085533
3051.00 0.000054032043
3051.10 0.000053978554
3051.20 0.000053925065
3051.30 0.000053871575
3051.40 0.000053818086
3051.50 0.000053764597
3051.60 0.000053711107
3051.70 0.000053657618
3051.80 0.000053604128
3051.90 0.000053550639
3052.00 0.000053497150
3052.10 0.000053443660
3052.20 0.000053390171
3052.30 0.000053336682
3052.40 0.000053283192
3052.50 0.000053229703
3052.60 0.000053176214
3052.70 0.000053122724
3052.80 0.000053069235
3052.90 0.000053015745
3053.00 0.000052962256
3053.10 0.000052908767
3053.20 0.000052855277
3053.30 0.000052801788
3053.40 0.000052748299
3053.50 0.000052694809
3053.60 0.000052641320
3053.70 0.000052587831
3053.80 0.000052534341
3053.90 0.000052480852
3054.00 0.000052427362
3054.10 0.000052373873
3054.20 0.000052320384
3054.30 0.000052266894
3054.40 0.000052213405
3054.50 0.000052159916
3054.60 0.000052106426
3054.70 0.000052052937
3054.80 0.000051999448
3054.90 0.000051945958
3055.00 0.000051892469
3055.10 0.000051838979
3055.20 0.000051785490
3055.30 0.000051732001
3055.40 0.000051678511
3055.50 0.000051625022
3055.60 0.000051571533
3055.70 0.000051518043
3055.80 0.000051464554
3055.90 0.000051411065
3056.00 0.000051357575
3056.10 0.000051304086
3056.20 0.000051250596
3056.30 0.000051197107
3056.40 0.000051143618
3056.50 0.000051090128
3056.60 0.000051036639
3056.70 0.000050983150
3056.80 0.000050929660
3056.90 0.000050876171
3057.00 0.000050822682
3057.10 0.000050769192
3057.20 0.000050715703
3057.30 0.000050662213
3057.40 0.000050608724
3057.50 0.000050555235
3057.60 0.000050501745
3057.70 0.000050448256
3057.80 0.000050394767
3057.90 0.000050341277
3058.00 0.000050287788
3058.10 0.000050234299
3058.20 0.000050180809
3058.30 0.000050127320
3058.40 0.000050073830
3058.50 0.000050020341
3058.60 0.000049966852
3058.70 0.000049913362
3058.80 0.000049859873
3058.90 0.000049806384
3059.00 0.000049752894
3059.10 0.000049699405
3059.20 0.000049645915
3059.30 0.000049592426
3059.40 0.000049538937
3059.50 0.000049485447
3059.60 0.000049431958
3059.70 0.000049378469
3059.80 0.000049324979
3059.90 0.000049271490
3060.00 0.000049243765
3060.10 0.000049292455
3060.20 0.000049341145
3060.30 0.000049389835
3060.40 0.000049438525
3060.50 0.000049487215
3060.60 0.000049535906
3060.70 0.000049584596
3060.80 0.000049633286
3060.90 0.000049681976
3061.00 0.000049730666
3061.10 0.000049779356
3061.20 0.000049828046
3061.30 0.000049876736
3061.40 0.000049925427
3061.50 0.000049974117
3061.60 0.000050022807
3061.70 0.000050071497
3061.80 0.000050120187
3061.90 0.000050168877
3062.00 0.000050217567
3062.10 0.000050266258
3062.20 0.000050314948
3062.30 0.000050363638
3062.40 0.000050412328
3062.50 0.000050461018
3062.60 0.000050509708
3062.70 0.000050558398
3062.80 0.000050607088
3062.90 0.000050655779
3063.00 0.000050704469
3063.10 0.000050753159
3063.20 0.000050801849
3063.30 0.000050850539
3063.40 0.000050899229
3063.50 0.000050947919
3063.60 0.000050996609
3063.70 0.000051045300
3063.80 0.000051093990
3063.90 0.000051142680
3064.00 0.000051191370
3064.10 0.000051240060
3064.20 0.000051288750
3064.30 0.000051337440
3064.40 0.000051386130
3064.50 0.000051434821
3064.60 0.000051483511
3064.70 0.000051532201
3064.80 0.000051580891
3064.90 0.000051629581
3065.00 0.000051678271
3065.10 0.000051726961
3065.20 0.000051775651
3065.30 0.000051824342
3065.40 0.000051873032
3065.50 0.000051921722
3065.60 0.000051970412
3065.70 0.000052019102
3065.80 0.000052067792
3065.90 0.000052116482
3066.00 0.000052165172
3066.10 0.000052213863
3066.20 0.000052262553
3066.30 0.000052311243
3066.40 0.000052359933
3066.50 0.000052408623
3066.60 0.000052457313
3066.70 0.000052506003
3066.80 0.000052554693
3066.90 0.000052603384
3067.00 0.000052652074
3067.10 0.000052700764
3067.20 0.000052749454
3067.30 0.000052798144
3067.40 0.000052846834
3067.50 0.000052895524
3067.60 0.000052944214
3067.70 0.000052992905
3067.80 0.000053041595
3067.90 0.000053090285
3068.00 0.000053138975
3068.10 0.000053187665
3068.20 0.000053236355
3068.30 0.000053285045
3068.40 0.000053333735
3068.50 0.000053382426
3068.60 0.000053431116
3068.70 0.000053479806
3068.80 0.000053528496
3068.90 0.000053577186
3069.00 0.000053625876
3069.10 0.000053674566
3069.20 0.000053723256
3069.30 0.000053771947
3069.40 0.000053820637
3069.50 0.000053869327
3069.60 0.000053918017
3069.70 0.000053966707
3069.80 0.000054015397
3069.90 0.000054064087
3070.00 0.000054114622
3070.10 0.000054171398
3070.20 0.000054228174
3070.30 0.000054284950
3070.40 0.000054341726
3070.50 0.000054398503
3070.60 0.000054455279
3070.70 0.000054512055
3070.80 0.000054568831
3070.90 0.000054625607
3071.00 0.000054682384
3071.10 0.000054739160
3071.20 0.000054795936
3071.30 0.000054852712
3071.40 0.000054909488
3071.50 0.000054966264
3071.60 0.000055023041
3071.70 0.000055079817
3071.80 0.000055136593
3071.90 0.000055193369
3072.00 0.000055250145
3072.10 0.000055306921
3072.20 0.000055363698
3072.30 0.000055420474
3072.40 0.000055477250
3072.50 0.000055534026
3072.60 0.000055590802
3072.70 0.000055647579
3072.80 0.000055704355
3072.90 0.000055761131
3073.00 0.000055817907
3073.10 0.000055874683
3073.20 0.000055931459
3073.30 0.000055988236
3073.40 0.000056045012
3073.50 0.000056101788
3073.60 0.000056158564
3073.70 0.000056215340
3073.80 0.000056272116
3073.90 0.000056328893
3074.00 0.000056385669
3074.10 0.000056442445
3074.20 0.000056499221
3074.30 0.000056555997
3074.40 0.000056612774
3074.50 0.000056669550
3074.60 0.000056726326
3074.70 0.000056783102
3074.80 0.000056839878
3074.90 0.000056896654
3075.00 0.000056953431
3075.10 0.000057010207
3075.20 0.000057066983
3075.30 0.000057123759
3075.40 0.000057180535
3075.50 0.000057237311
3075.60 0.000057294088
3075.70 0.000057350864
3075.80 0.000057407640
3075.90 0.000057464416
3076.00 0.000057521192
3076.10 0.000057577969
3076.20 0.000057634745
3076.30 0.000057691521
3076.40 0.000057748297
3076.50 0.000057805073
3076.60 0.000057861849
3076.70 0.000057918626
3076.80 0.000057975402
3076.90 0.000058032178
3077.00 0.000058088954
3077.10 0.000058145730
3077.20 0.000058202506
3077.30 0.000058259283
3077.40 0.000058316059
3077.50 0.000058372835
3077.60 0.000058429611
3077.70 0.000058486387
3077.80 0.000058543164
3077.90 0.000058599940
3078.00 0.000058656716
3078.10 0.000058713492
3078.20 0.000058770268
3078.30 0.000058827044
3078.40 0.000058883821
3078.50 0.000058940597
3078.60 0.000058997373
3078.70 0.000059054149
3078.80 0.000059110925
3078.90 0.000059167701
3079.00 0.000059224478
3079.10 0.000059281254
3079.20 0.000059338030
3079.30 0.000059394806
3079.40 0.000059451582
3079.50 0.000059508359
3079.60 0.000059565135
3079.70 0.000059621911
3079.80 0.000059678687
3079.90 0.000059735463
3080.00 0.000059792239
3080.10 0.000059908902
3080.20 0.000060043346
3080.30 0.000060177791
3080.40 0.000060312235
3080.50 0.000060446679
3080.60 0.000060581123
3080.70 0.000060715568
3080.80 0.000060850012
3080.90 0.000060984456
3081.00 0.000061118900
3081.10 0.000061253344
3081.20 0.000061387789
3081.30 0.000061522233
3081.40 0.000061656677
3081.50 0.000061791121
3081.60 0.000061925566
3081.70 0.000062060010
3081.80 0.000062194454
3081.90 0.000062328898
3082.00 0.000062463343
3082.10 0.000062597787
3082.20 0.000062732231
3082.30 0.000062866675
3082.40 0.000063001120
3082.50 0.000063135564
3082.60 0.000063270008
3082.70 0.000063404452
3082.80 0.000063538897
3082.90 0.000063673341
3083.00 0.000063807785
3083.10 0.000063942229
3083.20 0.000064076673
3083.30 0.000064211118
3083.40 0.000064345562
3083.50 0.000064480006
3083.60 0.000064614450
3083.70 0.000064748895
3083.80 0.000064883339
3083.90 0.000065017783
3084.00 0.000065152227
3084.10 0.000065286672
3084.20 0.000065421116
3084.30 0.000065555560
3084.40 0.000065690004
3084.50 0.000065824449
3084.60 0.000065958893
3084.70 0.000066093337
3084.80 0.000066227781
3084.90 0.000066362225
3085.00 0.000066496670
3085.10 0.000066631114
3085.20 0.000066765558
3085.30 0.000066900002
3085.40 0.000067034447
3085.50 0.000067168891
3085.60 0.000067303335
3085.70 0.000067437779
3085.80 0.000067572224
3085.90 0.000067706668
3086.00 0.000067841112
3086.10 0.000067975556
3086.20 0.000068110001
3086.30 0.000068244445
3086.40 0.000068378889
3086.50 0.000068513333
3086.60 0.000068647778
3086.70 0.000068782222
3086.80 0.000068916666
3086.90 0.000069051110
3087.00 0.000069185554
3087.10 0.000069319999
3087.20 0.000069454443
3087.30 0.000069588887
3087.40 0.000069723331
3087.50 0.000069857776
3087.60 0.000069992220
3087.70 0.000070126664
3087.80 0.000070261108
3087.90 0.000070395553
3088.00 0.000070529997
3088.10 0.000070664441
3088.20 0.000070798885
3088.30 0.000070933330
3088.40 0.000071067774
3088.50 0.000071202218
3088.60 0.000071336662
3088.70 0.000071471107
3088.80 0.000071605551
3088.90 0.000071739995
3089.00 0.000071874439
3089.10 0.000072008883
3089.20 0.000072143328
3089.30 0.000072277772
3089.40 0.000072412216
3089.50 0.000072546660
3089.60 0.000072681105
3089.70 0.000072815549
3089.80 0.000072949993
3089.90 0.000073084437
3090.00 0.000073185140
3090.10 0.000073183437
3090.20 0.000073181734
3090.30 0.000073180031
3090.40 0.000073178328
3090.50 0.000073176626
3090.60 0.000073174923
3090.70 0.000073173220
3090.80 0.000073171517
3090.90 0.000073169814
3091.00 0.000073168112
3091.10 0.000073166409
3091.20 0.000073164706
3091.30 0.000073163003
3091.40 0.000073161300
3091.50 0.000073159598
3091.60 0.000073157895
3091.70 0.000073156192
3091.80 0.000073154489
3091.90 0.000073152786
3092.00 0.000073151084
3092.10 0.000073149381
3092.20 0.000073147678
3092.30 0.000073145975
3092.40 0.000073144273
3092.50 0.000073142570
3092.60 0.000073140867
3092.70 0.000073139164
3092.80 0.000073137461
3092.90 0.000073135759
3093.00 0.000073134056
3093.10 0.000073132353
3093.20 0.000073130650
3093.30 0.000073128947
3093.40 0.000073127245
3093.50 0.000073125542
3093.60 0.000073123839
3093.70 0.000073122136
3093.80 0.000073120433
3093.90 0.000073118731
3094.00 0.000073117028
3094.10 0.000073115325
3094.20 0.000073113622
3094.30 0.000073111919
3094.40 0.000073110217
3094.50 0.000073108514
3094.60 0.000073106811
3094.70 0.000073105108
3094.80 0.000073103406
3094.90 0.000073101703
3095.00 0.000073100000
3095.10 0.000073098297
3095.20 0.000073096594
3095.30 0.000073094892
3095.40 0.000073093189
3095.50 0.000073091486
3095.60 0.000073089783
3095.70 0.000073088080
3095.80 0.000073086378
3095.90 0.000073084675
3096.00 0.000073082972
3096.10 0.000073081269
3096.20 0.000073079566
3096.30 0.000073077864
3096.40 0.000073076161
3096.50 0.000073074458
3096.60 0.000073072755
3096.70 0.000073071052
3096.80 0.000073069350
3096.90 0.000073067647
3097.00 0.000073065944
3097.10 0.000073064241
3097.20 0.000073062539
3097.30 0.000073060836
3097.40 0.000073059133
3097.50 0.000073057430
3097.60 0.000073055727
3097.70 0.000073054025
3097.80 0.000073052322
3097.90 0.000073050619
3098.00 0.000073048916
3098.10 0.000073047213
3098.20 0.000073045511
3098.30 0.000073043808
3098.40 0.000073042105
3098.50 0.000073040402
3098.60 0.000073038699
3098.70 0.000073036997
3098.80 0.000073035294
3098.90 0.000073033591
3099.00 0.000073031888
3099.10 0.000073030186
3099.20 0.000073028483
3099.30 0.000073026780
3099.40 0.000073025077
3099.50 0.000073023374
3099.60 0.000073021672
3099.70 0.000073019969
3099.80 0.000073018266
3099.90 0.000073016563
3100.00 0.000073057978
3100.10 0.000073202396
3100.20 0.000073346813
3100.30 0.000073491230
3100.40 0.000073635647
3100.50 0.000073780065
3100.60 0.000073924482
3100.70 0.000074068899
3100.80 0.000074213317
3100.90 0.000074357734
3101.00 0.000074502151
3101.10 0.000074646568
3101.20 0.000074790986
3101.30 0.000074935403
3101.40 0.000075079820
3101.50 0.000075224238
3101.60 0.000075368655
3101.70 0.000075513072
3101.80 0.000075657489
3101.90 0.000075801907
3102.00 0.000075946324
3102.10 0.000076090741
3102.20 0.000076235158
3102.30 0.000076379576
3102.40 0.000076523993
3102.50 0.000076668410
3102.60 0.000076812828
3102.70 0.000076957245
3102.80 0.000077101662
3102.90 0.000077246079
3103.00 0.000077390497
3103.10 0.000077534914
3103.20 0.000077679331
3103.30 0.000077823749
3103.40 0.000077968166
3103.50 0.000078112583
3103.60 0.000078257000
3103.70 0.000078401418
3103.80 0.000078545835
3103.90 0.000078690252
3104.00 0.000078834670
3104.10 0.000078979087
3104.20 0.000079123504
3104.30 0.000079267921
3104.40 0.000079412339
3104.50 0.000079556756
3104.60 0.000079701173
3104.70 0.000079845591
3104.80 0.000079990008
3104.90 0.000080134425
3105.00 0.000080278842
3105.10 0.000080423260
3105.20 0.000080567677
3105.30 0.000080712094
3105.40 0.000080856511
3105.50 0.000081000929
3105.60 0.000081145346
3105.70 0.000081289763
3105.80 0.000081434181
3105.90 0.000081578598
3106.00 0.000081723015
3106.10 0.000081867432
3106.20 0.000082011850
3106.30 0.000082156267
3106.40 0.000082300684
3106.50 0.000082445102
3106.60 0.000082589519
3106.70 0.000082733936
3106.80 0.000082878353
3106.90 0.000083022771
3107.00 0.000083167188
3107.10 0.000083311605
3107.20 0.000083456023
3107.30 0.000083600440
3107.40 0.000083744857
3107.50 0.000083889274
3107.60 0.000084033692
3107.70 0.000084178109
3107.80 0.000084322526
3107.90 0.000084466944
3108.00 0.000084611361
3108.10 0.000084755778
3108.20 0.000084900195
3108.30 0.000085044613
3108.40 0.000085189030
3108.50 0.000085333447
3108.60 0.000085477864
3108.70 0.000085622282
3108.80 0.000085766699
3108.90 0.000085911116
3109.00 0.000086055534
3109.10 0.000086199951
3109.20 0.000086344368
3109.30 0.000086488785
3109.40 0.000086633203
3109.50 0.000086777620
3109.60 0.000086922037
3109.70 0.000087066455
3109.80 0.000087210872
3109.90 0.000087355289
3110.00 0.000087499706
3110.10 0.000087585711
3110.20 0.000087666495
3110.30 0.000087747280
3110.40 0.000087828064
3110.50 0.000087908849
3110.60 0.000087989633
3110.70 0.000088070417
3110.80 0.000088151202
3110.90 0.000088231986
3111.00 0.000088312771
3111.10 0.000088393555
3111.20 0.000088474340
3111.30 0.000088555124
3111.40 0.000088635909
3111.50 0.000088716693
3111.60 0.000088797477
3111.70 0.000088878262
3111.80 0.000088959046
3111.90 0.000089039831
3112.00 0.000089120615
3112.10 0.000089201400
3112.20 0.000089282184
3112.30 0.000089362969
3112.40 0.000089443753
3112.50 0.000089524538
3112.60 0.000089605322
3112.70 0.000089686106
3112.80 0.000089766891
3112.90 0.000089847675
3113.00 0.000089928460
3113.10 0.000090009244
3113.20 0.000090090029
3113.30 0.000090170813
3113.40 0.000090251598
3113.50 0.000090332382
3113.60 0.000090413167
3113.70 0.000090493951
3113.80 0.000090574735
3113.90 0.000090655520
3114.00 0.000090736304
3114.10 0.000090817089
3114.20 0.000090897873
3114.30 0.000090978658
3114.40 0.000091059442
3114.50 0.000091140227
3114.60 0.000091221011
3114.70 0.000091301796
3114.80 0.000091382580
3114.90 0.000091463364
3115.00 0.000091544149
3115.10 0.000091624933
3115.20 0.000091705718
3115.30 0.000091786502
3115.40 0.000091867287
3115.50 0.000091948071
3115.60 0.000092028856
3115.70 0.000092109640
3115.80 0.000092190425
3115.90 0.000092271209
3116.00 0.000092351993
3116.10 0.000092432778
3116.20 0.000092513562
3116.30 0.000092594347
3116.40 0.000092675131
3116.50 0.000092755916
3116.60 0.000092836700
3116.70 0.000092917485
3116.80 0.000092998269
3116.90 0.000093079054
3117.00 0.000093159838
3117.10 0.000093240622
3117.20 0.000093321407
3117.30 0.000093402191
3117.40 0.000093482976
3117.50 0.000093563760
3117.60 0.000093644545
3117.70 0.000093725329
3117.80 0.000093806114
3117.90 0.000093886898
3118.00 0.000093967682
3118.10 0.000094048467
3118.20 0.000094129251
3118.30 0.000094210036
3118.40 0.000094290820
3118.50 0.000094371605
3118.60 0.000094452389
3118.70 0.000094533174
3118.80 0.000094613958
3118.90 0.000094694743
3119.00 0.000094775527
3119.10 0.000094856311
3119.20 0.000094937096
3119.30 0.000095017880
3119.40 0.000095098665
3119.50 0.000095179449
3119.60 0.000095260234
3119.70 0.000095341018
3119.80 0.000095421803
3119.90 0.000095502587
3120.00 0.000095583372
3120.10 0.000095811673
3120.20 0.000096077476
3120.30 0.000096343279
3120.40 0.000096609082
3120.50 0.000096874885
3120.60 0.000097140688
3120.70 0.000097406492
3120.80 0.000097672295
3120.90 0.000097938098
3121.00 0.000098203901
3121.10 0.000098469704
3121.20 0.000098735508
3121.30 0.000099001311
3121.40 0.000099267114
3121.50 0.000099532917
3121.60 0.000099798720
3121.70 0.000100064524
3121.80 0.000100330327
3121.90 0.000100596130
3122.00 0.000100861933
3122.10 0.000101127736
3122.20 0.000101393540
3122.30 0.000101659343
3122.40 0.000101925146
3122.50 0.000102190949
3122.60 0.000102456752
3122.70 0.000102722556
3122.80 0.000102988359
3122.90 0.000103254162
3123.00 0.000103519965
3123.10 0.000103785768
3123.20 0.000104051571
3123.30 0.000104317375
3123.40 0.000104583178
3123.50 0.000104848981
3123.60 0.000105114784
3123.70 0.000105380587
3123.80 0.000105646391
3123.90 0.000105912194
3124.00 0.000106177997
3124.10 0.000106443800
3124.20 0.000106709603
3124.30 0.000106975407
3124.40 0.000107241210
3124.50 0.000107507013
3124.60 0.000107772816
3124.70 0.000108038619
3124.80 0.000108304423
3124.90 0.000108570226
3125.00 0.000108836029
3125.10 0.000109101832
3125.20 0.000109367635
3125.30 0.000109633439
3125.40 0.000109899242
3125.50 0.000110165045
3125.60 0.000110430848
3125.70 0.000110696651
3125.80 0.000110962454
3125.90 0.000111228258
3126.00 0.000111494061
3126.10 0.000111759864
3126.20 0.000112025667
3126.30 0.000112291470
3126.40 0.000112557274
3126.50 0.000112823077
3126.60 0.000113088880
3126.70 0.000113354683
3126.80 0.000113620486
3126.90 0.000113886290
3127.00 0.000114152093
3127.10 0.000114417896
3127.20 0.000114683699
3127.30 0.000114949502
3127.40 0.000115215306
3127.50 0.000115481109
3127.60 0.000115746912
3127.70 0.000116012715
3127.80 0.000116278518
3127.90 0.000116544322
3128.00 0.000116810125
3128.10 0.000117075928
3128.20 0.000117341731
3128.30 0.000117607534
3128.40 0.000117873337
3128.50 0.000118139141
3128.60 0.000118404944
3128.70 0.000118670747
3128.80 0.000118936550
3128.90 0.000119202353
3129.00 0.000119468157
3129.10 0.000119733960
3129.20 0.000119999763
3129.30 0.000120265566
3129.40 0.000120531369
3129.50 0.000120797173
3129.60 0.000121062976
3129.70 0.000121328779
3129.80 0.000121594582
3129.90 0.000121860385
3130.00 0.000122126189
3130.10 0.000122199851
3130.20 0.000122259736
3130.30 0.000122319621
3130.40 0.000122379507
3130.50 0.000122439392
3130.60 0.000122499277
3130.70 0.000122559162
3130.80 0.000122619047
3130.90 0.000122678933
3131.00 0.000122738818
3131.10 0.000122798703
3131.20 0.000122858588
3131.30 0.000122918473
3131.40 0.000122978358
3131.50 0.000123038244
3131.60 0.000123098129
3131.70 0.000123158014
3131.80 0.000123217899
3131.90 0.000123277784
3132.00 0.000123337670
3132.10 0.000123397555
3132.20 0.000123457440
3132.30 0.000123517325
3132.40 0.000123577210
3132.50 0.000123637096
3132.60 0.000123696981
3132.70 0.000123756866
3132.80 0.000123816751
3132.90 0.000123876636
3133.00 0.000123936521
3133.10 0.000123996407
3133.20 0.000124056292
3133.30 0.000124116177
3133.40 0.000124176062
3133.50 0.000124235947
3133.60 0.000124295833
3133.70 0.000124355718
3133.80 0.000124415603
3133.90 0.000124475488
3134.00 0.000124535373
3134.10 0.000124595258
3134.20 0.000124655144
3134.30 0.000124715029
3134.40 0.000124774914
3134.50 0.000124834799
3134.60 0.000124894684
3134.70 0.000124954570
3134.80 0.000125014455
3134.90 0.000125074340
3135.00 0.000125134225
3135.10 0.000125194110
3135.20 0.000125253996
3135.30 0.000125313881
3135.40 0.000125373766
3135.50 0.000125433651
3135.60 0.000125493536
3135.70 0.000125553421
3135.80 0.000125613307
3135.90 0.000125673192
3136.00 0.000125733077
3136.10 0.000125792962
3136.20 0.000125852847
3136.30 0.000125912733
3136.40 0.000125972618
3136.50 0.000126032503
3136.60 0.000126092388
3136.70 0.000126152273
3136.80 0.000126212159
3136.90 0.000126272044
3137.00 0.000126331929
3137.10 0.000126391814
3137.20 0.000126451699
3137.30 0.000126511584
3137.40 0.000126571470
3137.50 0.000126631355
3137.60 0.000126691240
3137.70 0.000126751125
3137.80 0.000126811010
3137.90 0.000126870896
3138.00 0.000126930781
3138.10 0.000126990666
3138.20 0.000127050551
3138.30 0.000127110436
3138.40 0.000127170321
3138.50 0.000127230207
3138.60 0.000127290092
3138.70 0.000127349977
3138.80 0.000127409862
3138.90 0.000127469747
3139.00 0.000127529633
3139.10 0.000127589518
3139.20 0.000127649403
3139.30 0.000127709288
3139.40 0.000127769173
3139.50 0.000127829059
3139.60 0.000127888944
3139.70 0.000127948829
3139.80 0.000128008714
3139.90 0.000128068599
3140.00 0.000128219623
3140.10 0.000128559647
3140.20 0.000128899672
3140.30 0.000129239697
3140.40 0.000129579721
3140.50 0.000129919746
3140.60 0.000130259770
3140.70 0.000130599795
3140.80 0.000130939819
3140.90 0.000131279844
3141.00 0.000131619868
3141.10 0.000131959893
3141.20 0.000132299918
3141.30 0.000132639942
3141.40 0.000132979967
3141.50 0.000133319991
3141.60 0.000133660016
3141.70 0.000134000040
3141.80 0.000134340065
3141.90 0.000134680090
3142.00 0.000135020114
3142.10 0.000135360139
3142.20 0.000135700163
3142.30 0.000136040188
3142.40 0.000136380212
3142.50 0.000136720237
3142.60 0.000137060261
3142.70 0.000137400286
3142.80 0.000137740311
3142.90 0.000138080335
3143.00 0.000138420360
3143.10 0.000138760384
3143.20 0.000139100409
3143.30 0.000139440433
3143.40 0.000139780458
3143.50 0.000140120482
3143.60 0.000140460507
3143.70 0.000140800532
3143.80 0.000141140556
3143.90 0.000141480581
3144.00 0.000141820605
3144.10 0.000142160630
3144.20 0.000142500654
3144.30 0.000142840679
3144.40 0.000143180704
3144.50 0.000143520728
3144.60 0.000143860753
3144.70 0.000144200777
3144.80 0.000144540802
3144.90 0.000144880826
3145.00 0.000145220851
3145.10 0.000145560875
3145.20 0.000145900900
3145.30 0.000146240925
3145.40 0.000146580949
3145.50 0.000146920974
3145.60 0.000147260998
3145.70 0.000147601023
3145.80 0.000147941047
3145.90 0.000148281072
3146.00 0.000148621096
3146.10 0.000148961121
3146.20 0.000149301146
3146.30 0.000149641170
3146.40 0.000149981195
3146.50 0.000150321219
3146.60 0.000150661244
3146.70 0.000151001268
3146.80 0.000151341293
3146.90 0.000151681318
3147.00 0.000152021342
3147.10 0.000152361367
3147.20 0.000152701391
3147.30 0.000153041416
3147.40 0.000153381440
3147.50 0.000153721465
3147.60 0.000154061489
3147.70 0.000154401514
3147.80 0.000154741539
3147.90 0.000155081563
3148.00 0.000155421588
3148.10 0.000155761612
3148.20 0.000156101637
3148.30 0.000156441661
3148.40 0.000156781686
3148.50 0.000157121711
3148.60 0.000157461735
3148.70 0.000157801760
3148.80 0.000158141784
3148.90 0.000158481809
3149.00 0.000158821833
3149.10 0.000159161858
3149.20 0.000159501882
3149.30 0.000159841907
3149.40 0.000160181932
3149.50 0.000160521956
3149.60 0.000160861981
3149.70 0.000161202005
3149.80 0.000161542030
3149.90 0.000161882054
3150.00 0.000162071899
3150.10 0.000161917263
3150.20 0.000161762627
3150.30 0.000161607991
3150.40 0.000161453355
3150.50 0.000161298719
3150.60 0.000161144084
3150.70 0.000160989448
3150.80 0.000160834812
3150.90 0.000160680176
3151.00 0.000160525540
3151.10 0.000160370904
3151.20 0.000160216269
3151.30 0.000160061633
3151.40 0.000159906997
3151.50 0.000159752361
3151.60 0.000159597725
3151.70 0.000159443089
3151.80 0.000159288454
3151.90 0.000159133818
3152.00 0.000158979182
3152.10 0.000158824546
3152.20 0.000158669910
3152.30 0.000158515274
3152.40 0.000158360639
3152.50 0.000158206003
3152.60 0.000158051367
3152.70 0.000157896731
3152.80 0.000157742095
3152.90 0.000157587459
3153.00 0.000157432823
3153.10 0.000157278188
3153.20 0.000157123552
3153.30 0.000156968916
3153.40 0.000156814280
3153.50 0.000156659644
3153.60 0.000156505008
3153.70 0.000156350373
3153.80 0.000156195737
3153.90 0.000156041101
3154.00 0.000155886465
3154.10 0.000155731829
3154.20 0.000155577193
3154.30 0.000155422558
3154.40 0.000155267922
3154.50 0.000155113286
3154.60 0.000154958650
3154.70 0.000154804014
3154.80 0.000154649378
3154.90 0.000154494743
3155.00 0.000154340107
3155.10 0.000154185471
3155.20 0.000154030835
3155.30 0.000153876199
3155.40 0.000153721563
3155.50 0.000153566928
3155.60 0.000153412292
3155.70 0.000153257656
3155.80 0.000153103020
3155.90 0.000152948384
3156.00 0.000152793748
3156.10 0.000152639113
3156.20 0.000152484477
3156.30 0.000152329841
3156.40 0.000152175205
3156.50 0.000152020569
3156.60 0.000151865933
3156.70 0.000151711298
3156.80 0.000151556662
3156.90 0.000151402026
3157.00 0.000151247390
3157.10 0.000151092754
3157.20 0.000150938118
3157.30 0.000150783482
3157.40 0.000150628847
3157.50 0.000150474211
3157.60 0.000150319575
3157.70 0.000150164939
3157.80 0.000150010303
3157.90 0.000149855667
3158.00 0.000149701032
3158.10 0.000149546396
3158.20 0.000149391760
3158.30 0.000149237124
3158.40 0.000149082488
3158.50 0.000148927852
3158.60 0.000148773217
3158.70 0.000148618581
3158.80 0.000148463945
3158.90 0.000148309309
3159.00 0.000148154673
3159.10 0.000148000037
3159.20 0.000147845402
3159.30 0.000147690766
3159.40 0.000147536130
3159.50 0.000147381494
3159.60 0.000147226858
3159.70 0.000147072222
3159.80 0.000146917587
3159.90 0.000146762951
3160.00 0.000146608315
3160.10 0.000146735107
3160.20 0.000146902789
3160.30 0.000147070470
3160.40 0.000147238152
3160.50 0.000147405834
3160.60 0.000147573516
3160.70 0.000147741198
3160.80 0.000147908880
3160.90 0.000148076561
3161.00 0.000148244243
3161.10 0.000148411925
3161.20 0.000148579607
3161.30 0.000148747289
3161.40 0.000148914971
3161.50 0.000149082652
3161.60 0.000149250334
3161.70 0.000149418016
3161.80 0.000149585698
3161.90 0.000149753380
3162.00 0.000149921062
3162.10 0.000150088744
3162.20 0.000150256425
3162.30 0.000150424107
3162.40 0.000150591789
3162.50 0.000150759471
3162.60 0.000150927153
3162.70 0.000151094835
3162.80 0.000151262516
3162.90 0.000151430198
3163.00 0.000151597880
3163.10 0.000151765562
3163.20 0.000151933244
3163.30 0.000152100926
3163.40 0.000152268607
3163.50 0.000152436289
3163.60 0.000152603971
3163.70 0.000152771653
3163.80 0.000152939335
3163.90 0.000153107017
3164.00 0.000153274698
3164.10 0.000153442380
3164.20 0.000153610062
3164.30 0.000153777744
3164.40 0.000153945426
3164.50 0.000154113108
3164.60 0.000154280789
3164.70 0.000154448471
3164.80 0.000154616153
3164.90 0.000154783835
3165.00 0.000154951517
3165.10 0.000155119199
3165.20 0.000155286880
3165.30 0.000155454562
3165.40 0.000155622244
3165.50 0.000155789926
3165.60 0.000155957608
3165.70 0.000156125290
3165.80 0.000156292971
3165.90 0.000156460653
3166.00 0.000156628335
3166.10 0.000156796017
3166.20 0.000156963699
3166.30 0.000157131381
3166.40 0.000157299062
3166.50 0.000157466744
3166.60 0.000157634426
3166.70 0.000157802108
3166.80 0.000157969790
3166.90 0.000158137472
3167.00 0.000158305153
3167.10 0.000158472835
3167.20 0.000158640517
3167.30 0.000158808199
3167.40 0.000158975881
3167.50 0.000159143563
3167.60 0.000159311245
3167.70 0.000159478926
3167.80 0.000159646608
3167.90 0.000159814290
3168.00 0.000159981972
3168.10 0.000160149654
3168.20 0.000160317336
3168.30 0.000160485017
3168.40 0.000160652699
3168.50 0.000160820381
3168.60 0.000160988063
3168.70 0.000161155745
3168.80 0.000161323427
3168.90 0.000161491108
3169.00 0.000161658790
3169.10 0.000161826472
3169.20 0.000161994154
3169.30 0.000162161836
3169.40 0.000162329518
3169.50 0.000162497199
3169.60 0.000162664881
3169.70 0.000162832563
3169.80 0.000163000245
3169.90 0.000163167927
3170.00 0.000163335609
3170.10 0.000163286191
3170.20 0.000163146412
3170.30 0.000163006633
3170.40 0.000162866854
3170.50 0.000162727075
3170.60 0.000162587296
3170.70 0.000162447516
3170.80 0.000162307737
3170.90 0.000162167958
3171.00 0.000162028179
3171.10 0.000161888400
3171.20 0.000161748620
3171.30 0.000161608841
3171.40 0.000161469062
3171.50 0.000161329283
3171.60 0.000161189504
3171.70 0.000161049725
3171.80 0.000160909945
3171.90 0.000160770166
3172.00 0.000160630387
3172.10 0.000160490608
3172.20 0.000160350829
3172.30 0.000160211049
3172.40 0.000160071270
3172.50 0.000159931491
3172.60 0.000159791712
3172.70 0.000159651933
3172.80 0.000159512154
3172.90 0.000159372374
3173.00 0.000159232595
3173.10 0.000159092816
3173.20 0.000158953037
3173.30 0.000158813258
3173.40 0.000158673478
3173.50 0.000158533699
3173.60 0.000158393920
3173.70 0.000158254141
3173.80 0.000158114362
3173.90 0.000157974583
3174.00 0.000157834803
3174.10 0.000157695024
3174.20 0.000157555245
3174.30 0.000157415466
3174.40 0.000157275687
3174.50 0.000157135907
3174.60 0.000156996128
3174.70 0.000156856349
3174.80 0.000156716570
3174.90 0.000156576791
3175.00 0.000156437012
3175.10 0.000156297232
3175.20 0.000156157453
3175.30 0.000156017674
3175.40 0.000155877895
3175.50 0.000155738116
3175.60 0.000155598336
3175.70 0.000155458557
3175.80 0.000155318778
3175.90 0.000155178999
3176.00 0.000155039220
3176.10 0.000154899441
3176.20 0.000154759661
3176.30 0.000154619882
3176.40 0.000154480103
3176.50 0.000154340324
3176.60 0.000154200545
3176.70 0.000154060765
3176.80 0.000153920986
3176.90 0.000153781207
3177.00 0.000153641428
3177.10 0.000153501649
3177.20 0.000153361870
3177.30 0.000153222090
3177.40 0.000153082311
3177.50 0.000152942532
3177.60 0.000152802753
3177.70 0.000152662974
3177.80 0.000152523194
3177.90 0.000152383415
3178.00 0.000152243636
3178.10 0.000152103857
3178.20 0.000151964078
3178.30 0.000151824299
3178.40 0.000151684519
3178.50 0.000151544740
3178.60 0.000151404961
3178.70 0.000151265182
3178.80 0.000151125403
3178.90 0.000150985623
3179.00 0.000150845844
3179.10 0.000150706065
3179.20 0.000150566286
3179.30 0.000150426507
3179.40 0.000150286728
3179.50 0.000150146948
3179.60 0.000150007169
3179.70 0.000149867390
3179.80 0.000149727611
3179.90 0.000149587832
3180.00 0.000149448052
3180.10 0.000150099434
3180.20 0.000150945529
3180.30 0.000151791624
3180.40 0.000152637719
3180.50 0.000153483814
3180.60 0.000154329909
3180.70 0.000155176004
3180.80 0.000156022099
3180.90 0.000156868194
3181.00 0.000157714289
3181.10 0.000158560384
3181.20 0.000159406479
3181.30 0.000160252574
3181.40 0.000161098669
3181.50 0.000161944764
3181.60 0.000162790859
3181.70 0.000163636954
3181.80 0.000164483049
3181.90 0.000165329144
3182.00 0.000166175239
3182.10 0.000167021334
3182.20 0.000167867429
3182.30 0.000168713524
3182.40 0.000169559619
3182.50 0.000170405714
3182.60 0.000171251809
3182.70 0.000172097904
3182.80 0.000172943999
3182.90 0.000173790094
3183.00 0.000174636189
3183.10 0.000175482284
3183.20 0.000176328379
3183.30 0.000177174474
3183.40 0.000178020569
3183.50 0.000178866664
3183.60 0.000179712759
3183.70 0.000180558854
3183.80 0.000181404949
3183.90 0.000182251044
3184.00 0.000183097139
3184.10 0.000183943234
3184.20 0.000184789329
3184.30 0.000185635424
3184.40 0.000186481519
3184.50 0.000187327614
3184.60 0.000188173709
3184.70 0.000189019804
3184.80 0.000189865899
3184.90 0.000190711994
3185.00 0.000191558089
3185.10 0.000192404184
3185.20 0.000193250279
3185.30 0.000194096374
3185.40 0.000194942469
3185.50 0.000195788564
3185.60 0.000196634659
3185.70 0.000197480754
3185.80 0.000198326849
3185.90 0.000199172944
3186.00 0.000200019039
3186.10 0.000200865134
3186.20 0.000201711229
3186.30 0.000202557324
3186.40 0.000203403419
3186.50 0.000204249514
3186.60 0.000205095609
3186.70 0.000205941704
3186.80 0.000206787799
3186.90 0.000207633894
3187.00 0.000208479989
3187.10 0.000209326084
3187.20 0.000210172179
3187.30 0.000211018274
3187.40 0.000211864369
3187.50 0.000212710464
3187.60 0.000213556559
3187.70 0.000214402654
3187.80 0.000215248749
3187.90 0.000216094844
3188.00 0.000216940939
3188.10 0.000217787034
3188.20 0.000218633129
3188.30 0.000219479224
3188.40 0.000220325319
3188.50 0.000221171414
3188.60 0.000222017509
3188.70 0.000222863604
3188.80 0.000223709699
3188.90 0.000224555794
3189.00 0.000225401889
3189.10 0.000226247984
3189.20 0.000227094079
3189.30 0.000227940174
3189.40 0.000228786269
3189.50 0.000229632364
3189.60 0.000230478459
3189.70 0.000231324554
3189.80 0.000232170649
3189.90 0.000233016744
3190.00 0.000233746677
3190.10 0.000233877135
3190.20 0.000234007593
3190.30 0.000234138052
3190.40 0.000234268510
3190.50 0.000234398969
3190.60 0.000234529427
3190.70 0.000234659885
3190.80 0.000234790344
3190.90 0.000234920802
3191.00 0.000235051261
3191.10 0.000235181719
3191.20 0.000235312178
3191.30 0.000235442636
3191.40 0.000235573094
3191.50 0.000235703553
3191.60 0.000235834011
3191.70 0.000235964470
3191.80 0.000236094928
3191.90 0.000236225386
3192.00 0.000236355845
3192.10 0.000236486303
3192.20 0.000236616762
3192.30 0.000236747220
3192.40 0.000236877678
3192.50 0.000237008137
3192.60 0.000237138595
3192.70 0.000237269054
3192.80 0.000237399512
3192.90 0.000237529970
3193.00 0.000237660429
3193.10 0.000237790887
3193.20 0.000237921346
3193.30 0.000238051804
3193.40 0.000238182263
3193.50 0.000238312721
3193.60 0.000238443179
3193.70 0.000238573638
3193.80 0.000238704096
3193.90 0.000238834555
3194.00 0.000238965013
3194.10 0.000239095471
3194.20 0.000239225930
3194.30 0.000239356388
3194.40 0.000239486847
3194.50 0.000239617305
3194.60 0.000239747763
3194.70 0.000239878222
3194.80 0.000240008680
3194.90 0.000240139139
3195.00 0.000240269597
3195.10 0.000240400056
3195.20 0.000240530514
3195.30 0.000240660972
3195.40 0.000240791431
3195.50 0.000240921889
3195.60 0.000241052348
3195.70 0.000241182806
3195.80 0.000241313264
3195.90 0.000241443723
3196.00 0.000241574181
3196.10 0.000241704640
3196.20 0.000241835098
3196.30 0.000241965556
3196.40 0.000242096015
3196.50 0.000242226473
3196.60 0.000242356932
3196.70 0.000242487390
3196.80 0.000242617848
3196.90 0.000242748307
3197.00 0.000242878765
3197.10 0.000243009224
3197.20 0.000243139682
3197.30 0.000243270141
3197.40 0.000243400599
3197.50 0.000243531057
3197.60 0.000243661516
3197.70 0.000243791974
3197.80 0.000243922433
3197.90 0.000244052891
3198.00 0.000244183349
3198.10 0.000244313808
3198.20 0.000244444266
3198.30 0.000244574725
3198.40 0.000244705183
3198.50 0.000244835641
3198.60 0.000244966100
3198.70 0.000245096558
3198.80 0.000245227017
3198.90 0.000245357475
3199.00 0.000245487933
3199.10 0.000245618392
3199.20 0.000245748850
3199.30 0.000245879309
3199.40 0.000246009767
3199.50 0.000246140226
3199.60 0.000246270684
3199.70 0.000246401142
3199.80 0.000246531601
3199.90 0.000246662059
3200.00 0.000246738891
3200.10 0.000246436690
3200.20 0.000246134489
3200.30 0.000245832288
3200.40 0.000245530087
3200.50 0.000245227886
3200.60 0.000244925685
3200.70 0.000244623484
3200.80 0.000244321283
3200.90 0.000244019082
3201.00 0.000243716881
3201.10 0.000243414680
3201.20 0.000243112479
3201.30 0.000242810278
3201.40 0.000242508077
3201.50 0.000242205876
3201.60 0.000241903675
3201.70 0.000241601474
3201.80 0.000241299273
3201.90 0.000240997072
3202.00 0.000240694871
3202.10 0.000240392670
3202.20 0.000240090469
3202.30 0.000239788268
3202.40 0.000239486067
3202.50 0.000239183866
3202.60 0.000238881665
3202.70 0.000238579464
3202.80 0.000238277263
3202.90 0.000237975062
3203.00 0.000237672861
3203.10 0.000237370660
3203.20 0.000237068459
3203.30 0.000236766258
3203.40 0.000236464057
3203.50 0.000236161856
3203.60 0.000235859655
3203.70 0.000235557454
3203.80 0.000235255252
3203.90 0.000234953051
3204.00 0.000234650850
3204.10 0.000234348649
3204.20 0.000234046448
3204.30 0.000233744247
3204.40 0.000233442046
3204.50 0.000233139845
3204.60 0.000232837644
3204.70 0.000232535443
3204.80 0.000232233242
3204.90 0.000231931041
3205.00 0.000231628840
3205.10 0.000231326639
3205.20 0.000231024438
3205.30 0.000230722237
3205.40 0.000230420036
3205.50 0.000230117835
3205.60 0.000229815634
3205.70 0.000229513433
3205.80 0.000229211232
3205.90 0.000228909031
3206.00 0.000228606830
3206.10 0.000228304629
3206.20 0.000228002428
3206.30 0.000227700227
3206.40 0.000227398026
3206.50 0.000227095825
3206.60 0.000226793624
3206.70 0.000226491423
3206.80 0.000226189222
3206.90 0.000225887021
3207.00 0.000225584820
3207.10 0.000225282619
3207.20 0.000224980418
3207.30 0.000224678217
3207.40 0.000224376016
3207.50 0.000224073815
3207.60 0.000223771614
3207.70 0.000223469413
3207.80 0.000223167212
3207.90 0.000222865011
3208.00 0.000222562810
3208.10 0.000222260609
3208.20 0.000221958408
3208.30 0.000221656207
3208.40 0.000221354006
3208.50 0.000221051805
3208.60 0.000220749603
3208.70 0.000220447402
3208.80 0.000220145201
3208.90 0.000219843000
3209.00 0.000219540799
3209.10 0.000219238598
3209.20 0.000218936397
3209.30 0.000218634196
3209.40 0.000218331995
3209.50 0.000218029794
3209.60 0.000217727593
3209.70 0.000217425392
3209.80 0.000217123191
3209.90 0.000216820990
3210.00 0.000216518789
3210.10 0.000217103852
3210.20 0.000218082571
3210.30 0.000219061290
3210.40 0.000220040009
3210.50 0.000221018728
3210.60 0.000221997447
3210.70 0.000222976166
3210.80 0.000223954885
3210.90 0.000224933604
3211.00 0.000225912323
3211.10 0.000226891041
3211.20 0.000227869760
3211.30 0.000228848479
3211.40 0.000229827198
3211.50 0.000230805917
3211.60 0.000231784636
3211.70 0.000232763355
3211.80 0.000233742074
3211.90 0.000234720793
3212.00 0.000235699512
3212.10 0.000236678231
3212.20 0.000237656950
3212.30 0.000238635669
3212.40 0.000239614388
3212.50 0.000240593107
3212.60 0.000241571826
3212.70 0.000242550545
3212.80 0.000243529264
3212.90 0.000244507983
3213.00 0.000245486702
3213.10 0.000246465421
3213.20 0.000247444140
3213.30 0.000248422859
3213.40 0.000249401578
3213.50 0.000250380297
3213.60 0.000251359016
3213.70 0.000252337735
3213.80 0.000253316454
3213.90 0.000254295172
3214.00 0.000255273891
3214.10 0.000256252610
3214.20 0.000257231329
3214.30 0.000258210048
3214.40 0.000259188767
3214.50 0.000260167486
3214.60 0.000261146205
3214.70 0.000262124924
3214.80 0.000263103643
3214.90 0.000264082362
3215.00 0.000265061081
3215.10 0.000266039800
3215.20 0.000267018519
3215.30 0.000267997238
3215.40 0.000268975957
3215.50 0.000269954676
3215.60 0.000270933395
3215.70 0.000271912114
3215.80 0.000272890833
3215.90 0.000273869552
3216.00 0.000274848271
3216.10 0.000275826990
3216.20 0.000276805709
3216.30 0.000277784428
3216.40 0.000278763147
3216.50 0.000279741866
3216.60 0.000280720585
3216.70 0.000281699303
3216.80 0.000282678022
3216.90 0.000283656741
3217.00 0.000284635460
3217.10 0.000285614179
3217.20 0.000286592898
3217.30 0.000287571617
3217.40 0.000288550336
3217.50 0.000289529055
3217.60 0.000290507774
3217.70 0.000291486493
3217.80 0.000292465212
3217.90 0.000293443931
3218.00 0.000294422650
3218.10 0.000295401369
3218.20 0.000296380088
3218.30 0.000297358807
3218.40 0.000298337526
3218.50 0.000299316245
3218.60 0.000300294964
3218.70 0.000301273683
3218.80 0.000302252402
3218.90 0.000303231121
3219.00 0.000304209840
3219.10 0.000305188559
3219.20 0.000306167278
3219.30 0.000307145997
3219.40 0.000308124716
3219.50 0.000309103434
3219.60 0.000310082153
3219.70 0.000311060872
3219.80 0.000312039591
3219.90 0.000313018310
3220.00 0.000314188445
3220.10 0.000316174732
3220.20 0.000318161020
3220.30 0.000320147307
3220.40 0.000322133595
3220.50 0.000324119882
3220.60 0.000326106169
3220.70 0.000328092457
3220.80 0.000330078744
3220.90 0.000332065032
3221.00 0.000334051319
3221.10 0.000336037607
3221.20 0.000338023894
3221.30 0.000340010182
3221.40 0.000341996469
3221.50 0.000343982757
3221.60 0.000345969044
3221.70 0.000347955331
3221.80 0.000349941619
3221.90 0.000351927906
3222.00 0.000353914194
3222.10 0.000355900481
3222.20 0.000357886769
3222.30 0.000359873056
3222.40 0.000361859344
3222.50 0.000363845631
3222.60 0.000365831918
3222.70 0.000367818206
3222.80 0.000369804493
3222.90 0.000371790781
3223.00 0.000373777068
3223.10 0.000375763356
3223.20 0.000377749643
3223.30 0.000379735931
3223.40 0.000381722218
3223.50 0.000383708506
3223.60 0.000385694793
3223.70 0.000387681080
3223.80 0.000389667368
3223.90 0.000391653655
3224.00 0.000393639943
3224.10 0.000395626230
3224.20 0.000397612518
3224.30 0.000399598805
3224.40 0.000401585093
3224.50 0.000403571380
3224.60 0.000405557667
3224.70 0.000407543955
3224.80 0.000409530242
3224.90 0.000411516530
3225.00 0.000413502817
3225.10 0.000415489105
3225.20 0.000417475392
3225.30 0.000419461680
3225.40 0.000421447967
3225.50 0.000423434255
3225.60 0.000425420542
3225.70 0.000427406829
3225.80 0.000429393117
3225.90 0.000431379404
3226.00 0.000433365692
3226.10 0.000435351979
3226.20 0.000437338267
3226.30 0.000439324554
3226.40 0.000441310842
3226.50 0.000443297129
3226.60 0.000445283416
3226.70 0.000447269704
3226.80 0.000449255991
3226.90 0.000451242279
3227.00 0.000453228566
3227.10 0.000455214854
3227.20 0.000457201141
3227.30 0.000459187429
3227.40 0.000461173716
3227.50 0.000463160004
3227.60 0.000465146291
3227.70 0.000467132578
3227.80 0.000469118866
3227.90 0.000471105153
3228.00 0.000473091441
3228.10 0.000475077728
3228.20 0.000477064016
3228.30 0.000479050303
3228.40 0.000481036591
3228.50 0.000483022878
3228.60 0.000485009165
3228.70 0.000486995453
3228.80 0.000488981740
3228.90 0.000490968028
3229.00 0.000492954315
3229.10 0.000494940603
3229.20 0.000496926890
3229.30 0.000498913178
3229.40 0.000500899465
3229.50 0.000502885753
3229.60 0.000504872040
3229.70 0.000506858327
3229.80 0.000508844615
3229.90 0.000510830902
3230.00 0.000538786106
3230.10 0.000540985088
3230.20 0.000543184070
3230.30 0.000545383051
3230.40 0.000547582033
3230.50 0.000549781015
3230.60 0.000541779443
3230.70 0.000532668022
3230.80 0.000523556602
3230.90 0.000514445181
3231.00 0.000508325016
3231.10 0.000510524542
3231.20 0.000512724068
3231.30 0.000514923594
3231.40 0.000517123121
3231.50 0.000519322647
3231.60 0.000528195760
3231.70 0.000537309436
3231.80 0.000546423111
3231.90 0.000555536787
3232.00 0.000558848671
3232.10 0.000550324383
3232.20 0.000541800094
3232.30 0.000533275806
3232.40 0.000524751518
3232.50 0.000516644920
3232.60 0.000521594549
3232.70 0.000526544179
3232.80 0.000531493809
3232.90 0.000536443439
3233.00 0.000541393069
3233.10 0.000547325056
3233.20 0.000553613482
3233.30 0.000559901908
3233.40 0.000566190335
3233.50 0.000571963923
3233.60 0.000573065165
3233.70 0.000574166407
3233.80 0.000575267649
3233.90 0.000576368891
3234.00 0.000577470133
3234.10 0.000578696430
3234.20 0.000579953345
3234.30 0.000581210260
3234.40 0.000582467175
3234.50 0.000583604069
3234.60 0.000584154826
3234.70 0.000584705584
3234.80 0.000585256341
3234.90 0.000585807098
3235.00 0.000586357856
3235.10 0.000595511641
3235.20 0.000605890521
3235.30 0.000616269401
3235.40 0.000626648282
3235.50 0.000637113826
3235.60 0.000647849153
3235.70 0.000658584479
3235.80 0.000669319806
3235.90 0.000680055133
3236.00 0.000690790460
3236.10 0.000686846016
3236.20 0.000682126190
3236.30 0.000677406364
3236.40 0.000672686538
3236.50 0.000675439237
3236.60 0.000694161639
3236.70 0.000712884041
3236.80 0.000731606443
3236.90 0.000750328845
3237.00 0.000768771159
3237.10 0.000777031391
3237.20 0.000785291623
3237.30 0.000793551855
3237.40 0.000801812087
3237.50 0.000810072319
3237.60 0.000811795364
3237.70 0.000811167259
3237.80 0.000810539153
3237.90 0.000809911048
3238.00 0.000809583567
3238.10 0.000811786947
3238.20 0.000813990327
3238.30 0.000816193707
3238.40 0.000818397087
3238.50 0.000820600467
3238.60 0.000841560928
3238.70 0.000866745536
3238.80 0.000891930144
3238.90 0.000917114752
3239.00 0.000936838705
3239.10 0.000932982229
3239.20 0.000929125752
3239.30 0.000925269276
3239.40 0.000921412800
3239.50 0.000917556323
3239.60 0.000923115548
3239.70 0.000929728373
3239.80 0.000936341198
3239.90 0.000942954023
3240.00 0.000950167401
3240.10 0.000958985294
3240.20 0.000967803186
3240.30 0.000976621079
3240.40 0.000985438972
3240.50 0.000994256864
3240.60 0.000993575004
3240.70 0.000992748414
3240.80 0.000991921825
3240.90 0.000991095236
3241.00 0.000990268647
3241.10 0.000997498914
3241.20 0.001008209552
3241.30 0.001018920190
3241.40 0.001029630828
3241.50 0.001041210739
3241.60 0.001063815582
3241.70 0.001086420425
3241.80 0.001109025268
3241.90 0.001131630111
3242.00 0.001154234954
3242.10 0.001163997895
3242.20 0.001170300472
3242.30 0.001176603049
3242.40 0.001182905625
3242.50 0.001191380432
3242.60 0.001210958027
3242.70 0.001230535623
3242.80 0.001250113218
3242.90 0.001269690813
3243.00 0.001289268408
3243.10 0.001310478646
3243.20 0.001331912365
3243.30 0.001353346085
3243.40 0.001374779804
3243.50 0.001395526117
3243.60 0.001414281368
3243.70 0.001433036619
3243.80 0.001451791870
3243.90 0.001470547121
3244.00 0.001489302372
3244.10 0.001522299858
3244.20 0.001555678755
3244.30 0.001589057652
3244.40 0.001622436549
3244.50 0.001655815447
3244.60 0.001723914288
3244.70 0.001807474161
3244.80 0.001891034034
3244.90 0.001974593907
3245.00 0.002182379467
3245.10 0.004023079784
3245.20 0.005863780101
3245.30 0.007704480418
3245.40 0.009545180735
3245.50 0.011385881052
3245.60 0.023797240053
3245.70 0.039018765742
3245.80 0.054240291430
3245.90 0.069461817119
3246.00 0.085568946775
3246.10 0.106001860437
3246.20 0.126434774098
3246.30 0.146867687759
3246.40 0.167300601420
3246.50 0.187733515081
3246.60 0.208460651414
3246.70 0.229223953443
3246.80 0.249987255471
3246.90 0.270750557500
3247.00 0.291463375160
3247.10 0.312040822950
3247.20 0.332618270740
3247.30 0.353195718530
3247.40 0.373773166320
3247.50 0.394350614110
3247.60 0.416102964592
3247.70 0.437862947957
3247.80 0.459622931322
3247.90 0.481382914687
3248.00 0.503142898052
3248.10 0.526264630705
3248.20 0.549926084357
3248.30 0.573587538009
3248.40 0.597248991661
3248.50 0.620626727690
3248.60 0.641422754931
3248.70 0.662218782172
3248.80 0.683014809412
3248.90 0.703810836653
3249.00 0.724606863894
3249.10 0.746596249682
3249.20 0.768842399466
3249.30 0.791088549249
3249.40 0.813334699032
3249.50 0.835516673222
3249.60 0.857452709296
3249.70 0.879388745371
3249.80 0.901324781445
3249.90 0.923260817519
3250.00 0.945196853594
3250.10 0.957287302274
3250.20 0.968661397756
3250.30 0.980035493238
3250.40 0.991409588720
3250.50 0.999235035389
3250.60 0.999426276542
3250.70 0.999617517695
3250.80 0.999808758847
3250.90 1.000000000000
3251.00 0.999803773464
3251.10 0.991163819284
3251.20 0.982523865105
3251.30 0.973883910925
3251.40 0.965243956746
3251.50 0.956604002566
3251.60 0.939842541096
3251.70 0.920670492384
3251.80 0.901498443671
3251.90 0.882326394959
3252.00 0.862738858125
3252.10 0.840937687614
3252.20 0.819136517104
3252.30 0.797335346594
3252.40 0.775534176084
3252.50 0.753733005573
3252.60 0.734858436976
3252.70 0.716358232130
3252.80 0.697858027284
3252.90 0.679357822438
3253.00 0.659803778304
3253.10 0.637466553554
3253.20 0.615129328803
3253.30 0.592792104053
3253.40 0.570454879302
3253.50 0.548128547588
3253.60 0.528202007724
3253.70 0.508275467860
3253.80 0.488348927996
3253.90 0.468422388131
3254.00 0.448495848267
3254.10 0.427616654414
3254.20 0.406394138939
3254.30 0.385171623465
3254.40 0.363949107990
3254.50 0.342326492810
3254.60 0.317900794705
3254.70 0.293475096600
3254.80 0.269049398495
3254.90 0.244623700390
3255.00 0.220198002285
3255.10 0.199355988843
3255.20 0.179112996394
3255.30 0.158870003945
3255.40 0.138627011496
3255.50 0.118913360344
3255.60 0.100806923892
3255.70 0.082700487440
3255.80 0.064594050988
3255.90 0.046487614536
3256.00 0.028381178085
3256.10 0.023237808565
3256.20 0.018346243296
3256.30 0.013454678026
3256.40 0.008563112756
3256.50 0.003671547486
3256.60 0.002187346015
3256.70 0.002062418989
3256.80 0.001937491963
3256.90 0.001812564937
3257.00 0.001697890126
3257.10 0.001668275979
3257.20 0.001638661833
3257.30 0.001609047686
3257.40 0.001579433540
3257.50 0.001549819393
3257.60 0.001517703372
3257.70 0.001485120579
3257.80 0.001452537785
3257.90 0.001419954991
3258.00 0.001389841905
3258.10 0.001367695607
3258.20 0.001345549310
3258.30 0.001323403013
3258.40 0.001301256715
3258.50 0.001279110418
3258.60 0.001263697566
3258.70 0.001248470459
3258.80 0.001233243352
3258.90 0.001218016245
3259.00 0.001202789138
3259.10 0.001184665548
3259.20 0.001165361003
3259.30 0.001146056459
3259.40 0.001126751914
3259.50 0.001106334477
3259.60 0.001076531311
3259.70 0.001046728145
3259.80 0.001016924978
3259.90 0.000987121812
3260.00 0.000957318646
3260.10 0.000945439127
3260.20 0.000936859221
3260.30 0.000928279316
3260.40 0.000919699410
3260.50 0.000911119505
3260.60 0.000902539599
3260.70 0.000893959694
3260.80 0.000885379788
3260.90 0.000876799883
3261.00 0.000868219978
3261.10 0.000859640072
3261.20 0.000851060167
3261.30 0.000842480261
3261.40 0.000833900356
3261.50 0.000825320450
3261.60 0.000816740545
3261.70 0.000808160639
3261.80 0.000799580734
3261.90 0.000791000828
3262.00 0.000782420923
3262.10 0.000773841018
3262.20 0.000765261112
3262.30 0.000756681207
3262.40 0.000748101301
3262.50 0.000739521396
3262.60 0.000730941490
3262.70 0.000722361585
3262.80 0.000713781679
3262.90 0.000705201774
3263.00 0.000696621868
3263.10 0.000688041963
3263.20 0.000679462058
3263.30 0.000670882152
3263.40 0.000662302247
3263.50 0.000653722341
3263.60 0.000645142436
3263.70 0.000636562530
3263.80 0.000627982625
3263.90 0.000619402719
3264.00 0.000610822814
3264.10 0.000602242909
3264.20 0.000593663003
3264.30 0.000585083098
3264.40 0.000576503192
3264.50 0.000567923287
3264.60 0.000559343381
3264.70 0.000550763476
3264.80 0.000542183570
3264.90 0.000533603665
3265.00 0.000525023759
3265.10 0.000521563289
3265.20 0.000518700852
3265.30 0.000515838415
3265.40 0.000512975978
3265.50 0.000510113541
3265.60 0.000507251104
3265.70 0.000504388666
3265.80 0.000501526229
3265.90 0.000498663792
3266.00 0.000495801355
3266.10 0.000492938918
3266.20 0.000490076481
3266.30 0.000487214043
3266.40 0.000484351606
3266.50 0.000481489169
3266.60 0.000478626732
3266.70 0.000475764295
3266.80 0.000472901858
3266.90 0.000470039421
3267.00 0.000467176983
3267.10 0.000464314546
3267.20 0.000461452109
3267.30 0.000458589672
3267.40 0.000455727235
3267.50 0.000452864798
3267.60 0.000450002360
3267.70 0.000447139923
3267.80 0.000444277486
3267.90 0.000441415049
3268.00 0.000438552612
3268.10 0.000435690175
3268.20 0.000432827737
3268.30 0.000429965300
3268.40 0.000427102863
3268.50 0.000424240426
3268.60 0.000421377989
3268.70 0.000418515552
3268.80 0.000415653115
3268.90 0.000412790677
3269.00 0.000409928240
3269.10 0.000407065803
3269.20 0.000404203366
3269.30 0.000401340929
3269.40 0.000398478492
3269.50 0.000395616054
3269.60 0.000392753617
3269.70 0.000389891180
3269.80 0.000387028743
3269.90 0.000384166306
3270.00 0.000457357089
3270.10 0.000454347890
3270.20 0.000451994871
3270.30 0.000449641852
3270.40 0.000447288833
3270.50 0.000444935814
3270.60 0.000444966851
3270.70 0.000446081929
3270.80 0.000447197006
3270.90 0.000448312084
3271.00 0.000449269603
3271.10 0.000449091719
3271.20 0.000448913835
3271.30 0.000448735951
3271.40 0.000448558067
3271.50 0.000448380183
3271.60 0.000447859737
3271.70 0.000447303229
3271.80 0.000446746720
3271.90 0.000446190212
3272.00 0.000445633704
3272.10 0.000445389674
3272.20 0.000445287101
3272.30 0.000445184527
3272.40 0.000445081954
3272.50 0.000445274012
3272.60 0.000447535157
3272.70 0.000449796302
3272.80 0.000452057448
3272.90 0.000454318593
3273.00 0.000456579738
3273.10 0.000456556011
3273.20 0.000456305312
3273.30 0.000456054614
3273.40 0.000455803916
3273.50 0.000455553218
3273.60 0.000453835180
3273.70 0.000451474301
3273.80 0.000449113422
3273.90 0.000446752543
3274.00 0.000444437970
3274.10 0.000442424043
3274.20 0.000440410116
3274.30 0.000438396189
3274.40 0.000436382262
3274.50 0.000434368335
3274.60 0.000433341168
3274.70 0.000432399157
3274.80 0.000431457146
3274.90 0.000430515134
3275.00 0.000429573123
3275.10 0.000428128725
3275.20 0.000426477506
3275.30 0.000424826287
3275.40 0.000423175068
3275.50 0.000421363612
3275.60 0.000418632038
3275.70 0.000415900464
3275.80 0.000413168890
3275.90 0.000410437316
3276.00 0.000407705741
3276.10 0.000406801397
3276.20 0.000406018855
3276.30 0.000405236314
3276.40 0.000404453772
3276.50 0.000403671230
3276.60 0.000400646467
3276.70 0.000396781512
3276.80 0.000392916557
3276.90 0.000389051602
3277.00 0.000385132171
3277.10 0.000380945254
3277.20 0.000376758338
3277.30 0.000372571421
3277.40 0.000368384504
3277.50 0.000364197588
3277.60 0.000360894687
3277.70 0.000357628154
3277.80 0.000354361621
3277.90 0.000351095088
3278.00 0.000347828555
3278.10 0.000346959822
3278.20 0.000346879726
3278.30 0.000346799630
3278.40 0.000346719534
3278.50 0.000347087191
3278.60 0.000349290221
3278.70 0.000351493251
3278.80 0.000353696280
3278.90 0.000355899310
3279.00 0.000358102340
3279.10 0.000354704600
3279.20 0.000351247417
3279.30 0.000347790234
3279.40 0.000344333051
3279.50 0.000340875868
3279.60 0.000340740363
3279.70 0.000341522117
3279.80 0.000342303871
3279.90 0.000343085625
3280.00 0.000343487706
3280.10 0.000342611929
3280.20 0.000341736151
3280.30 0.000340860373
3280.40 0.000339984596
3280.50 0.000339158991
3280.60 0.000340327692
3280.70 0.000341496393
3280.80 0.000342665094
3280.90 0.000343833795
3281.00 0.000345002496
3281.10 0.000346480761
3281.20 0.000348026633
3281.30 0.000349572504
3281.40 0.000351118376
3281.50 0.000351628196
3281.60 0.000349308713
3281.70 0.000346989230
3281.80 0.000344669747
3281.90 0.000342350264
3282.00 0.000340051894
3282.10 0.000338054199
3282.20 0.000336056504
3282.30 0.000334058808
3282.40 0.000332061113
3282.50 0.000330063418
3282.60 0.000329678826
3282.70 0.000329548314
3282.80 0.000329417802
3282.90 0.000329287290
3283.00 0.000328920050
3283.10 0.000328033321
3283.20 0.000327146593
3283.30 0.000326259865
3283.40 0.000325373137
3283.50 0.000324459378
3283.60 0.000323332848
3283.70 0.000322206318
3283.80 0.000321079788
3283.90 0.000319953258
3284.00 0.000318826728
3284.10 0.000317292129
3284.20 0.000315718707
3284.30 0.000314145284
3284.40 0.000312571862
3284.50 0.000310998440
3284.60 0.000309904326
3284.70 0.000309001956
3284.80 0.000308099585
3284.90 0.000307197215
3285.00 0.000306254984
3285.10 0.000305112277
3285.20 0.000303969570
3285.30 0.000302826863
3285.40 0.000301684157
3285.50 0.000300541450
3285.60 0.000294261078
3285.70 0.000287812846
3285.80 0.000281364614
3285.90 0.000274916383
3286.00 0.000268468151
3286.10 0.000268675902
3286.20 0.000270853927
3286.30 0.000273031952
3286.40 0.000275209977
3286.50 0.000276433588
3286.60 0.000274370234
3286.70 0.000272306880
3286.80 0.000270243526
3286.90 0.000268180172
3287.00 0.000266164521
3287.10 0.000265711254
3287.20 0.000265257987
3287.30 0.000264804721
3287.40 0.000264351454
3287.50 0.000263898188
3287.60 0.000263378398
3287.70 0.000262845460
3287.80 0.000262312522
3287.90 0.000261779584
3288.00 0.000261252962
3288.10 0.000260741789
3288.20 0.000260230616
3288.30 0.000259719443
3288.40 0.000259208269
3288.50 0.000258610723
3288.60 0.000257208408
3288.70 0.000255806094
3288.80 0.000254403779
3288.90 0.000253001464
3289.00 0.000251599150
3289.10 0.000251428873
3289.20 0.000251388898
3289.30 0.000251348923
3289.40 0.000251308948
3289.50 0.000251268973
3289.60 0.000251656584
3289.70 0.000252216718
3289.80 0.000252776852
3289.90 0.000253336986
3290.00 0.000247257270
3290.10 0.000246983840
3290.20 0.000246710410
3290.30 0.000246436980
3290.40 0.000246163550
3290.50 0.000245890121
3290.60 0.000245616691
3290.70 0.000245343261
3290.80 0.000245069831
3290.90 0.000244796402
3291.00 0.000244522972
3291.10 0.000244249542
3291.20 0.000243976112
3291.30 0.000243702683
3291.40 0.000243429253
3291.50 0.000243155823
3291.60 0.000242882393
3291.70 0.000242608964
3291.80 0.000242335534
3291.90 0.000242062104
3292.00 0.000241788674
3292.10 0.000241515245
3292.20 0.000241241815
3292.30 0.000240968385
3292.40 0.000240694955
3292.50 0.000240421525
3292.60 0.000240148096
3292.70 0.000239874666
3292.80 0.000239601236
3292.90 0.000239327806
3293.00 0.000239054377
3293.10 0.000238780947
3293.20 0.000238507517
3293.30 0.000238234087
3293.40 0.000237960658
3293.50 0.000237687228
3293.60 0.000237413798
3293.70 0.000237140368
3293.80 0.000236866939
3293.90 0.000236593509
3294.00 0.000236320079
3294.10 0.000236046649
3294.20 0.000235773220
3294.30 0.000235499790
3294.40 0.000235226360
3294.50 0.000234952930
3294.60 0.000234679500
3294.70 0.000234406071
3294.80 0.000234132641
3294.90 0.000233859211
3295.00 0.000233585781
3295.10 0.000233434729
3295.20 0.000233304060
3295.30 0.000233173392
3295.40 0.000233042723
3295.50 0.000232912055
3295.60 0.000232781386
3295.70 0.000232650718
3295.80 0.000232520049
3295.90 0.000232389381
3296.00 0.000232258712
3296.10 0.000232128044
3296.20 0.000231997375
3296.30 0.000231866707
3296.40 0.000231736038
3296.50 0.000231605370
3296.60 0.000231474701
3296.70 0.000231344033
3296.80 0.000231213364
3296.90 0.000231082696
3297.00 0.000230952027
3297.10 0.000230821359
3297.20 0.000230690690
3297.30 0.000230560022
3297.40 0.000230429353
3297.50 0.000230298685
3297.60 0.000230168016
3297.70 0.000230037348
3297.80 0.000229906679
3297.90 0.000229776011
3298.00 0.000229645342
3298.10 0.000229514674
3298.20 0.000229384005
3298.30 0.000229253337
3298.40 0.000229122668
3298.50 0.000228992000
3298.60 0.000228861331
3298.70 0.000228730663
3298.80 0.000228599994
3298.90 0.000228469326
3299.00 0.000228338657
3299.10 0.000228207989
3299.20 0.000228077320
3299.30 0.000227946652
3299.40 0.000227815983
3299.50 0.000227685315
3299.60 0.000227554646
3299.70 0.000227423978
3299.80 0.000227293309
3299.90 0.000227162641
3300.00 0.000226987940
3300.10 0.000226687095
3300.20 0.000226386251
3300.30 0.000226085406
3300.40 0.000225784562
3300.50 0.000225483717
3300.60 0.000225182873
3300.70 0.000224882028
3300.80 0.000224581183
3300.90 0.000224280339
3301.00 0.000223979494
3301.10 0.000223678650
3301.20 0.000223377805
3301.30 0.000223076960
3301.40 0.000222776116
3301.50 0.000222475271
3301.60 0.000222174427
3301.70 0.000221873582
3301.80 0.000221572737
3301.90 0.000221271893
3302.00 0.000220971048
3302.10 0.000220670204
3302.20 0.000220369359
3302.30 0.000220068515
3302.40 0.000219767670
3302.50 0.000219466825
3302.60 0.000219165981
3302.70 0.000218865136
3302.80 0.000218564292
3302.90 0.000218263447
3303.00 0.000217962602
3303.10 0.000217661758
3303.20 0.000217360913
3303.30 0.000217060069
3303.40 0.000216759224
3303.50 0.000216458380
3303.60 0.000216157535
3303.70 0.000215856690
3303.80 0.000215555846
3303.90 0.000215255001
3304.00 0.000214954157
3304.10 0.000214653312
3304.20 0.000214352467
3304.30 0.000214051623
3304.40 0.000213750778
3304.50 0.000213449934
3304.60 0.000213149089
3304.70 0.000212848245
3304.80 0.000212547400
3304.90 0.000212246555
3305.00 0.000211947906
3305.10 0.000211672317
3305.20 0.000211396728
3305.30 0.000211121139
3305.40 0.000210845550
3305.50 0.000210569962
3305.60 0.000210294373
3305.70 0.000210018784
3305.80 0.000209743195
3305.90 0.000209467606
3306.00 0.000209192017
3306.10 0.000208916429
3306.20 0.000208640840
3306.30 0.000208365251
3306.40 0.000208089662
3306.50 0.000207814073
3306.60 0.000207538484
3306.70 0.000207262896
3306.80 0.000206987307
3306.90 0.000206711718
3307.00 0.000206436129
3307.10 0.000206160540
3307.20 0.000205884951
3307.30 0.000205609362
3307.40 0.000205333774
3307.50 0.000205058185
3307.60 0.000204782596
3307.70 0.000204507007
3307.80 0.000204231418
3307.90 0.000203955829
3308.00 0.000203680241
3308.10 0.000203404652
3308.20 0.000203129063
3308.30 0.000202853474
3308.40 0.000202577885
3308.50 0.000202302296
3308.60 0.000202026708
3308.70 0.000201751119
3308.80 0.000201475530
3308.90 0.000201199941
3309.00 0.000200924352
3309.10 0.000200648763
3309.20 0.000200373175
3309.30 0.000200097586
3309.40 0.000199821997
3309.50 0.000199546408
3309.60 0.000199270819
3309.70 0.000198995230
3309.80 0.000198719641
3309.90 0.000198444053
3310.00 0.000198168464
3310.10 0.000197930403
3310.20 0.000197692863
3310.30 0.000197455324
3310.40 0.000197217784
3310.50 0.000196980244
3310.60 0.000196742704
3310.70 0.000196505165
3310.80 0.000196267625
3310.90 0.000196030085
3311.00 0.000195792545
3311.10 0.000195555006
3311.20 0.000195317466
3311.30 0.000195079926
3311.40 0.000194842386
3311.50 0.000194604846
3311.60 0.000194367307
3311.70 0.000194129767
3311.80 0.000193892227
3311.90 0.000193654687
3312.00 0.000193417148
3312.10 0.000193179608
3312.20 0.000192942068
3312.30 0.000192704528
3312.40 0.000192466989
3312.50 0.000192229449
3312.60 0.000191991909
3312.70 0.000191754369
3312.80 0.000191516829
3312.90 0.000191279290
3313.00 0.000191041750
3313.10 0.000190804210
3313.20 0.000190566670
3313.30 0.000190329131
3313.40 0.000190091591
3313.50 0.000189854051
3313.60 0.000189616511
3313.70 0.000189378971
3313.80 0.000189141432
3313.90 0.000188903892
3314.00 0.000188666352
3314.10 0.000188428812
3314.20 0.000188191273
3314.30 0.000187953733
3314.40 0.000187716193
3314.50 0.000187478653
3314.60 0.000187241114
3314.70 0.000187003574
3314.80 0.000186766034
3314.90 0.000186528494
3315.00 0.000186290954
3315.10 0.000185967832
3315.20 0.000185640860
3315.30 0.000185313887
3315.40 0.000184986914
3315.50 0.000184659942
3315.60 0.000184332969
3315.70 0.000184005996
3315.80 0.000183679024
3315.90 0.000183352051
3316.00 0.000183025078
3316.10 0.000182698105
3316.20 0.000182371133
3316.30 0.000182044160
3316.40 0.000181717187
3316.50 0.000181390215
3316.60 0.000181063242
3316.70 0.000180736269
3316.80 0.000180409297
3316.90 0.000180082324
3317.00 0.000179755351
3317.10 0.000179428379
3317.20 0.000179101406
3317.30 0.000178774433
3317.40 0.000178447461
3317.50 0.000178120488
3317.60 0.000177793515
3317.70 0.000177466543
3317.80 0.000177139570
3317.90 0.000176812597
3318.00 0.000176485624
3318.10 0.000176158652
3318.20 0.000175831679
3318.30 0.000175504706
3318.40 0.000175177734
3318.50 0.000174850761
3318.60 0.000174523788
3318.70 0.000174196816
3318.80 0.000173869843
3318.90 0.000173542870
3319.00 0.000173215898
3319.10 0.000172888925
3319.20 0.000172561952
3319.30 0.000172234980
3319.40 0.000171908007
3319.50 0.000171581034
3319.60 0.000171254062
3319.70 0.000170927089
3319.80 0.000170600116
3319.90 0.000170273144
3320.00 0.000169946171
3320.10 0.000210025946
3320.20 0.000210360089
3320.30 0.000210694231
3320.40 0.000211028374
3320.50 0.000211362517
3320.60 0.000211696660
3320.70 0.000212030802
3320.80 0.000212364945
3320.90 0.000212699088
3321.00 0.000213033230
3321.10 0.000213367373
3321.20 0.000213701516
3321.30 0.000214035658
3321.40 0.000214369801
3321.50 0.000214703944
3321.60 0.000215038087
3321.70 0.000215372229
3321.80 0.000215706372
3321.90 0.000216040515
3322.00 0.000216374657
3322.10 0.000216708800
3322.20 0.000217042943
3322.30 0.000217377086
3322.40 0.000217711228
3322.50 0.000218045371
3322.60 0.000218379514
3322.70 0.000218713656
3322.80 0.000219047799
3322.90 0.000219381942
3323.00 0.000219716084
3323.10 0.000220050227
3323.20 0.000220384370
3323.30 0.000220718513
3323.40 0.000221052655
3323.50 0.000221386798
3323.60 0.000221720941
3323.70 0.000222055083
3323.80 0.000222389226
3323.90 0.000222723369
3324.00 0.000223057511
3324.10 0.000223391654
3324.20 0.000223725797
3324.30 0.000224059940
3324.40 0.000224394082
3324.50 0.000224728225
3324.60 0.000225062368
3324.70 0.000225396510
3324.80 0.000225730653
3324.90 0.000226064796
3325.00 0.000226172641
3325.10 0.000225784521
3325.20 0.000225396402
3325.30 0.000225008283
3325.40 0.000224620163
3325.50 0.000224232044
3325.60 0.000223843925
3325.70 0.000223455805
3325.80 0.000223067686
3325.90 0.000222679567
3326.00 0.000222291447
3326.10 0.000221903328
3326.20 0.000221515209
3326.30 0.000221127090
3326.40 0.000220738970
3326.50 0.000220350851
3326.60 0.000219962732
3326.70 0.000219574612
3326.80 0.000219186493
3326.90 0.000218798374
3327.00 0.000218410254
3327.10 0.000218022135
3327.20 0.000217634016
3327.30 0.000217245896
3327.40 0.000216857777
3327.50 0.000216469658
3327.60 0.000216081539
3327.70 0.000215693419
3327.80 0.000215305300
3327.90 0.000214917181
3328.00 0.000214529061
3328.10 0.000214140942
3328.20 0.000213752823
3328.30 0.000213364703
3328.40 0.000212976584
3328.50 0.000212588465
3328.60 0.000212200346
3328.70 0.000211812226
3328.80 0.000211424107
3328.90 0.000211035988
3329.00 0.000210647868
3329.10 0.000210259749
3329.20 0.000209871630
3329.30 0.000209483510
3329.40 0.000209095391
3329.50 0.000208707272
3329.60 0.000208319152
3329.70 0.000207931033
3329.80 0.000207542914
3329.90 0.000207154795
3330.00 0.000206853046
3330.10 0.000208022042
3330.20 0.000209191037
3330.30 0.000210360032
3330.40 0.000211529027
3330.50 0.000212698022
3330.60 0.000213867017
3330.70 0.000215036012
3330.80 0.000216205007
3330.90 0.000217374002
3331.00 0.000218542998
3331.10 0.000219711993
3331.20 0.000220880988
3331.30 0.000222049983
3331.40 0.000223218978
3331.50 0.000224387973
3331.60 0.000225556968
3331.70 0.000226725963
3331.80 0.000227894958
3331.90 0.000229063954
3332.00 0.000230232949
3332.10 0.000231401944
3332.20 0.000232570939
3332.30 0.000233739934
3332.40 0.000234908929
3332.50 0.000236077924
3332.60 0.000237246919
3332.70 0.000238415915
3332.80 0.000239584910
3332.90 0.000240753905
3333.00 0.000241922900
3333.10 0.000243091895
3333.20 0.000244260890
3333.30 0.000245429885
3333.40 0.000246598880
3333.50 0.000247767875
3333.60 0.000248936871
3333.70 0.000250105866
3333.80 0.000251274861
3333.90 0.000252443856
3334.00 0.000253612851
3334.10 0.000254781846
3334.20 0.000255950841
3334.30 0.000257119836
3334.40 0.000258288831
3334.50 0.000259457827
3334.60 0.000260626822
3334.70 0.000261795817
3334.80 0.000262964812
3334.90 0.000264133807
3335.00 0.000265302802
3335.10 0.000264371855
3335.20 0.000263130169
3335.30 0.000261888483
3335.40 0.000260646797
3335.50 0.000259405111
3335.60 0.000258163425
3335.70 0.000256921738
3335.80 0.000255680052
3335.90 0.000254438366
3336.00 0.000253196680
3336.10 0.000251954994
3336.20 0.000250713308
3336.30 0.000249471621
3336.40 0.000248229935
3336.50 0.000246988249
3336.60 0.000245746563
3336.70 0.000244504877
3336.80 0.000243263190
3336.90 0.000242021504
3337.00 0.000240779818
3337.10 0.000239538132
3337.20 0.000238296446
3337.30 0.000237054760
3337.40 0.000235813073
3337.50 0.000234571387
3337.60 0.000233329701
3337.70 0.000232088015
3337.80 0.000230846329
3337.90 0.000229604643
3338.00 0.000228362956
3338.10 0.000227121270
3338.20 0.000225879584
3338.30 0.000224637898
3338.40 0.000223396212
3338.50 0.000222154526
3338.60 0.000220912839
3338.70 0.000219671153
3338.80 0.000218429467
3338.90 0.000217187781
3339.00 0.000215946095
3339.10 0.000214704408
3339.20 0.000213462722
3339.30 0.000212221036
3339.40 0.000210979350
3339.50 0.000209737664
3339.60 0.000208495978
3339.70 0.000207254291
3339.80 0.000206012605
3339.90 0.000204770919
3340.00 0.000203529233
3340.10 0.000203610630
3340.20 0.000204109366
3340.30 0.000204608101
3340.40 0.000205106836
3340.50 0.000205605571
3340.60 0.000206104306
3340.70 0.000206603041
3340.80 0.000207101776
3340.90 0.000207600511
3341.00 0.000208099246
3341.10 0.000208597982
3341.20 0.000209096717
3341.30 0.000209595452
3341.40 0.000210094187
3341.50 0.000210592922
3341.60 0.000211091657
3341.70 0.000211590392
3341.80 0.000212089127
3341.90 0.000212587863
3342.00 0.000213086598
3342.10 0.000213585333
3342.20 0.000214084068
3342.30 0.000214582803
3342.40 0.000215081538
3342.50 0.000215580273
3342.60 0.000216079008
3342.70 0.000216577744
3342.80 0.000217076479
3342.90 0.000217575214
3343.00 0.000218073949
3343.10 0.000218572684
3343.20 0.000219071419
3343.30 0.000219570154
3343.40 0.000220068889
3343.50 0.000220567624
3343.60 0.000221066360
3343.70 0.000221565095
3343.80 0.000222063830
3343.90 0.000222562565
3344.00 0.000223061300
3344.10 0.000223560035
3344.20 0.000224058770
3344.30 0.000224557505
3344.40 0.000225056241
3344.50 0.000225554976
3344.60 0.000226053711
3344.70 0.000226552446
3344.80 0.000227051181
3344.90 0.000227549916
3345.00 0.000228048651
3345.10 0.000228286051
3345.20 0.000228423226
3345.30 0.000228560401
3345.40 0.000228697577
3345.50 0.000228834752
3345.60 0.000228971927
3345.70 0.000229109102
3345.80 0.000229246277
3345.90 0.000229383452
3346.00 0.000229520627
3346.10 0.000229657802
3346.20 0.000229794977
3346.30 0.000229932152
3346.40 0.000230069327
3346.50 0.000230206503
3346.60 0.000230343678
3346.70 0.000230480853
3346.80 0.000230618028
3346.90 0.000230755203
3347.00 0.000230892378
3347.10 0.000231029553
3347.20 0.000231166728
3347.30 0.000231303903
3347.40 0.000231441078
3347.50 0.000231578253
3347.60 0.000231715428
3347.70 0.000231852604
3347.80 0.000231989779
3347.90 0.000232126954
3348.00 0.000232264129
3348.10 0.000232401304
3348.20 0.000232538479
3348.30 0.000232675654
3348.40 0.000232812829
3348.50 0.000232950004
3348.60 0.000233087179
3348.70 0.000233224354
3348.80 0.000233361530
3348.90 0.000233498705
3349.00 0.000233635880
3349.10 0.000233773055
3349.20 0.000233910230
3349.30 0.000234047405
3349.40 0.000234184580
3349.50 0.000234321755
3349.60 0.000234458930
3349.70 0.000234596105
3349.80 0.000234733280
3349.90 0.000234870455
3350.00 0.000235007631
