2960.00 0.000066520530
2960.10 0.000066318056
2960.20 0.000066115582
2960.30 0.000065913108
2960.40 0.000065710634
2960.50 0.000065508160
2960.60 0.000065305686
2960.70 0.000065103212
2960.80 0.000064900738
2960.90 0.000064698264
2961.00 0.000064495790
2961.10 0.000064293316
2961.20 0.000064090842
2961.30 0.000063888368
2961.40 0.000063685894
2961.50 0.000063483420
2961.60 0.000063280946
2961.70 0.000063078472
2961.80 0.000062875998
2961.90 0.000062673524
2962.00 0.000062471050
2962.10 0.000062268576
2962.20 0.000062066102
2962.30 0.000061863628
2962.40 0.000061661154
2962.50 0.000061458680
2962.60 0.000061256206
2962.70 0.000061053732
2962.80 0.000060851258
2962.90 0.000060648784
2963.00 0.000060446310
2963.10 0.000060243836
2963.20 0.000060041362
2963.30 0.000059838888
2963.40 0.000059636414
2963.50 0.000059433940
2963.60 0.000059231466
2963.70 0.000059028992
2963.80 0.000058826518
2963.90 0.000058624044
2964.00 0.000058421570
2964.10 0.000058219096
2964.20 0.000058016622
2964.30 0.000057814148
2964.40 0.000057611674
2964.50 0.000057409200
2964.60 0.000057206726
2964.70 0.000057004252
2964.80 0.000056801778
2964.90 0.000056599304
2965.00 0.000056396830
2965.10 0.000056194356
2965.20 0.000055991882
2965.30 0.000055789408
2965.40 0.000055586934
2965.50 0.000055384460
2965.60 0.000055181986
2965.70 0.000054979512
2965.80 0.000054777038
2965.90 0.000054574564
2966.00 0.000054372090
2966.10 0.000054169616
2966.20 0.000053967142
2966.30 0.000053764668
2966.40 0.000053562195
2966.50 0.000053359721
2966.60 0.000053157247
2966.70 0.000052954773
2966.80 0.000052752299
2966.90 0.000052549825
2967.00 0.000052347351
2967.10 0.000052144877
2967.20 0.000051942403
2967.30 0.000051739929
2967.40 0.000051537455
2967.50 0.000051334981
2967.60 0.000051132507
2967.70 0.000050930033
2967.80 0.000050727559
2967.90 0.000050525085
2968.00 0.000050322611
2968.10 0.000050120137
2968.20 0.000049917663
2968.30 0.000049715189
2968.40 0.000049512715
2968.50 0.000049310241
2968.60 0.000049107767
2968.70 0.000048905293
2968.80 0.000048702819
2968.90 0.000048500345
2969.00 0.000048297871
2969.10 0.000048095397
2969.20 0.000047892923
2969.30 0.000047690449
2969.40 0.000047487975
2969.50 0.000047285501
2969.60 0.000047083027
2969.70 0.000046880553
2969.80 0.000046678079
2969.90 0.000046475605
2970.00 0.000046273131
2970.10 0.000046309577
2970.20 0.000046414097
2970.30 0.000046518617
2970.40 0.000046623137
2970.50 0.000046727657
2970.60 0.000046832176
2970.70 0.000046936696
2970.80 0.000047041216
2970.90 0.000047145736
2971.00 0.000047250256
2971.10 0.000047354776
2971.20 0.000047459296
2971.30 0.000047563816
2971.40 0.000047668336
2971.50 0.000047772856
2971.60 0.000047877376
2971.70 0.000047981896
2971.80 0.000048086416
2971.90 0.000048190936
2972.00 0.000048295456
2972.10 0.000048399976
2972.20 0.000048504496
2972.30 0.000048609016
2972.40 0.000048713536
2972.50 0.000048818056
2972.60 0.000048922575
2972.70 0.000049027095
2972.80 0.000049131615
2972.90 0.000049236135
2973.00 0.000049340655
2973.10 0.000049445175
2973.20 0.000049549695
2973.30 0.000049654215
2973.40 0.000049758735
2973.50 0.000049863255
2973.60 0.000049967775
2973.70 0.000050072295
2973.80 0.000050176815
2973.90 0.000050281335
2974.00 0.000050385855
2974.10 0.000050490375
2974.20 0.000050594895
2974.30 0.000050699415
2974.40 0.000050803935
2974.50 0.000050908454
2974.60 0.000051012974
2974.70 0.000051117494
2974.80 0.000051222014
2974.90 0.000051326534
2975.00 0.000051431054
2975.10 0.000051535574
2975.20 0.000051640094
2975.30 0.000051744614
2975.40 0.000051849134
2975.50 0.000051953654
2975.60 0.000052058174
2975.70 0.000052162694
2975.80 0.000052267214
2975.90 0.000052371734
2976.00 0.000052476254
2976.10 0.000052580774
2976.20 0.000052685294
2976.30 0.000052789814
2976.40 0.000052894333
2976.50 0.000052998853
2976.60 0.000053103373
2976.70 0.000053207893
2976.80 0.000053312413
2976.90 0.000053416933
2977.00 0.000053521453
2977.10 0.000053625973
2977.20 0.000053730493
2977.30 0.000053835013
2977.40 0.000053939533
2977.50 0.000054044053
2977.60 0.000054148573
2977.70 0.000054253093
2977.80 0.000054357613
2977.90 0.000054462133
2978.00 0.000054566653
2978.10 0.000054671173
2978.20 0.000054775693
2978.30 0.000054880213
2978.40 0.000054984732
2978.50 0.000055089252
2978.60 0.000055193772
2978.70 0.000055298292
2978.80 0.000055402812
2978.90 0.000055507332
2979.00 0.000055611852
2979.10 0.000055716372
2979.20 0.000055820892
2979.30 0.000055925412
2979.40 0.000056029932
2979.50 0.000056134452
2979.60 0.000056238972
2979.70 0.000056343492
2979.80 0.000056448012
2979.90 0.000056552532
2980.00 0.000056613279
2980.10 0.000056587114
2980.20 0.000056560949
2980.30 0.000056534784
2980.40 0.000056508619
2980.50 0.000056482454
2980.60 0.000056456289
2980.70 0.000056430124
2980.80 0.000056403959
2980.90 0.000056377794
2981.00 0.000056351629
2981.10 0.000056325464
2981.20 0.000056299299
2981.30 0.000056273134
2981.40 0.000056246969
2981.50 0.000056220804
2981.60 0.000056194639
2981.70 0.000056168474
2981.80 0.000056142309
2981.90 0.000056116144
2982.00 0.000056089979
2982.10 0.000056063814
2982.20 0.000056037649
2982.30 0.000056011484
2982.40 0.000055985319
2982.50 0.000055959154
2982.60 0.000055932989
2982.70 0.000055906824
2982.80 0.000055880659
2982.90 0.000055854494
2983.00 0.000055828329
2983.10 0.000055802164
2983.20 0.000055775999
2983.30 0.000055749834
2983.40 0.000055723669
2983.50 0.000055697504
2983.60 0.000055671339
2983.70 0.000055645174
2983.80 0.000055619009
2983.90 0.000055592844
2984.00 0.000055566679
2984.10 0.000055540514
2984.20 0.000055514349
2984.30 0.000055488184
2984.40 0.000055462019
2984.50 0.000055435854
2984.60 0.000055409689
2984.70 0.000055383524
2984.80 0.000055357359
2984.90 0.000055331194
2985.00 0.000055305029
2985.10 0.000055278864
2985.20 0.000055252699
2985.30 0.000055226534
2985.40 0.000055200369
2985.50 0.000055174204
2985.60 0.000055148039
2985.70 0.000055121874
2985.80 0.000055095709
2985.90 0.000055069544
2986.00 0.000055043379
2986.10 0.000055017214
2986.20 0.000054991049
2986.30 0.000054964884
2986.40 0.000054938719
2986.50 0.000054912554
2986.60 0.000054886389
2986.70 0.000054860224
2986.80 0.000054834059
2986.90 0.000054807894
2987.00 0.000054781729
2987.10 0.000054755564
2987.20 0.000054729399
2987.30 0.000054703234
2987.40 0.000054677069
2987.50 0.000054650904
2987.60 0.000054624739
2987.70 0.000054598574
2987.80 0.000054572409
2987.90 0.000054546244
2988.00 0.000054520079
2988.10 0.000054493914
2988.20 0.000054467749
2988.30 0.000054441584
2988.40 0.000054415419
2988.50 0.000054389254
2988.60 0.000054363089
2988.70 0.000054336924
2988.80 0.000054310759
2988.90 0.000054284594
2989.00 0.000054258429
2989.10 0.000054232264
2989.20 0.000054206099
2989.30 0.000054179934
2989.40 0.000054153769
2989.50 0.000054127604
2989.60 0.000054101439
2989.70 0.000054075274
2989.80 0.000054049109
2989.90 0.000054022944
2990.00 0.000053996779
2990.10 0.000053986646
2990.20 0.000053982379
2990.30 0.000053978112
2990.40 0.000053973845
2990.50 0.000053969578
2990.60 0.000053965311
2990.70 0.000053961043
2990.80 0.000053956776
2990.90 0.000053952509
2991.00 0.000053948242
2991.10 0.000053943975
2991.20 0.000053939708
2991.30 0.000053935441
2991.40 0.000053931174
2991.50 0.000053926906
2991.60 0.000053922639
2991.70 0.000053918372
2991.80 0.000053914105
2991.90 0.000053909838
2992.00 0.000053905571
2992.10 0.000053901304
2992.20 0.000053897036
2992.30 0.000053892769
2992.40 0.000053888502
2992.50 0.000053884235
2992.60 0.000053879968
2992.70 0.000053875701
2992.80 0.000053871434
2992.90 0.000053867167
2993.00 0.000053862899
2993.10 0.000053858632
2993.20 0.000053854365
2993.30 0.000053850098
2993.40 0.000053845831
2993.50 0.000053841564
2993.60 0.000053837297
2993.70 0.000053833030
2993.80 0.000053828762
2993.90 0.000053824495
2994.00 0.000053820228
2994.10 0.000053815961
2994.20 0.000053811694
2994.30 0.000053807427
2994.40 0.000053803160
2994.50 0.000053798893
2994.60 0.000053794625
2994.70 0.000053790358
2994.80 0.000053786091
2994.90 0.000053781824
2995.00 0.000053777557
2995.10 0.000053773290
2995.20 0.000053769023
2995.30 0.000053764756
2995.40 0.000053760488
2995.50 0.000053756221
2995.60 0.000053751954
2995.70 0.000053747687
2995.80 0.000053743420
2995.90 0.000053739153
2996.00 0.000053734886
2996.10 0.000053730618
2996.20 0.000053726351
2996.30 0.000053722084
2996.40 0.000053717817
2996.50 0.000053713550
2996.60 0.000053709283
2996.70 0.000053705016
2996.80 0.000053700749
2996.90 0.000053696481
2997.00 0.000053692214
2997.10 0.000053687947
2997.20 0.000053683680
2997.30 0.000053679413
2997.40 0.000053675146
2997.50 0.000053670879
2997.60 0.000053666612
2997.70 0.000053662344
2997.80 0.000053658077
2997.90 0.000053653810
2998.00 0.000053649543
2998.10 0.000053645276
2998.20 0.000053641009
2998.30 0.000053636742
2998.40 0.000053632475
2998.50 0.000053628207
2998.60 0.000053623940
2998.70 0.000053619673
2998.80 0.000053615406
2998.90 0.000053611139
2999.00 0.000053606872
2999.10 0.000053602605
2999.20 0.000053598338
2999.30 0.000053594070
2999.40 0.000053589803
2999.50 0.000053585536
2999.60 0.000053581269
2999.70 0.000053577002
2999.80 0.000053572735
2999.90 0.000053568468
3000.00 0.000053565744
3000.10 0.000053584121
3000.20 0.000053602498
3000.30 0.000053620875
3000.40 0.000053639252
3000.50 0.000053657629
3000.60 0.000053676006
3000.70 0.000053694383
3000.80 0.000053712760
3000.90 0.000053731137
3001.00 0.000053749514
3001.10 0.000053767891
3001.20 0.000053786268
3001.30 0.000053804645
3001.40 0.000053823022
3001.50 0.000053841399
3001.60 0.000053859776
3001.70 0.000053878153
3001.80 0.000053896530
3001.90 0.000053914907
3002.00 0.000053933284
3002.10 0.000053951661
3002.20 0.000053970038
3002.30 0.000053988415
3002.40 0.000054006792
3002.50 0.000054025169
3002.60 0.000054043546
3002.70 0.000054061923
3002.80 0.000054080300
3002.90 0.000054098676
3003.00 0.000054117053
3003.10 0.000054135430
3003.20 0.000054153807
3003.30 0.000054172184
3003.40 0.000054190561
3003.50 0.000054208938
3003.60 0.000054227315
3003.70 0.000054245692
3003.80 0.000054264069
3003.90 0.000054282446
3004.00 0.000054300823
3004.10 0.000054319200
3004.20 0.000054337577
3004.30 0.000054355954
3004.40 0.000054374331
3004.50 0.000054392708
3004.60 0.000054411085
3004.70 0.000054429462
3004.80 0.000054447839
3004.90 0.000054466216
3005.00 0.000054484593
3005.10 0.000054502970
3005.20 0.000054521347
3005.30 0.000054539724
3005.40 0.000054558101
3005.50 0.000054576478
3005.60 0.000054594855
3005.70 0.000054613232
3005.80 0.000054631609
3005.90 0.000054649986
3006.00 0.000054668363
3006.10 0.000054686740
3006.20 0.000054705117
3006.30 0.000054723494
3006.40 0.000054741871
3006.50 0.000054760248
3006.60 0.000054778625
3006.70 0.000054797002
3006.80 0.000054815379
3006.90 0.000054833756
3007.00 0.000054852133
3007.10 0.000054870510
3007.20 0.000054888887
3007.30 0.000054907263
3007.40 0.000054925640
3007.50 0.000054944017
3007.60 0.000054962394
3007.70 0.000054980771
3007.80 0.000054999148
3007.90 0.000055017525
3008.00 0.000055035902
3008.10 0.000055054279
3008.20 0.000055072656
3008.30 0.000055091033
3008.40 0.000055109410
3008.50 0.000055127787
3008.60 0.000055146164
3008.70 0.000055164541
3008.80 0.000055182918
3008.90 0.000055201295
3009.00 0.000055219672
3009.10 0.000055238049
3009.20 0.000055256426
3009.30 0.000055274803
3009.40 0.000055293180
3009.50 0.000055311557
3009.60 0.000055329934
3009.70 0.000055348311
3009.80 0.000055366688
3009.90 0.000055385065
3010.00 0.000055403442
3010.10 0.000055358897
3010.20 0.000055310984
3010.30 0.000055263072
3010.40 0.000055215159
3010.50 0.000055167247
3010.60 0.000055119335
3010.70 0.000055071422
3010.80 0.000055023510
3010.90 0.000054975598
3011.00 0.000054927685
3011.10 0.000054879773
3011.20 0.000054831861
3011.30 0.000054783948
3011.40 0.000054736036
3011.50 0.000054688124
3011.60 0.000054640211
3011.70 0.000054592299
3011.80 0.000054544387
3011.90 0.000054496474
3012.00 0.000054448562
3012.10 0.000054400650
3012.20 0.000054352737
3012.30 0.000054304825
3012.40 0.000054256912
3012.50 0.000054209000
3012.60 0.000054161088
3012.70 0.000054113175
3012.80 0.000054065263
3012.90 0.000054017351
3013.00 0.000053969438
3013.10 0.000053921526
3013.20 0.000053873614
3013.30 0.000053825701
3013.40 0.000053777789
3013.50 0.000053729877
3013.60 0.000053681964
3013.70 0.000053634052
3013.80 0.000053586140
3013.90 0.000053538227
3014.00 0.000053490315
3014.10 0.000053442402
3014.20 0.000053394490
3014.30 0.000053346578
3014.40 0.000053298665
3014.50 0.000053250753
3014.60 0.000053202841
3014.70 0.000053154928
3014.80 0.000053107016
3014.90 0.000053059104
3015.00 0.000053011191
3015.10 0.000052963279
3015.20 0.000052915367
3015.30 0.000052867454
3015.40 0.000052819542
3015.50 0.000052771630
3015.60 0.000052723717
3015.70 0.000052675805
3015.80 0.000052627892
3015.90 0.000052579980
3016.00 0.000052532068
3016.10 0.000052484155
3016.20 0.000052436243
3016.30 0.000052388331
3016.40 0.000052340418
3016.50 0.000052292506
3016.60 0.000052244594
3016.70 0.000052196681
3016.80 0.000052148769
3016.90 0.000052100857
3017.00 0.000052052944
3017.10 0.000052005032
3017.20 0.000051957120
3017.30 0.000051909207
3017.40 0.000051861295
3017.50 0.000051813382
3017.60 0.000051765470
3017.70 0.000051717558
3017.80 0.000051669645
3017.90 0.000051621733
3018.00 0.000051573821
3018.10 0.000051525908
3018.20 0.000051477996
3018.30 0.000051430084
3018.40 0.000051382171
3018.50 0.000051334259
3018.60 0.000051286347
3018.70 0.000051238434
3018.80 0.000051190522
3018.90 0.000051142610
3019.00 0.000051094697
3019.10 0.000051046785
3019.20 0.000050998873
3019.30 0.000050950960
3019.40 0.000050903048
3019.50 0.000050855135
3019.60 0.000050807223
3019.70 0.000050759311
3019.80 0.000050711398
3019.90 0.000050663486
3020.00 0.000050749619
3020.10 0.000050727735
3020.20 0.000050705851
3020.30 0.000050683967
3020.40 0.000050662083
3020.50 0.000050640199
3020.60 0.000050618315
3020.70 0.000050596431
3020.80 0.000050574547
3020.90 0.000050552663
3021.00 0.000050530779
3021.10 0.000050508895
3021.20 0.000050487011
3021.30 0.000050465127
3021.40 0.000050443244
3021.50 0.000050421360
3021.60 0.000050399476
3021.70 0.000050377592
3021.80 0.000050355708
3021.90 0.000050333824
3022.00 0.000050311940
3022.10 0.000050290056
3022.20 0.000050268172
3022.30 0.000050246288
3022.40 0.000050224404
3022.50 0.000050202520
3022.60 0.000050180636
3022.70 0.000050158752
3022.80 0.000050136868
3022.90 0.000050114985
3023.00 0.000050093101
3023.10 0.000050071217
3023.20 0.000050049333
3023.30 0.000050027449
3023.40 0.000050005565
3023.50 0.000049983681
3023.60 0.000049961797
3023.70 0.000049939913
3023.80 0.000049918029
3023.90 0.000049896145
3024.00 0.000049874261
3024.10 0.000049852377
3024.20 0.000049830493
3024.30 0.000049808609
3024.40 0.000049786726
3024.50 0.000049764842
3024.60 0.000049742958
3024.70 0.000049721074
3024.80 0.000049699190
3024.90 0.000049677306
3025.00 0.000049655422
3025.10 0.000049633538
3025.20 0.000049611654
3025.30 0.000049589770
3025.40 0.000049567886
3025.50 0.000049546002
3025.60 0.000049524118
3025.70 0.000049502234
3025.80 0.000049480350
3025.90 0.000049458467
3026.00 0.000049436583
3026.10 0.000049414699
3026.20 0.000049392815
3026.30 0.000049370931
3026.40 0.000049349047
3026.50 0.000049327163
3026.60 0.000049305279
3026.70 0.000049283395
3026.80 0.000049261511
3026.90 0.000049239627
3027.00 0.000049217743
3027.10 0.000049195859
3027.20 0.000049173975
3027.30 0.000049152091
3027.40 0.000049130207
3027.50 0.000049108324
3027.60 0.000049086440
3027.70 0.000049064556
3027.80 0.000049042672
3027.90 0.000049020788
3028.00 0.000048998904
3028.10 0.000048977020
3028.20 0.000048955136
3028.30 0.000048933252
3028.40 0.000048911368
3028.50 0.000048889484
3028.60 0.000048867600
3028.70 0.000048845716
3028.80 0.000048823832
3028.90 0.000048801948
3029.00 0.000048780065
3029.10 0.000048758181
3029.20 0.000048736297
3029.30 0.000048714413
3029.40 0.000048692529
3029.50 0.000048670645
3029.60 0.000048648761
3029.70 0.000048626877
3029.80 0.000048604993
3029.90 0.000048583109
3030.00 0.000048561225
3030.10 0.000048637123
3030.20 0.000048747824
3030.30 0.000048858525
3030.40 0.000048969226
3030.50 0.000049079927
3030.60 0.000049190628
3030.70 0.000049301329
3030.80 0.000049412030
3030.90 0.000049522731
3031.00 0.000049633432
3031.10 0.000049744133
3031.20 0.000049854834
3031.30 0.000049965535
3031.40 0.000050076236
3031.50 0.000050186937
3031.60 0.000050297638
3031.70 0.000050408339
3031.80 0.000050519040
3031.90 0.000050629741
3032.00 0.000050740442
3032.10 0.000050851143
3032.20 0.000050961844
3032.30 0.000051072545
3032.40 0.000051183246
3032.50 0.000051293947
3032.60 0.000051404648
3032.70 0.000051515349
3032.80 0.000051626050
3032.90 0.000051736751
3033.00 0.000051847452
3033.10 0.000051958153
3033.20 0.000052068854
3033.30 0.000052179555
3033.40 0.000052290256
3033.50 0.000052400957
3033.60 0.000052511658
3033.70 0.000052622359
3033.80 0.000052733060
3033.90 0.000052843761
3034.00 0.000052954462
3034.10 0.000053065163
3034.20 0.000053175864
3034.30 0.000053286565
3034.40 0.000053397266
3034.50 0.000053507967
3034.60 0.000053618668
3034.70 0.000053729369
3034.80 0.000053840070
3034.90 0.000053950771
3035.00 0.000054061472
3035.10 0.000054172173
3035.20 0.000054282874
3035.30 0.000054393575
3035.40 0.000054504276
3035.50 0.000054614977
3035.60 0.000054725678
3035.70 0.000054836379
3035.80 0.000054947080
3035.90 0.000055057781
3036.00 0.000055168482
3036.10 0.000055279183
3036.20 0.000055389884
3036.30 0.000055500585
3036.40 0.000055611286
3036.50 0.000055721987
3036.60 0.000055832688
3036.70 0.000055943389
3036.80 0.000056054090
3036.90 0.000056164791
3037.00 0.000056275492
3037.10 0.000056386193
3037.20 0.000056496894
3037.30 0.000056607595
3037.40 0.000056718296
3037.50 0.000056828997
3037.60 0.000056939698
3037.70 0.000057050399
3037.80 0.000057161100
3037.90 0.000057271801
3038.00 0.000057382502
3038.10 0.000057493203
3038.20 0.000057603904
3038.30 0.000057714605
3038.40 0.000057825306
3038.50 0.000057936007
3038.60 0.000058046708
3038.70 0.000058157409
3038.80 0.000058268110
3038.90 0.000058378811
3039.00 0.000058489512
3039.10 0.000058600213
3039.20 0.000058710914
3039.30 0.000058821615
3039.40 0.000058932316
3039.50 0.000059043017
3039.60 0.000059153718
3039.70 0.000059264419
3039.80 0.000059375120
3039.90 0.000059485821
3040.00 0.000059563562
3040.10 0.000059516632
3040.20 0.000059469701
3040.30 0.000059422771
3040.40 0.000059375840
3040.50 0.000059328910
3040.60 0.000059281979
3040.70 0.000059235049
3040.80 0.000059188118
3040.90 0.000059141188
3041.00 0.000059094257
3041.10 0.000059047327
3041.20 0.000059000396
3041.30 0.000058953466
3041.40 0.000058906535
3041.50 0.000058859604
3041.60 0.000058812674
3041.70 0.000058765743
3041.80 0.000058718813
3041.90 0.000058671882
3042.00 0.000058624952
3042.10 0.000058578021
3042.20 0.000058531091
3042.30 0.000058484160
3042.40 0.000058437230
3042.50 0.000058390299
3042.60 0.000058343369
3042.70 0.000058296438
3042.80 0.000058249508
3042.90 0.000058202577
3043.00 0.000058155647
3043.10 0.000058108716
3043.20 0.000058061786
3043.30 0.000058014855
3043.40 0.000057967924
3043.50 0.000057920994
3043.60 0.000057874063
3043.70 0.000057827133
3043.80 0.000057780202
3043.90 0.000057733272
3044.00 0.000057686341
3044.10 0.000057639411
3044.20 0.000057592480
3044.30 0.000057545550
3044.40 0.000057498619
3044.50 0.000057451689
3044.60 0.000057404758
3044.70 0.000057357828
3044.80 0.000057310897
3044.90 0.000057263967
3045.00 0.000057217036
3045.10 0.000057170105
3045.20 0.000057123175
3045.30 0.000057076244
3045.40 0.000057029314
3045.50 0.000056982383
3045.60 0.000056935453
3045.70 0.000056888522
3045.80 0.000056841592
3045.90 0.000056794661
3046.00 0.000056747731
3046.10 0.000056700800
3046.20 0.000056653870
3046.30 0.000056606939
3046.40 0.000056560009
3046.50 0.000056513078
3046.60 0.000056466148
3046.70 0.000056419217
3046.80 0.000056372287
3046.90 0.000056325356
3047.00 0.000056278425
3047.10 0.000056231495
3047.20 0.000056184564
3047.30 0.000056137634
3047.40 0.000056090703
3047.50 0.000056043773
3047.60 0.000055996842
3047.70 0.000055949912
3047.80 0.000055902981
3047.90 0.000055856051
3048.00 0.000055809120
3048.10 0.000055762190
3048.20 0.000055715259
3048.30 0.000055668329
3048.40 0.000055621398
3048.50 0.000055574468
3048.60 0.000055527537
3048.70 0.000055480606
3048.80 0.000055433676
3048.90 0.000055386745
3049.00 0.000055339815
3049.10 0.000055292884
3049.20 0.000055245954
3049.30 0.000055199023
3049.40 0.000055152093
3049.50 0.000055105162
3049.60 0.000055058232
3049.70 0.000055011301
3049.80 0.000054964371
3049.90 0.000054917440
3050.00 0.000054872978
3050.10 0.000054835815
3050.20 0.000054798651
3050.30 0.000054761488
3050.40 0.000054724324
3050.50 0.000054687161
3050.60 0.000054649997
3050.70 0.000054612834
3050.80 0.000054575670
3050.90 0.000054538507
3051.00 0.000054501343
3051.10 0.000054464180
3051.20 0.000054427016
3051.30 0.000054389853
3051.40 0.000054352689
3051.50 0.000054315526
3051.60 0.000054278362
3051.70 0.000054241199
3051.80 0.000054204035
3051.90 0.000054166872
3052.00 0.000054129708
3052.10 0.000054092545
3052.20 0.000054055381
3052.30 0.000054018218
3052.40 0.000053981054
3052.50 0.000053943891
3052.60 0.000053906727
3052.70 0.000053869564
3052.80 0.000053832400
3052.90 0.000053795237
3053.00 0.000053758073
3053.10 0.000053720910
3053.20 0.000053683746
3053.30 0.000053646583
3053.40 0.000053609419
3053.50 0.000053572256
3053.60 0.000053535092
3053.70 0.000053497929
3053.80 0.000053460765
3053.90 0.000053423602
3054.00 0.000053386438
3054.10 0.000053349275
3054.20 0.000053312111
3054.30 0.000053274948
3054.40 0.000053237784
3054.50 0.000053200621
3054.60 0.000053163457
3054.70 0.000053126294
3054.80 0.000053089130
3054.90 0.000053051967
3055.00 0.000053014803
3055.10 0.000052977640
3055.20 0.000052940476
3055.30 0.000052903313
3055.40 0.000052866149
3055.50 0.000052828986
3055.60 0.000052791822
3055.70 0.000052754659
3055.80 0.000052717495
3055.90 0.000052680332
3056.00 0.000052643168
3056.10 0.000052606005
3056.20 0.000052568841
3056.30 0.000052531678
3056.40 0.000052494514
3056.50 0.000052457351
3056.60 0.000052420187
3056.70 0.000052383024
3056.80 0.000052345860
3056.90 0.000052308696
3057.00 0.000052271533
3057.10 0.000052234369
3057.20 0.000052197206
3057.30 0.000052160042
3057.40 0.000052122879
3057.50 0.000052085715
3057.60 0.000052048552
3057.70 0.000052011388
3057.80 0.000051974225
3057.90 0.000051937061
3058.00 0.000051899898
3058.10 0.000051862734
3058.20 0.000051825571
3058.30 0.000051788407
3058.40 0.000051751244
3058.50 0.000051714080
3058.60 0.000051676917
3058.70 0.000051639753
3058.80 0.000051602590
3058.90 0.000051565426
3059.00 0.000051528263
3059.10 0.000051491099
3059.20 0.000051453936
3059.30 0.000051416772
3059.40 0.000051379609
3059.50 0.000051342445
3059.60 0.000051305282
3059.70 0.000051268118
3059.80 0.000051230955
3059.90 0.000051193791
3060.00 0.000051156628
3060.10 0.000051218497
3060.20 0.000051294667
3060.30 0.000051370838
3060.40 0.000051447008
3060.50 0.000051523178
3060.60 0.000051599348
3060.70 0.000051675518
3060.80 0.000051751688
3060.90 0.000051827858
3061.00 0.000051904028
3061.10 0.000051980198
3061.20 0.000052056368
3061.30 0.000052132538
3061.40 0.000052208708
3061.50 0.000052284878
3061.60 0.000052361048
3061.70 0.000052437218
3061.80 0.000052513388
3061.90 0.000052589558
3062.00 0.000052665728
3062.10 0.000052741898
3062.20 0.000052818068
3062.30 0.000052894238
3062.40 0.000052970408
3062.50 0.000053046578
3062.60 0.000053122748
3062.70 0.000053198918
3062.80 0.000053275088
3062.90 0.000053351258
3063.00 0.000053427428
3063.10 0.000053503599
3063.20 0.000053579769
3063.30 0.000053655939
3063.40 0.000053732109
3063.50 0.000053808279
3063.60 0.000053884449
3063.70 0.000053960619
3063.80 0.000054036789
3063.90 0.000054112959
3064.00 0.000054189129
3064.10 0.000054265299
3064.20 0.000054341469
3064.30 0.000054417639
3064.40 0.000054493809
3064.50 0.000054569979
3064.60 0.000054646149
3064.70 0.000054722319
3064.80 0.000054798489
3064.90 0.000054874659
3065.00 0.000054950829
3065.10 0.000055026999
3065.20 0.000055103169
3065.30 0.000055179339
3065.40 0.000055255509
3065.50 0.000055331679
3065.60 0.000055407849
3065.70 0.000055484019
3065.80 0.000055560189
3065.90 0.000055636360
3066.00 0.000055712530
3066.10 0.000055788700
3066.20 0.000055864870
3066.30 0.000055941040
3066.40 0.000056017210
3066.50 0.000056093380
3066.60 0.000056169550
3066.70 0.000056245720
3066.80 0.000056321890
3066.90 0.000056398060
3067.00 0.000056474230
3067.10 0.000056550400
3067.20 0.000056626570
3067.30 0.000056702740
3067.40 0.000056778910
3067.50 0.000056855080
3067.60 0.000056931250
3067.70 0.000057007420
3067.80 0.000057083590
3067.90 0.000057159760
3068.00 0.000057235930
3068.10 0.000057312100
3068.20 0.000057388270
3068.30 0.000057464440
3068.40 0.000057540610
3068.50 0.000057616780
3068.60 0.000057692950
3068.70 0.000057769120
3068.80 0.000057845291
3068.90 0.000057921461
3069.00 0.000057997631
3069.10 0.000058073801
3069.20 0.000058149971
3069.30 0.000058226141
3069.40 0.000058302311
3069.50 0.000058378481
3069.60 0.000058454651
3069.70 0.000058530821
3069.80 0.000058606991
3069.90 0.000058683161
3070.00 0.000058759331
3070.10 0.000058823864
3070.20 0.000058884679
3070.30 0.000058945493
3070.40 0.000059006307
3070.50 0.000059067122
3070.60 0.000059127936
3070.70 0.000059188751
3070.80 0.000059249565
3070.90 0.000059310379
3071.00 0.000059371194
3071.10 0.000059432008
3071.20 0.000059492823
3071.30 0.000059553637
3071.40 0.000059614451
3071.50 0.000059675266
3071.60 0.000059736080
3071.70 0.000059796895
3071.80 0.000059857709
3071.90 0.000059918523
3072.00 0.000059979338
3072.10 0.000060040152
3072.20 0.000060100967
3072.30 0.000060161781
3072.40 0.000060222595
3072.50 0.000060283410
3072.60 0.000060344224
3072.70 0.000060405039
3072.80 0.000060465853
3072.90 0.000060526668
3073.00 0.000060587482
3073.10 0.000060648296
3073.20 0.000060709111
3073.30 0.000060769925
3073.40 0.000060830740
3073.50 0.000060891554
3073.60 0.000060952368
3073.70 0.000061013183
3073.80 0.000061073997
3073.90 0.000061134812
3074.00 0.000061195626
3074.10 0.000061256440
3074.20 0.000061317255
3074.30 0.000061378069
3074.40 0.000061438884
3074.50 0.000061499698
3074.60 0.000061560512
3074.70 0.000061621327
3074.80 0.000061682141
3074.90 0.000061742956
3075.00 0.000061803770
3075.10 0.000061864584
3075.20 0.000061925399
3075.30 0.000061986213
3075.40 0.000062047028
3075.50 0.000062107842
3075.60 0.000062168656
3075.70 0.000062229471
3075.80 0.000062290285
3075.90 0.000062351100
3076.00 0.000062411914
3076.10 0.000062472728
3076.20 0.000062533543
3076.30 0.000062594357
3076.40 0.000062655172
3076.50 0.000062715986
3076.60 0.000062776800
3076.70 0.000062837615
3076.80 0.000062898429
3076.90 0.000062959244
3077.00 0.000063020058
3077.10 0.000063080872
3077.20 0.000063141687
3077.30 0.000063202501
3077.40 0.000063263316
3077.50 0.000063324130
3077.60 0.000063384944
3077.70 0.000063445759
3077.80 0.000063506573
3077.90 0.000063567388
3078.00 0.000063628202
3078.10 0.000063689016
3078.20 0.000063749831
3078.30 0.000063810645
3078.40 0.000063871460
3078.50 0.000063932274
3078.60 0.000063993088
3078.70 0.000064053903
3078.80 0.000064114717
3078.90 0.000064175532
3079.00 0.000064236346
3079.10 0.000064297160
3079.20 0.000064357975
3079.30 0.000064418789
3079.40 0.000064479604
3079.50 0.000064540418
3079.60 0.000064601232
3079.70 0.000064662047
3079.80 0.000064722861
3079.90 0.000064783676
3080.00 0.000064844490
3080.10 0.000065005361
3080.20 0.000065176766
3080.30 0.000065348172
3080.40 0.000065519578
3080.50 0.000065690984
3080.60 0.000065862389
3080.70 0.000066033795
3080.80 0.000066205201
3080.90 0.000066376606
3081.00 0.000066548012
3081.10 0.000066719418
3081.20 0.000066890823
3081.30 0.000067062229
3081.40 0.000067233635
3081.50 0.000067405040
3081.60 0.000067576446
3081.70 0.000067747852
3081.80 0.000067919258
3081.90 0.000068090663
3082.00 0.000068262069
3082.10 0.000068433475
3082.20 0.000068604880
3082.30 0.000068776286
3082.40 0.000068947692
3082.50 0.000069119097
3082.60 0.000069290503
3082.70 0.000069461909
3082.80 0.000069633314
3082.90 0.000069804720
3083.00 0.000069976126
3083.10 0.000070147532
3083.20 0.000070318937
3083.30 0.000070490343
3083.40 0.000070661749
3083.50 0.000070833154
3083.60 0.000071004560
3083.70 0.000071175966
3083.80 0.000071347371
3083.90 0.000071518777
3084.00 0.000071690183
3084.10 0.000071861588
3084.20 0.000072032994
3084.30 0.000072204400
3084.40 0.000072375806
3084.50 0.000072547211
3084.60 0.000072718617
3084.70 0.000072890023
3084.80 0.000073061428
3084.90 0.000073232834
3085.00 0.000073404240
3085.10 0.000073575645
3085.20 0.000073747051
3085.30 0.000073918457
3085.40 0.000074089862
3085.50 0.000074261268
3085.60 0.000074432674
3085.70 0.000074604080
3085.80 0.000074775485
3085.90 0.000074946891
3086.00 0.000075118297
3086.10 0.000075289702
3086.20 0.000075461108
3086.30 0.000075632514
3086.40 0.000075803919
3086.50 0.000075975325
3086.60 0.000076146731
3086.70 0.000076318136
3086.80 0.000076489542
3086.90 0.000076660948
3087.00 0.000076832354
3087.10 0.000077003759
3087.20 0.000077175165
3087.30 0.000077346571
3087.40 0.000077517976
3087.50 0.000077689382
3087.60 0.000077860788
3087.70 0.000078032193
3087.80 0.000078203599
3087.90 0.000078375005
3088.00 0.000078546410
3088.10 0.000078717816
3088.20 0.000078889222
3088.30 0.000079060628
3088.40 0.000079232033
3088.50 0.000079403439
3088.60 0.000079574845
3088.70 0.000079746250
3088.80 0.000079917656
3088.90 0.000080089062
3089.00 0.000080260467
3089.10 0.000080431873
3089.20 0.000080603279
3089.30 0.000080774684
3089.40 0.000080946090
3089.50 0.000081117496
3089.60 0.000081288902
3089.70 0.000081460307
3089.80 0.000081631713
3089.90 0.000081803119
3090.00 0.000081914067
3090.10 0.000081893297
3090.20 0.000081872527
3090.30 0.000081851757
3090.40 0.000081830987
3090.50 0.000081810217
3090.60 0.000081789447
3090.70 0.000081768678
3090.80 0.000081747908
3090.90 0.000081727138
3091.00 0.000081706368
3091.10 0.000081685598
3091.20 0.000081664828
3091.30 0.000081644058
3091.40 0.000081623288
3091.50 0.000081602519
3091.60 0.000081581749
3091.70 0.000081560979
3091.80 0.000081540209
3091.90 0.000081519439
3092.00 0.000081498669
3092.10 0.000081477899
3092.20 0.000081457129
3092.30 0.000081436359
3092.40 0.000081415590
3092.50 0.000081394820
3092.60 0.000081374050
3092.70 0.000081353280
3092.80 0.000081332510
3092.90 0.000081311740
3093.00 0.000081290970
3093.10 0.000081270200
3093.20 0.000081249430
3093.30 0.000081228661
3093.40 0.000081207891
3093.50 0.000081187121
3093.60 0.000081166351
3093.70 0.000081145581
3093.80 0.000081124811
3093.90 0.000081104041
3094.00 0.000081083271
3094.10 0.000081062502
3094.20 0.000081041732
3094.30 0.000081020962
3094.40 0.000081000192
3094.50 0.000080979422
3094.60 0.000080958652
3094.70 0.000080937882
3094.80 0.000080917112
3094.90 0.000080896342
3095.00 0.000080875573
3095.10 0.000080854803
3095.20 0.000080834033
3095.30 0.000080813263
3095.40 0.000080792493
3095.50 0.000080771723
3095.60 0.000080750953
3095.70 0.000080730183
3095.80 0.000080709414
3095.90 0.000080688644
3096.00 0.000080667874
3096.10 0.000080647104
3096.20 0.000080626334
3096.30 0.000080605564
3096.40 0.000080584794
3096.50 0.000080564024
3096.60 0.000080543254
3096.70 0.000080522485
3096.80 0.000080501715
3096.90 0.000080480945
3097.00 0.000080460175
3097.10 0.000080439405
3097.20 0.000080418635
3097.30 0.000080397865
3097.40 0.000080377095
3097.50 0.000080356326
3097.60 0.000080335556
3097.70 0.000080314786
3097.80 0.000080294016
3097.90 0.000080273246
3098.00 0.000080252476
3098.10 0.000080231706
3098.20 0.000080210936
3098.30 0.000080190166
3098.40 0.000080169397
3098.50 0.000080148627
3098.60 0.000080127857
3098.70 0.000080107087
3098.80 0.000080086317
3098.90 0.000080065547
3099.00 0.000080044777
3099.10 0.000080024007
3099.20 0.000080003237
3099.30 0.000079982468
3099.40 0.000079961698
3099.50 0.000079940928
3099.60 0.000079920158
3099.70 0.000079899388
3099.80 0.000079878618
3099.90 0.000079857848
3100.00 0.000079883669
3100.10 0.000080011947
3100.20 0.000080140226
3100.30 0.000080268505
3100.40 0.000080396783
3100.50 0.000080525062
3100.60 0.000080653340
3100.70 0.000080781619
3100.80 0.000080909898
3100.90 0.000081038176
3101.00 0.000081166455
3101.10 0.000081294733
3101.20 0.000081423012
3101.30 0.000081551291
3101.40 0.000081679569
3101.50 0.000081807848
3101.60 0.000081936126
3101.70 0.000082064405
3101.80 0.000082192683
3101.90 0.000082320962
3102.00 0.000082449241
3102.10 0.000082577519
3102.20 0.000082705798
3102.30 0.000082834076
3102.40 0.000082962355
3102.50 0.000083090634
3102.60 0.000083218912
3102.70 0.000083347191
3102.80 0.000083475469
3102.90 0.000083603748
3103.00 0.000083732027
3103.10 0.000083860305
3103.20 0.000083988584
3103.30 0.000084116862
3103.40 0.000084245141
3103.50 0.000084373420
3103.60 0.000084501698
3103.70 0.000084629977
3103.80 0.000084758255
3103.90 0.000084886534
3104.00 0.000085014812
3104.10 0.000085143091
3104.20 0.000085271370
3104.30 0.000085399648
3104.40 0.000085527927
3104.50 0.000085656205
3104.60 0.000085784484
3104.70 0.000085912763
3104.80 0.000086041041
3104.90 0.000086169320
3105.00 0.000086297598
3105.10 0.000086425877
3105.20 0.000086554156
3105.30 0.000086682434
3105.40 0.000086810713
3105.50 0.000086938991
3105.60 0.000087067270
3105.70 0.000087195548
3105.80 0.000087323827
3105.90 0.000087452106
3106.00 0.000087580384
3106.10 0.000087708663
3106.20 0.000087836941
3106.30 0.000087965220
3106.40 0.000088093499
3106.50 0.000088221777
3106.60 0.000088350056
3106.70 0.000088478334
3106.80 0.000088606613
3106.90 0.000088734892
3107.00 0.000088863170
3107.10 0.000088991449
3107.20 0.000089119727
3107.30 0.000089248006
3107.40 0.000089376284
3107.50 0.000089504563
3107.60 0.000089632842
3107.70 0.000089761120
3107.80 0.000089889399
3107.90 0.000090017677
3108.00 0.000090145956
3108.10 0.000090274235
3108.20 0.000090402513
3108.30 0.000090530792
3108.40 0.000090659070
3108.50 0.000090787349
3108.60 0.000090915628
3108.70 0.000091043906
3108.80 0.000091172185
3108.90 0.000091300463
3109.00 0.000091428742
3109.10 0.000091557020
3109.20 0.000091685299
3109.30 0.000091813578
3109.40 0.000091941856
3109.50 0.000092070135
3109.60 0.000092198413
3109.70 0.000092326692
3109.80 0.000092454971
3109.90 0.000092583249
3110.00 0.000092711528
3110.10 0.000092774694
3110.20 0.000092830955
3110.30 0.000092887216
3110.40 0.000092943477
3110.50 0.000092999738
3110.60 0.000093055999
3110.70 0.000093112260
3110.80 0.000093168521
3110.90 0.000093224782
3111.00 0.000093281042
3111.10 0.000093337303
3111.20 0.000093393564
3111.30 0.000093449825
3111.40 0.000093506086
3111.50 0.000093562347
3111.60 0.000093618608
3111.70 0.000093674869
3111.80 0.000093731130
3111.90 0.000093787391
3112.00 0.000093843652
3112.10 0.000093899913
3112.20 0.000093956174
3112.30 0.000094012434
3112.40 0.000094068695
3112.50 0.000094124956
3112.60 0.000094181217
3112.70 0.000094237478
3112.80 0.000094293739
3112.90 0.000094350000
3113.00 0.000094406261
3113.10 0.000094462522
3113.20 0.000094518783
3113.30 0.000094575044
3113.40 0.000094631305
3113.50 0.000094687566
3113.60 0.000094743826
3113.70 0.000094800087
3113.80 0.000094856348
3113.90 0.000094912609
3114.00 0.000094968870
3114.10 0.000095025131
3114.20 0.000095081392
3114.30 0.000095137653
3114.40 0.000095193914
3114.50 0.000095250175
3114.60 0.000095306436
3114.70 0.000095362697
3114.80 0.000095418958
3114.90 0.000095475218
3115.00 0.000095531479
3115.10 0.000095587740
3115.20 0.000095644001
3115.30 0.000095700262
3115.40 0.000095756523
3115.50 0.000095812784
3115.60 0.000095869045
3115.70 0.000095925306
3115.80 0.000095981567
3115.90 0.000096037828
3116.00 0.000096094089
3116.10 0.000096150350
3116.20 0.000096206610
3116.30 0.000096262871
3116.40 0.000096319132
3116.50 0.000096375393
3116.60 0.000096431654
3116.70 0.000096487915
3116.80 0.000096544176
3116.90 0.000096600437
3117.00 0.000096656698
3117.10 0.000096712959
3117.20 0.000096769220
3117.30 0.000096825481
3117.40 0.000096881742
3117.50 0.000096938002
3117.60 0.000096994263
3117.70 0.000097050524
3117.80 0.000097106785
3117.90 0.000097163046
3118.00 0.000097219307
3118.10 0.000097275568
3118.20 0.000097331829
3118.30 0.000097388090
3118.40 0.000097444351
3118.50 0.000097500612
3118.60 0.000097556873
3118.70 0.000097613134
3118.80 0.000097669394
3118.90 0.000097725655
3119.00 0.000097781916
3119.10 0.000097838177
3119.20 0.000097894438
3119.30 0.000097950699
3119.40 0.000098006960
3119.50 0.000098063221
3119.60 0.000098119482
3119.70 0.000098175743
3119.80 0.000098232004
3119.90 0.000098288265
3120.00 0.000098344526
3120.10 0.000098539310
3120.20 0.000098776464
3120.30 0.000099013618
3120.40 0.000099250772
3120.50 0.000099487926
3120.60 0.000099725080
3120.70 0.000099962234
3120.80 0.000100199388
3120.90 0.000100436542
3121.00 0.000100673695
3121.10 0.000100910849
3121.20 0.000101148003
3121.30 0.000101385157
3121.40 0.000101622311
3121.50 0.000101859465
3121.60 0.000102096619
3121.70 0.000102333773
3121.80 0.000102570927
3121.90 0.000102808081
3122.00 0.000103045235
3122.10 0.000103282389
3122.20 0.000103519543
3122.30 0.000103756697
3122.40 0.000103993851
3122.50 0.000104231005
3122.60 0.000104468159
3122.70 0.000104705312
3122.80 0.000104942466
3122.90 0.000105179620
3123.00 0.000105416774
3123.10 0.000105653928
3123.20 0.000105891082
3123.30 0.000106128236
3123.40 0.000106365390
3123.50 0.000106602544
3123.60 0.000106839698
3123.70 0.000107076852
3123.80 0.000107314006
3123.90 0.000107551160
3124.00 0.000107788314
3124.10 0.000108025468
3124.20 0.000108262622
3124.30 0.000108499776
3124.40 0.000108736930
3124.50 0.000108974083
3124.60 0.000109211237
3124.70 0.000109448391
3124.80 0.000109685545
3124.90 0.000109922699
3125.00 0.000110159853
3125.10 0.000110397007
3125.20 0.000110634161
3125.30 0.000110871315
3125.40 0.000111108469
3125.50 0.000111345623
3125.60 0.000111582777
3125.70 0.000111819931
3125.80 0.000112057085
3125.90 0.000112294239
3126.00 0.000112531393
3126.10 0.000112768547
3126.20 0.000113005700
3126.30 0.000113242854
3126.40 0.000113480008
3126.50 0.000113717162
3126.60 0.000113954316
3126.70 0.000114191470
3126.80 0.000114428624
3126.90 0.000114665778
3127.00 0.000114902932
3127.10 0.000115140086
3127.20 0.000115377240
3127.30 0.000115614394
3127.40 0.000115851548
3127.50 0.000116088702
3127.60 0.000116325856
3127.70 0.000116563010
3127.80 0.000116800164
3127.90 0.000117037318
3128.00 0.000117274471
3128.10 0.000117511625
3128.20 0.000117748779
3128.30 0.000117985933
3128.40 0.000118223087
3128.50 0.000118460241
3128.60 0.000118697395
3128.70 0.000118934549
3128.80 0.000119171703
3128.90 0.000119408857
3129.00 0.000119646011
3129.10 0.000119883165
3129.20 0.000120120319
3129.30 0.000120357473
3129.40 0.000120594627
3129.50 0.000120831781
3129.60 0.000121068935
3129.70 0.000121306088
3129.80 0.000121543242
3129.90 0.000121780396
3130.00 0.000122017550
3130.10 0.000122144256
3130.20 0.000122258357
3130.30 0.000122372458
3130.40 0.000122486559
3130.50 0.000122600660
3130.60 0.000122714762
3130.70 0.000122828863
3130.80 0.000122942964
3130.90 0.000123057065
3131.00 0.000123171166
3131.10 0.000123285268
3131.20 0.000123399369
3131.30 0.000123513470
3131.40 0.000123627571
3131.50 0.000123741672
3131.60 0.000123855774
3131.70 0.000123969875
3131.80 0.000124083976
3131.90 0.000124198077
3132.00 0.000124312178
3132.10 0.000124426279
3132.20 0.000124540381
3132.30 0.000124654482
3132.40 0.000124768583
3132.50 0.000124882684
3132.60 0.000124996785
3132.70 0.000125110887
3132.80 0.000125224988
3132.90 0.000125339089
3133.00 0.000125453190
3133.10 0.000125567291
3133.20 0.000125681393
3133.30 0.000125795494
3133.40 0.000125909595
3133.50 0.000126023696
3133.60 0.000126137797
3133.70 0.000126251898
3133.80 0.000126366000
3133.90 0.000126480101
3134.00 0.000126594202
3134.10 0.000126708303
3134.20 0.000126822404
3134.30 0.000126936506
3134.40 0.000127050607
3134.50 0.000127164708
3134.60 0.000127278809
3134.70 0.000127392910
3134.80 0.000127507012
3134.90 0.000127621113
3135.00 0.000127735214
3135.10 0.000127849315
3135.20 0.000127963416
3135.30 0.000128077517
3135.40 0.000128191619
3135.50 0.000128305720
3135.60 0.000128419821
3135.70 0.000128533922
3135.80 0.000128648023
3135.90 0.000128762125
3136.00 0.000128876226
3136.10 0.000128990327
3136.20 0.000129104428
3136.30 0.000129218529
3136.40 0.000129332630
3136.50 0.000129446732
3136.60 0.000129560833
3136.70 0.000129674934
3136.80 0.000129789035
3136.90 0.000129903136
3137.00 0.000130017238
3137.10 0.000130131339
3137.20 0.000130245440
3137.30 0.000130359541
3137.40 0.000130473642
3137.50 0.000130587744
3137.60 0.000130701845
3137.70 0.000130815946
3137.80 0.000130930047
3137.90 0.000131044148
3138.00 0.000131158249
3138.10 0.000131272351
3138.20 0.000131386452
3138.30 0.000131500553
3138.40 0.000131614654
3138.50 0.000131728755
3138.60 0.000131842857
3138.70 0.000131956958
3138.80 0.000132071059
3138.90 0.000132185160
3139.00 0.000132299261
3139.10 0.000132413363
3139.20 0.000132527464
3139.30 0.000132641565
3139.40 0.000132755666
3139.50 0.000132869767
3139.60 0.000132983868
3139.70 0.000133097970
3139.80 0.000133212071
3139.90 0.000133326172
3140.00 0.000133476320
3140.10 0.000133710780
3140.20 0.000133945239
3140.30 0.000134179698
3140.40 0.000134414157
3140.50 0.000134648617
3140.60 0.000134883076
3140.70 0.000135117535
3140.80 0.000135351995
3140.90 0.000135586454
3141.00 0.000135820913
3141.10 0.000136055372
3141.20 0.000136289832
3141.30 0.000136524291
3141.40 0.000136758750
3141.50 0.000136993210
3141.60 0.000137227669
3141.70 0.000137462128
3141.80 0.000137696587
3141.90 0.000137931047
3142.00 0.000138165506
3142.10 0.000138399965
3142.20 0.000138634425
3142.30 0.000138868884
3142.40 0.000139103343
3142.50 0.000139337802
3142.60 0.000139572262
3142.70 0.000139806721
3142.80 0.000140041180
3142.90 0.000140275639
3143.00 0.000140510099
3143.10 0.000140744558
3143.20 0.000140979017
3143.30 0.000141213477
3143.40 0.000141447936
3143.50 0.000141682395
3143.60 0.000141916854
3143.70 0.000142151314
3143.80 0.000142385773
3143.90 0.000142620232
3144.00 0.000142854692
3144.10 0.000143089151
3144.20 0.000143323610
3144.30 0.000143558069
3144.40 0.000143792529
3144.50 0.000144026988
3144.60 0.000144261447
3144.70 0.000144495907
3144.80 0.000144730366
3144.90 0.000144964825
3145.00 0.000145199284
3145.10 0.000145433744
3145.20 0.000145668203
3145.30 0.000145902662
3145.40 0.000146137122
3145.50 0.000146371581
3145.60 0.000146606040
3145.70 0.000146840499
3145.80 0.000147074959
3145.90 0.000147309418
3146.00 0.000147543877
3146.10 0.000147778337
3146.20 0.000148012796
3146.30 0.000148247255
3146.40 0.000148481714
3146.50 0.000148716174
3146.60 0.000148950633
3146.70 0.000149185092
3146.80 0.000149419552
3146.90 0.000149654011
3147.00 0.000149888470
3147.10 0.000150122929
3147.20 0.000150357389
3147.30 0.000150591848
3147.40 0.000150826307
3147.50 0.000151060767
3147.60 0.000151295226
3147.70 0.000151529685
3147.80 0.000151764144
3147.90 0.000151998604
3148.00 0.000152233063
3148.10 0.000152467522
3148.20 0.000152701982
3148.30 0.000152936441
3148.40 0.000153170900
3148.50 0.000153405359
3148.60 0.000153639819
3148.70 0.000153874278
3148.80 0.000154108737
3148.90 0.000154343197
3149.00 0.000154577656
3149.10 0.000154812115
3149.20 0.000155046574
3149.30 0.000155281034
3149.40 0.000155515493
3149.50 0.000155749952
3149.60 0.000155984411
3149.70 0.000156218871
3149.80 0.000156453330
3149.90 0.000156687789
3150.00 0.000156810172
3150.10 0.000156678179
3150.20 0.000156546186
3150.30 0.000156414192
3150.40 0.000156282199
3150.50 0.000156150206
3150.60 0.000156018213
3150.70 0.000155886220
3150.80 0.000155754226
3150.90 0.000155622233
3151.00 0.000155490240
3151.10 0.000155358247
3151.20 0.000155226254
3151.30 0.000155094260
3151.40 0.000154962267
3151.50 0.000154830274
3151.60 0.000154698281
3151.70 0.000154566288
3151.80 0.000154434294
3151.90 0.000154302301
3152.00 0.000154170308
3152.10 0.000154038315
3152.20 0.000153906321
3152.30 0.000153774328
3152.40 0.000153642335
3152.50 0.000153510342
3152.60 0.000153378349
3152.70 0.000153246355
3152.80 0.000153114362
3152.90 0.000152982369
3153.00 0.000152850376
3153.10 0.000152718383
3153.20 0.000152586389
3153.30 0.000152454396
3153.40 0.000152322403
3153.50 0.000152190410
3153.60 0.000152058417
3153.70 0.000151926423
3153.80 0.000151794430
3153.90 0.000151662437
3154.00 0.000151530444
3154.10 0.000151398451
3154.20 0.000151266457
3154.30 0.000151134464
3154.40 0.000151002471
3154.50 0.000150870478
3154.60 0.000150738484
3154.70 0.000150606491
3154.80 0.000150474498
3154.90 0.000150342505
3155.00 0.000150210512
3155.10 0.000150078518
3155.20 0.000149946525
3155.30 0.000149814532
3155.40 0.000149682539
3155.50 0.000149550546
3155.60 0.000149418552
3155.70 0.000149286559
3155.80 0.000149154566
3155.90 0.000149022573
3156.00 0.000148890580
3156.10 0.000148758586
3156.20 0.000148626593
3156.30 0.000148494600
3156.40 0.000148362607
3156.50 0.000148230614
3156.60 0.000148098620
3156.70 0.000147966627
3156.80 0.000147834634
3156.90 0.000147702641
3157.00 0.000147570647
3157.10 0.000147438654
3157.20 0.000147306661
3157.30 0.000147174668
3157.40 0.000147042675
3157.50 0.000146910681
3157.60 0.000146778688
3157.70 0.000146646695
3157.80 0.000146514702
3157.90 0.000146382709
3158.00 0.000146250715
3158.10 0.000146118722
3158.20 0.000145986729
3158.30 0.000145854736
3158.40 0.000145722743
3158.50 0.000145590749
3158.60 0.000145458756
3158.70 0.000145326763
3158.80 0.000145194770
3158.90 0.000145062777
3159.00 0.000144930783
3159.10 0.000144798790
3159.20 0.000144666797
3159.30 0.000144534804
3159.40 0.000144402810
3159.50 0.000144270817
3159.60 0.000144138824
3159.70 0.000144006831
3159.80 0.000143874838
3159.90 0.000143742844
3160.00 0.000143610851
3160.10 0.000144700025
3160.20 0.000145892397
3160.30 0.000147084770
3160.40 0.000148277143
3160.50 0.000149469516
3160.60 0.000150661889
3160.70 0.000151854261
3160.80 0.000153046634
3160.90 0.000154239007
3161.00 0.000155431380
3161.10 0.000156623752
3161.20 0.000157816125
3161.30 0.000159008498
3161.40 0.000160200871
3161.50 0.000161393243
3161.60 0.000162585616
3161.70 0.000163777989
3161.80 0.000164970362
3161.90 0.000166162734
3162.00 0.000167355107
3162.10 0.000168547480
3162.20 0.000169739853
3162.30 0.000170932225
3162.40 0.000172124598
3162.50 0.000173316971
3162.60 0.000174509344
3162.70 0.000175701716
3162.80 0.000176894089
3162.90 0.000178086462
3163.00 0.000179278835
3163.10 0.000180471207
3163.20 0.000181663580
3163.30 0.000182855953
3163.40 0.000184048326
3163.50 0.000185240698
3163.60 0.000186433071
3163.70 0.000187625444
3163.80 0.000188817817
3163.90 0.000190010189
3164.00 0.000191202562
3164.10 0.000192394935
3164.20 0.000193587308
3164.30 0.000194779680
3164.40 0.000195972053
3164.50 0.000197164426
3164.60 0.000198356799
3164.70 0.000199549171
3164.80 0.000200741544
3164.90 0.000201933917
3165.00 0.000203126290
3165.10 0.000204318662
3165.20 0.000205511035
3165.30 0.000206703408
3165.40 0.000207895781
3165.50 0.000209088153
3165.60 0.000210280526
3165.70 0.000211472899
3165.80 0.000212665272
3165.90 0.000213857644
3166.00 0.000215050017
3166.10 0.000216242390
3166.20 0.000217434763
3166.30 0.000218627135
3166.40 0.000219819508
3166.50 0.000221011881
3166.60 0.000222204254
3166.70 0.000223396626
3166.80 0.000224588999
3166.90 0.000225781372
3167.00 0.000226973745
3167.10 0.000228166118
3167.20 0.000229358490
3167.30 0.000230550863
3167.40 0.000231743236
3167.50 0.000232935609
3167.60 0.000234127981
3167.70 0.000235320354
3167.80 0.000236512727
3167.90 0.000237705100
3168.00 0.000238897472
3168.10 0.000240089845
3168.20 0.000241282218
3168.30 0.000242474591
3168.40 0.000243666963
3168.50 0.000244859336
3168.60 0.000246051709
3168.70 0.000247244082
3168.80 0.000248436454
3168.90 0.000249628827
3169.00 0.000250821200
3169.10 0.000252013573
3169.20 0.000253205945
3169.30 0.000254398318
3169.40 0.000255590691
3169.50 0.000256783064
3169.60 0.000257975436
3169.70 0.000259167809
3169.80 0.000260360182
3169.90 0.000261552555
3170.00 0.000262744927
3170.10 0.000262311742
3170.20 0.000261511387
3170.30 0.000260711031
3170.40 0.000259910676
3170.50 0.000259110320
3170.60 0.000258309965
3170.70 0.000257509609
3170.80 0.000256709254
3170.90 0.000255908899
3171.00 0.000255108543
3171.10 0.000254308188
3171.20 0.000253507832
3171.30 0.000252707477
3171.40 0.000251907121
3171.50 0.000251106766
3171.60 0.000250306410
3171.70 0.000249506055
3171.80 0.000248705699
3171.90 0.000247905344
3172.00 0.000247104988
3172.10 0.000246304633
3172.20 0.000245504277
3172.30 0.000244703922
3172.40 0.000243903566
3172.50 0.000243103211
3172.60 0.000242302855
3172.70 0.000241502500
3172.80 0.000240702144
3172.90 0.000239901789
3173.00 0.000239101433
3173.10 0.000238301078
3173.20 0.000237500722
3173.30 0.000236700367
3173.40 0.000235900011
3173.50 0.000235099656
3173.60 0.000234299300
3173.70 0.000233498945
3173.80 0.000232698590
3173.90 0.000231898234
3174.00 0.000231097879
3174.10 0.000230297523
3174.20 0.000229497168
3174.30 0.000228696812
3174.40 0.000227896457
3174.50 0.000227096101
3174.60 0.000226295746
3174.70 0.000225495390
3174.80 0.000224695035
3174.90 0.000223894679
3175.00 0.000223094324
3175.10 0.000222293968
3175.20 0.000221493613
3175.30 0.000220693257
3175.40 0.000219892902
3175.50 0.000219092546
3175.60 0.000218292191
3175.70 0.000217491835
3175.80 0.000216691480
3175.90 0.000215891124
3176.00 0.000215090769
3176.10 0.000214290413
3176.20 0.000213490058
3176.30 0.000212689702
3176.40 0.000211889347
3176.50 0.000211088991
3176.60 0.000210288636
3176.70 0.000209488281
3176.80 0.000208687925
3176.90 0.000207887570
3177.00 0.000207087214
3177.10 0.000206286859
3177.20 0.000205486503
3177.30 0.000204686148
3177.40 0.000203885792
3177.50 0.000203085437
3177.60 0.000202285081
3177.70 0.000201484726
3177.80 0.000200684370
3177.90 0.000199884015
3178.00 0.000199083659
3178.10 0.000198283304
3178.20 0.000197482948
3178.30 0.000196682593
3178.40 0.000195882237
3178.50 0.000195081882
3178.60 0.000194281526
3178.70 0.000193481171
3178.80 0.000192680815
3178.90 0.000191880460
3179.00 0.000191080104
3179.10 0.000190279749
3179.20 0.000189479393
3179.30 0.000188679038
3179.40 0.000187878682
3179.50 0.000187078327
3179.60 0.000186277971
3179.70 0.000185477616
3179.80 0.000184677261
3179.90 0.000183876905
3180.00 0.000183076550
3180.10 0.000183653862
3180.20 0.000184249535
3180.30 0.000184845209
3180.40 0.000185440883
3180.50 0.000186036557
3180.60 0.000186632231
3180.70 0.000187227905
3180.80 0.000187823579
3180.90 0.000188419253
3181.00 0.000189014927
3181.10 0.000189610600
3181.20 0.000190206274
3181.30 0.000190801948
3181.40 0.000191397622
3181.50 0.000191993296
3181.60 0.000192588970
3181.70 0.000193184644
3181.80 0.000193780318
3181.90 0.000194375992
3182.00 0.000194971665
3182.10 0.000195567339
3182.20 0.000196163013
3182.30 0.000196758687
3182.40 0.000197354361
3182.50 0.000197950035
3182.60 0.000198545709
3182.70 0.000199141383
3182.80 0.000199737056
3182.90 0.000200332730
3183.00 0.000200928404
3183.10 0.000201524078
3183.20 0.000202119752
3183.30 0.000202715426
3183.40 0.000203311100
3183.50 0.000203906774
3183.60 0.000204502448
3183.70 0.000205098121
3183.80 0.000205693795
3183.90 0.000206289469
3184.00 0.000206885143
3184.10 0.000207480817
3184.20 0.000208076491
3184.30 0.000208672165
3184.40 0.000209267839
3184.50 0.000209863513
3184.60 0.000210459186
3184.70 0.000211054860
3184.80 0.000211650534
3184.90 0.000212246208
3185.00 0.000212841882
3185.10 0.000213437556
3185.20 0.000214033230
3185.30 0.000214628904
3185.40 0.000215224578
3185.50 0.000215820251
3185.60 0.000216415925
3185.70 0.000217011599
3185.80 0.000217607273
3185.90 0.000218202947
3186.00 0.000218798621
3186.10 0.000219394295
3186.20 0.000219989969
3186.30 0.000220585643
3186.40 0.000221181316
3186.50 0.000221776990
3186.60 0.000222372664
3186.70 0.000222968338
3186.80 0.000223564012
3186.90 0.000224159686
3187.00 0.000224755360
3187.10 0.000225351034
3187.20 0.000225946707
3187.30 0.000226542381
3187.40 0.000227138055
3187.50 0.000227733729
3187.60 0.000228329403
3187.70 0.000228925077
3187.80 0.000229520751
3187.90 0.000230116425
3188.00 0.000230712099
3188.10 0.000231307772
3188.20 0.000231903446
3188.30 0.000232499120
3188.40 0.000233094794
3188.50 0.000233690468
3188.60 0.000234286142
3188.70 0.000234881816
3188.80 0.000235477490
3188.90 0.000236073164
3189.00 0.000236668837
3189.10 0.000237264511
3189.20 0.000237860185
3189.30 0.000238455859
3189.40 0.000239051533
3189.50 0.000239647207
3189.60 0.000240242881
3189.70 0.000240838555
3189.80 0.000241434229
3189.90 0.000242029902
3190.00 0.000242625576
3190.10 0.000242956264
3190.20 0.000243210911
3190.30 0.000243465558
3190.40 0.000243720206
3190.50 0.000243974853
3190.60 0.000244229501
3190.70 0.000244484148
3190.80 0.000244738796
3190.90 0.000244993443
3191.00 0.000245248091
3191.10 0.000245502738
3191.20 0.000245757386
3191.30 0.000246012033
3191.40 0.000246266681
3191.50 0.000246521328
3191.60 0.000246775976
3191.70 0.000247030623
3191.80 0.000247285270
3191.90 0.000247539918
3192.00 0.000247794565
3192.10 0.000248049213
3192.20 0.000248303860
3192.30 0.000248558508
3192.40 0.000248813155
3192.50 0.000249067803
3192.60 0.000249322450
3192.70 0.000249577098
3192.80 0.000249831745
3192.90 0.000250086393
3193.00 0.000250341040
3193.10 0.000250595688
3193.20 0.000250850335
3193.30 0.000251104982
3193.40 0.000251359630
3193.50 0.000251614277
3193.60 0.000251868925
3193.70 0.000252123572
3193.80 0.000252378220
3193.90 0.000252632867
3194.00 0.000252887515
3194.10 0.000253142162
3194.20 0.000253396810
3194.30 0.000253651457
3194.40 0.000253906105
3194.50 0.000254160752
3194.60 0.000254415400
3194.70 0.000254670047
3194.80 0.000254924694
3194.90 0.000255179342
3195.00 0.000255433989
3195.10 0.000255688637
3195.20 0.000255943284
3195.30 0.000256197932
3195.40 0.000256452579
3195.50 0.000256707227
3195.60 0.000256961874
3195.70 0.000257216522
3195.80 0.000257471169
3195.90 0.000257725817
3196.00 0.000257980464
3196.10 0.000258235112
3196.20 0.000258489759
3196.30 0.000258744406
3196.40 0.000258999054
3196.50 0.000259253701
3196.60 0.000259508349
3196.70 0.000259762996
3196.80 0.000260017644
3196.90 0.000260272291
3197.00 0.000260526939
3197.10 0.000260781586
3197.20 0.000261036234
3197.30 0.000261290881
3197.40 0.000261545529
3197.50 0.000261800176
3197.60 0.000262054824
3197.70 0.000262309471
3197.80 0.000262564118
3197.90 0.000262818766
3198.00 0.000263073413
3198.10 0.000263328061
3198.20 0.000263582708
3198.30 0.000263837356
3198.40 0.000264092003
3198.50 0.000264346651
3198.60 0.000264601298
3198.70 0.000264855946
3198.80 0.000265110593
3198.90 0.000265365241
3199.00 0.000265619888
3199.10 0.000265874536
3199.20 0.000266129183
3199.30 0.000266383830
3199.40 0.000266638478
3199.50 0.000266893125
3199.60 0.000267147773
3199.70 0.000267402420
3199.80 0.000267657068
3199.90 0.000267911715
3200.00 0.000268166363
3200.10 0.000267881985
3200.20 0.000267501235
3200.30 0.000267120485
3200.40 0.000266739734
3200.50 0.000266358984
3200.60 0.000265978234
3200.70 0.000265597483
3200.80 0.000265216733
3200.90 0.000264835983
3201.00 0.000264455233
3201.10 0.000264074482
3201.20 0.000263693732
3201.30 0.000263312982
3201.40 0.000262932231
3201.50 0.000262551481
3201.60 0.000262170731
3201.70 0.000261789981
3201.80 0.000261409230
3201.90 0.000261028480
3202.00 0.000260647730
3202.10 0.000260266979
3202.20 0.000259886229
3202.30 0.000259505479
3202.40 0.000259124729
3202.50 0.000258743978
3202.60 0.000258363228
3202.70 0.000257982478
3202.80 0.000257601727
3202.90 0.000257220977
3203.00 0.000256840227
3203.10 0.000256459477
3203.20 0.000256078726
3203.30 0.000255697976
3203.40 0.000255317226
3203.50 0.000254936475
3203.60 0.000254555725
3203.70 0.000254174975
3203.80 0.000253794225
3203.90 0.000253413474
3204.00 0.000253032724
3204.10 0.000252651974
3204.20 0.000252271224
3204.30 0.000251890473
3204.40 0.000251509723
3204.50 0.000251128973
3204.60 0.000250748222
3204.70 0.000250367472
3204.80 0.000249986722
3204.90 0.000249605972
3205.00 0.000249225221
3205.10 0.000248844471
3205.20 0.000248463721
3205.30 0.000248082970
3205.40 0.000247702220
3205.50 0.000247321470
3205.60 0.000246940720
3205.70 0.000246559969
3205.80 0.000246179219
3205.90 0.000245798469
3206.00 0.000245417718
3206.10 0.000245036968
3206.20 0.000244656218
3206.30 0.000244275468
3206.40 0.000243894717
3206.50 0.000243513967
3206.60 0.000243133217
3206.70 0.000242752466
3206.80 0.000242371716
3206.90 0.000241990966
3207.00 0.000241610216
3207.10 0.000241229465
3207.20 0.000240848715
3207.30 0.000240467965
3207.40 0.000240087214
3207.50 0.000239706464
3207.60 0.000239325714
3207.70 0.000238944964
3207.80 0.000238564213
3207.90 0.000238183463
3208.00 0.000237802713
3208.10 0.000237421962
3208.20 0.000237041212
3208.30 0.000236660462
3208.40 0.000236279712
3208.50 0.000235898961
3208.60 0.000235518211
3208.70 0.000235137461
3208.80 0.000234756711
3208.90 0.000234375960
3209.00 0.000233995210
3209.10 0.000233614460
3209.20 0.000233233709
3209.30 0.000232852959
3209.40 0.000232472209
3209.50 0.000232091459
3209.60 0.000231710708
3209.70 0.000231329958
3209.80 0.000230949208
3209.90 0.000230568457
3210.00 0.000230473843
3210.10 0.000231518438
3210.20 0.000232563033
3210.30 0.000233607628
3210.40 0.000234652224
3210.50 0.000235696819
3210.60 0.000236741414
3210.70 0.000237786010
3210.80 0.000238830605
3210.90 0.000239875200
3211.00 0.000240919795
3211.10 0.000241964391
3211.20 0.000243008986
3211.30 0.000244053581
3211.40 0.000245098176
3211.50 0.000246142772
3211.60 0.000247187367
3211.70 0.000248231962
3211.80 0.000249276558
3211.90 0.000250321153
3212.00 0.000251365748
3212.10 0.000252410343
3212.20 0.000253454939
3212.30 0.000254499534
3212.40 0.000255544129
3212.50 0.000256588724
3212.60 0.000257633320
3212.70 0.000258677915
3212.80 0.000259722510
3212.90 0.000260767106
3213.00 0.000261811701
3213.10 0.000262856296
3213.20 0.000263900891
3213.30 0.000264945487
3213.40 0.000265990082
3213.50 0.000267034677
3213.60 0.000268079272
3213.70 0.000269123868
3213.80 0.000270168463
3213.90 0.000271213058
3214.00 0.000272257654
3214.10 0.000273302249
3214.20 0.000274346844
3214.30 0.000275391439
3214.40 0.000276436035
3214.50 0.000277480630
3214.60 0.000278525225
3214.70 0.000279569820
3214.80 0.000280614416
3214.90 0.000281659011
3215.00 0.000282703606
3215.10 0.000283748202
3215.20 0.000284792797
3215.30 0.000285837392
3215.40 0.000286881987
3215.50 0.000287926583
3215.60 0.000288971178
3215.70 0.000290015773
3215.80 0.000291060368
3215.90 0.000292104964
3216.00 0.000293149559
3216.10 0.000294194154
3216.20 0.000295238750
3216.30 0.000296283345
3216.40 0.000297327940
3216.50 0.000298372535
3216.60 0.000299417131
3216.70 0.000300461726
3216.80 0.000301506321
3216.90 0.000302550916
3217.00 0.000303595512
3217.10 0.000304640107
3217.20 0.000305684702
3217.30 0.000306729298
3217.40 0.000307773893
3217.50 0.000308818488
3217.60 0.000309863083
3217.70 0.000310907679
3217.80 0.000311952274
3217.90 0.000312996869
3218.00 0.000314041464
3218.10 0.000315086060
3218.20 0.000316130655
3218.30 0.000317175250
3218.40 0.000318219846
3218.50 0.000319264441
3218.60 0.000320309036
3218.70 0.000321353631
3218.80 0.000322398227
3218.90 0.000323442822
3219.00 0.000324487417
3219.10 0.000325532012
3219.20 0.000326576608
3219.30 0.000327621203
3219.40 0.000328665798
3219.50 0.000329710394
3219.60 0.000330754989
3219.70 0.000331799584
3219.80 0.000332844179
3219.90 0.000333888775
3220.00 0.000335052600
3220.10 0.000336754134
3220.20 0.000338455667
3220.30 0.000340157200
3220.40 0.000341858733
3220.50 0.000343560267
3220.60 0.000345261800
3220.70 0.000346963333
3220.80 0.000348664867
3220.90 0.000350366400
3221.00 0.000352067933
3221.10 0.000353769466
3221.20 0.000355471000
3221.30 0.000357172533
3221.40 0.000358874066
3221.50 0.000360575600
3221.60 0.000362277133
3221.70 0.000363978666
3221.80 0.000365680199
3221.90 0.000367381733
3222.00 0.000369083266
3222.10 0.000370784799
3222.20 0.000372486333
3222.30 0.000374187866
3222.40 0.000375889399
3222.50 0.000377590932
3222.60 0.000379292466
3222.70 0.000380993999
3222.80 0.000382695532
3222.90 0.000384397066
3223.00 0.000386098599
3223.10 0.000387800132
3223.20 0.000389501665
3223.30 0.000391203199
3223.40 0.000392904732
3223.50 0.000394606265
3223.60 0.000396307799
3223.70 0.000398009332
3223.80 0.000399710865
3223.90 0.000401412398
3224.00 0.000403113932
3224.10 0.000404815465
3224.20 0.000406516998
3224.30 0.000408218532
3224.40 0.000409920065
3224.50 0.000411621598
3224.60 0.000413323131
3224.70 0.000415024665
3224.80 0.000416726198
3224.90 0.000418427731
3225.00 0.000420129265
3225.10 0.000421830798
3225.20 0.000423532331
3225.30 0.000425233864
3225.40 0.000426935398
3225.50 0.000428636931
3225.60 0.000430338464
3225.70 0.000432039998
3225.80 0.000433741531
3225.90 0.000435443064
3226.00 0.000437144598
3226.10 0.000438846131
3226.20 0.000440547664
3226.30 0.000442249197
3226.40 0.000443950731
3226.50 0.000445652264
3226.60 0.000447353797
3226.70 0.000449055331
3226.80 0.000450756864
3226.90 0.000452458397
3227.00 0.000454159930
3227.10 0.000455861464
3227.20 0.000457562997
3227.30 0.000459264530
3227.40 0.000460966064
3227.50 0.000462667597
3227.60 0.000464369130
3227.70 0.000466070663
3227.80 0.000467772197
3227.90 0.000469473730
3228.00 0.000471175263
3228.10 0.000472876797
3228.20 0.000474578330
3228.30 0.000476279863
3228.40 0.000477981396
3228.50 0.000479682930
3228.60 0.000481384463
3228.70 0.000483085996
3228.80 0.000484787530
3228.90 0.000486489063
3229.00 0.000488190596
3229.10 0.000489892129
3229.20 0.000491593663
3229.30 0.000493295196
3229.40 0.000494996729
3229.50 0.000496698263
3229.60 0.000498399796
3229.70 0.000500101329
3229.80 0.000501802862
3229.90 0.000503504396
3230.00 0.000505205929
3230.10 0.000519175255
3230.20 0.000536285691
3230.30 0.000553396128
3230.40 0.000570506564
3230.50 0.000578582347
3230.60 0.000558054018
3230.70 0.000537525690
3230.80 0.000516997362
3230.90 0.000496469033
3231.00 0.000477129503
3231.10 0.000491794788
3231.20 0.000506460073
3231.30 0.000521125359
3231.40 0.000535790644
3231.50 0.000550455929
3231.60 0.000554361410
3231.70 0.000556036476
3231.80 0.000557711542
3231.90 0.000559386608
3232.00 0.000559295962
3232.10 0.000554530247
3232.20 0.000549764533
3232.30 0.000544998818
3232.40 0.000540233103
3232.50 0.000536367444
3232.60 0.000544436295
3232.70 0.000552505147
3232.80 0.000560573999
3232.90 0.000568642850
3233.00 0.000576711702
3233.10 0.000588688454
3233.20 0.000601265271
3233.30 0.000613842088
3233.40 0.000626418905
3233.50 0.000630188482
3233.60 0.000614778456
3233.70 0.000599368431
3233.80 0.000583958405
3233.90 0.000568548380
3234.00 0.000556950057
3234.10 0.000575297972
3234.20 0.000593645887
3234.30 0.000611993802
3234.40 0.000630341717
3234.50 0.000648689632
3234.60 0.000646624684
3234.70 0.000642587917
3234.80 0.000638551150
3234.90 0.000634514384
3235.00 0.000630477617
3235.10 0.000626925399
3235.20 0.000623569474
3235.30 0.000620213549
3235.40 0.000616857625
3235.50 0.000615117268
3235.60 0.000621725699
3235.70 0.000628334130
3235.80 0.000634942561
3235.90 0.000641550991
3236.00 0.000648159422
3236.10 0.000657951461
3236.20 0.000667864539
3236.30 0.000677777618
3236.40 0.000687690696
3236.50 0.000697603774
3236.60 0.000692540913
3236.70 0.000682887571
3236.80 0.000673234229
3236.90 0.000663580887
3237.00 0.000657229967
3237.10 0.000662739716
3237.20 0.000668249465
3237.30 0.000673759215
3237.40 0.000679268964
3237.50 0.000684927173
3237.60 0.000697416546
3237.70 0.000709905919
3237.80 0.000722395291
3237.90 0.000734884664
3238.00 0.000747374037
3238.10 0.000757523639
3238.20 0.000767178734
3238.30 0.000776833828
3238.40 0.000786488923
3238.50 0.000793544870
3238.60 0.000793913610
3238.70 0.000794282349
3238.80 0.000794651088
3238.90 0.000795019827
3239.00 0.000796174767
3239.10 0.000805727598
3239.20 0.000815280428
3239.30 0.000824833259
3239.40 0.000834386090
3239.50 0.000843938920
3239.60 0.000851437847
3239.70 0.000858688351
3239.80 0.000865938855
3239.90 0.000873189359
3240.00 0.000880439863
3240.10 0.000892690209
3240.20 0.000907089753
3240.30 0.000921489298
3240.40 0.000935888842
3240.50 0.000950336220
3240.60 0.000965041653
3240.70 0.000979747086
3240.80 0.000994452520
3240.90 0.001009157953
3241.00 0.001023863387
3241.10 0.001036796386
3241.20 0.001049665307
3241.30 0.001062534228
3241.40 0.001075403149
3241.50 0.001088272070
3241.60 0.001109730297
3241.70 0.001133687614
3241.80 0.001157644932
3241.90 0.001181602250
3242.00 0.001199705875
3242.10 0.001198602756
3242.20 0.001197499636
3242.30 0.001196396516
3242.40 0.001195293396
3242.50 0.001195272009
3242.60 0.001218447328
3242.70 0.001241622648
3242.80 0.001264797968
3242.90 0.001287973287
3243.00 0.001311148607
3243.10 0.001352284401
3243.20 0.001396434079
3243.30 0.001440583757
3243.40 0.001484733436
3243.50 0.001524566377
3243.60 0.001555108340
3243.70 0.001585650303
3243.80 0.001616192265
3243.90 0.001646734228
3244.00 0.001678717068
3244.10 0.001720305453
3244.20 0.001761893839
3244.30 0.001803482225
3244.40 0.001845070610
3244.50 0.001886658996
3244.60 0.002278348868
3244.70 0.002690639347
3244.80 0.003102929826
3244.90 0.003515220305
3245.00 0.003927510785
3245.10 0.013389277641
3245.20 0.025721372802
3245.30 0.038053467963
3245.40 0.050385563124
3245.50 0.064368830865
3245.60 0.084113331454
3245.70 0.103857832044
3245.80 0.123602332634
3245.90 0.143346833223
3246.00 0.163149203463
3246.10 0.184378048283
3246.20 0.205606893102
3246.30 0.226835737922
3246.40 0.248064582741
3246.50 0.269293427561
3246.60 0.290255814182
3246.70 0.311173373909
3246.80 0.332090933637
3246.90 0.353008493364
3247.00 0.373926053091
3247.10 0.395893631058
3247.20 0.418369589508
3247.30 0.440845547957
3247.40 0.463321506406
3247.50 0.485810821614
3247.60 0.508382197821
3247.70 0.530953574029
3247.80 0.553524950237
3247.90 0.576096326444
3248.00 0.598667702652
3248.10 0.619216916689
3248.20 0.639680179012
3248.30 0.660143441335
3248.40 0.680606703659
3248.50 0.701069965982
3248.60 0.721682803126
3248.70 0.742338011834
3248.80 0.762993220542
3248.90 0.783648429251
3249.00 0.804302838242
3249.10 0.824954814644
3249.20 0.845606791045
3249.30 0.866258767447
3249.40 0.886910743849
3249.50 0.907233755503
3249.60 0.923111129271
3249.70 0.938988503039
3249.80 0.954865876807
3249.90 0.970743250575
3250.00 0.986620624344
3250.10 0.989418317883
3250.20 0.990618595882
3250.30 0.991818873882
3250.40 0.993019151881
3250.50 0.994219429880
3250.60 0.995608048071
3250.70 0.997072032047
3250.80 0.998536016024
3250.90 1.000000000000
3251.00 0.999881155468
3251.10 0.992789599848
3251.20 0.985698044228
3251.30 0.978606488608
3251.40 0.971514932988
3251.50 0.964303469568
3251.60 0.944601904054
3251.70 0.924900338539
3251.80 0.905198773024
3251.90 0.885497207509
3252.00 0.865795641995
3252.10 0.842132635947
3252.20 0.817685638679
3252.30 0.793238641412
3252.40 0.768791644144
3252.50 0.745088730963
3252.60 0.723061123224
3252.70 0.701033515485
3252.80 0.679005907746
3252.90 0.656978300008
3253.00 0.635459702830
3253.10 0.617222426054
3253.20 0.598985149278
3253.30 0.580747872502
3253.40 0.562510595725
3253.50 0.544273318949
3253.60 0.522631873352
3253.70 0.500855268179
3253.80 0.479078663006
3253.90 0.457302057833
3254.00 0.435525452660
3254.10 0.411080959429
3254.20 0.385927755389
3254.30 0.360774551349
3254.40 0.335621347309
3254.50 0.310777795466
3254.60 0.286790839488
3254.70 0.262803883510
3254.80 0.238816927533
3254.90 0.214829971555
3255.00 0.191019026420
3255.10 0.168879555481
3255.20 0.146740084543
3255.30 0.124600613604
3255.40 0.102461142666
3255.50 0.080321671728
3255.60 0.066228409368
3255.70 0.052779947643
3255.80 0.039331485919
3255.90 0.025883024194
3256.00 0.012434562470
3256.10 0.007974718159
3256.20 0.006398297738
3256.30 0.004821877318
3256.40 0.003245456898
3256.50 0.002022904354
3256.60 0.001951244258
3256.70 0.001879584162
3256.80 0.001807924066
3256.90 0.001736263970
3257.00 0.001668945546
3257.10 0.001661187836
3257.20 0.001653430127
3257.30 0.001645672418
3257.40 0.001637914708
3257.50 0.001630156999
3257.60 0.001581429527
3257.70 0.001528225483
3257.80 0.001475021439
3257.90 0.001421817396
3258.00 0.001368613352
3258.10 0.001347100779
3258.20 0.001336965647
3258.30 0.001326830515
3258.40 0.001316695382
3258.50 0.001303633218
3258.60 0.001279979114
3258.70 0.001256325009
3258.80 0.001232670904
3258.90 0.001209016799
3259.00 0.001186793336
3259.10 0.001190490046
3259.20 0.001194186756
3259.30 0.001197883466
3259.40 0.001201580176
3259.50 0.001205276886
3259.60 0.001198354660
3259.70 0.001190104949
3259.80 0.001181855237
3259.90 0.001173605525
3260.00 0.001165355814
3260.10 0.001133427780
3260.20 0.001092573705
3260.30 0.001051719629
3260.40 0.001010865554
3260.50 0.000976790184
3260.60 0.000968284487
3260.70 0.000959778790
3260.80 0.000951273093
3260.90 0.000942767396
3261.00 0.000934333236
3261.10 0.000927306653
3261.20 0.000920280069
3261.30 0.000913253485
3261.40 0.000906226902
3261.50 0.000899200318
3261.60 0.000890530328
3261.70 0.000881652969
3261.80 0.000872775610
3261.90 0.000863898251
3262.00 0.000855020892
3262.10 0.000837519494
3262.20 0.000816801209
3262.30 0.000796082925
3262.40 0.000775364640
3262.50 0.000759006893
3262.60 0.000758637694
3262.70 0.000758268495
3262.80 0.000757899296
3262.90 0.000757530097
3263.00 0.000756953207
3263.10 0.000752882917
3263.20 0.000748812626
3263.30 0.000744742336
3263.40 0.000740672045
3263.50 0.000736601755
3263.60 0.000720555510
3263.70 0.000703159713
3263.80 0.000685763915
3263.90 0.000668368118
3264.00 0.000650972321
3264.10 0.000657160597
3264.20 0.000671544518
3264.30 0.000685928439
3264.40 0.000700312359
3264.50 0.000712204720
3264.60 0.000715789256
3264.70 0.000719373791
3264.80 0.000722958327
3264.90 0.000726542863
3265.00 0.000728186752
3265.10 0.000706087785
3265.20 0.000683988818
3265.30 0.000661889851
3265.40 0.000639790885
3265.50 0.000617691918
3265.60 0.000611174783
3265.70 0.000605990791
3265.80 0.000600806798
3265.90 0.000595622805
3266.00 0.000590438812
3266.10 0.000588259502
3266.20 0.000586989947
3266.30 0.000585720391
3266.40 0.000584450835
3266.50 0.000584948272
3266.60 0.000590505490
3266.70 0.000596062707
3266.80 0.000601619925
3266.90 0.000607177143
3267.00 0.000610876473
3267.10 0.000599020983
3267.20 0.000587165493
3267.30 0.000575310002
3267.40 0.000563454512
3267.50 0.000551599022
3267.60 0.000585759247
3267.70 0.000622070581
3267.80 0.000658381916
3267.90 0.000694693250
3268.00 0.000731004585
3268.10 0.000695147997
3268.20 0.000641783268
3268.30 0.000588418539
3268.40 0.000535053810
3268.50 0.000499507728
3268.60 0.000505807898
3268.70 0.000512108069
3268.80 0.000518408239
3268.90 0.000524708410
3269.00 0.000528514651
3269.10 0.000518136080
3269.20 0.000507757509
3269.30 0.000497378937
3269.40 0.000487000366
3269.50 0.000476658129
3269.60 0.000496857715
3269.70 0.000517057301
3269.80 0.000537256888
3269.90 0.000557456474
3270.00 0.000577656060
3270.10 0.000579095026
3270.20 0.000577317094
3270.30 0.000575539161
3270.40 0.000573761228
3270.50 0.000571983296
3270.60 0.000570205363
3270.70 0.000568427431
3270.80 0.000566649498
3270.90 0.000564871565
3271.00 0.000563093633
3271.10 0.000561315700
3271.20 0.000559537767
3271.30 0.000557759835
3271.40 0.000555981902
3271.50 0.000554203969
3271.60 0.000552426037
3271.70 0.000550648104
3271.80 0.000548870172
3271.90 0.000547092239
3272.00 0.000545314306
3272.10 0.000543536374
3272.20 0.000541758441
3272.30 0.000539980508
3272.40 0.000538202576
3272.50 0.000536424643
3272.60 0.000534646710
3272.70 0.000532868778
3272.80 0.000531090845
3272.90 0.000529312913
3273.00 0.000527534980
3273.10 0.000525757047
3273.20 0.000523979115
3273.30 0.000522201182
3273.40 0.000520423249
3273.50 0.000518645317
3273.60 0.000516867384
3273.70 0.000515089451
3273.80 0.000513311519
3273.90 0.000511533586
3274.00 0.000509755654
3274.10 0.000507977721
3274.20 0.000506199788
3274.30 0.000504421856
3274.40 0.000502643923
3274.50 0.000500865990
3274.60 0.000499088058
3274.70 0.000497310125
3274.80 0.000495532192
3274.90 0.000493754260
3275.00 0.000491976327
3275.10 0.000490205133
3275.20 0.000488436750
3275.30 0.000486668366
3275.40 0.000484899983
3275.50 0.000483131599
3275.60 0.000481363215
3275.70 0.000479594832
3275.80 0.000477826448
3275.90 0.000476058065
3276.00 0.000474289681
3276.10 0.000472521297
3276.20 0.000470752914
3276.30 0.000468984530
3276.40 0.000467216147
3276.50 0.000465447763
3276.60 0.000463679379
3276.70 0.000461910996
3276.80 0.000460142612
3276.90 0.000458374229
3277.00 0.000456605845
3277.10 0.000454837461
3277.20 0.000453069078
3277.30 0.000451300694
3277.40 0.000449532311
3277.50 0.000447763927
3277.60 0.000445995543
3277.70 0.000444227160
3277.80 0.000442458776
3277.90 0.000440690393
3278.00 0.000438922009
3278.10 0.000437153625
3278.20 0.000435385242
3278.30 0.000433616858
3278.40 0.000431848475
3278.50 0.000430080091
3278.60 0.000428311707
3278.70 0.000426543324
3278.80 0.000424774940
3278.90 0.000423006557
3279.00 0.000421238173
3279.10 0.000419469789
3279.20 0.000417701406
3279.30 0.000415933022
3279.40 0.000414164639
3279.50 0.000412396255
3279.60 0.000410627871
3279.70 0.000408859488
3279.80 0.000407091104
3279.90 0.000405322721
3280.00 0.000403647729
3280.10 0.000402221003
3280.20 0.000400794276
3280.30 0.000399367550
3280.40 0.000397940824
3280.50 0.000396514097
3280.60 0.000395087371
3280.70 0.000393660644
3280.80 0.000392233918
3280.90 0.000390807191
3281.00 0.000389380465
3281.10 0.000387953738
3281.20 0.000386527012
3281.30 0.000385100285
3281.40 0.000383673559
3281.50 0.000382246833
3281.60 0.000380820106
3281.70 0.000379393380
3281.80 0.000377966653
3281.90 0.000376539927
3282.00 0.000375113200
3282.10 0.000373686474
3282.20 0.000372259747
3282.30 0.000370833021
3282.40 0.000369406294
3282.50 0.000367979568
3282.60 0.000366552842
3282.70 0.000365126115
3282.80 0.000363699389
3282.90 0.000362272662
3283.00 0.000360845936
3283.10 0.000359419209
3283.20 0.000357992483
3283.30 0.000356565756
3283.40 0.000355139030
3283.50 0.000353712304
3283.60 0.000352285577
3283.70 0.000350858851
3283.80 0.000349432124
3283.90 0.000348005398
3284.00 0.000346578671
3284.10 0.000345151945
3284.20 0.000343725218
3284.30 0.000342298492
3284.40 0.000340871765
3284.50 0.000339445039
3284.60 0.000338018313
3284.70 0.000336591586
3284.80 0.000335164860
3284.90 0.000333738133
3285.00 0.000332277178
3285.10 0.000330724865
3285.20 0.000329172553
3285.30 0.000327620240
3285.40 0.000326067927
3285.50 0.000324515615
3285.60 0.000322963302
3285.70 0.000321410990
3285.80 0.000319858677
3285.90 0.000318306364
3286.00 0.000316754052
3286.10 0.000315201739
3286.20 0.000313649427
3286.30 0.000312097114
3286.40 0.000310544801
3286.50 0.000308992489
3286.60 0.000307440176
3286.70 0.000305887864
3286.80 0.000304335551
3286.90 0.000302783238
3287.00 0.000301230926
3287.10 0.000299678613
3287.20 0.000298126301
3287.30 0.000296573988
3287.40 0.000295021675
3287.50 0.000293469363
3287.60 0.000291917050
3287.70 0.000290364738
3287.80 0.000288812425
3287.90 0.000287260112
3288.00 0.000285707800
3288.10 0.000284155487
3288.20 0.000282603175
3288.30 0.000281050862
3288.40 0.000279498549
3288.50 0.000277946237
3288.60 0.000276393924
3288.70 0.000274841611
3288.80 0.000273289299
3288.90 0.000271736986
3289.00 0.000270184674
3289.10 0.000268632361
3289.20 0.000267080048
3289.30 0.000265527736
3289.40 0.000263975423
3289.50 0.000262423111
3289.60 0.000260870798
3289.70 0.000259318485
3289.80 0.000257766173
3289.90 0.000256213860
3290.00 0.000254661548
3290.10 0.000254112488
3290.20 0.000253980859
3290.30 0.000253849230
3290.40 0.000253717601
3290.50 0.000253585971
3290.60 0.000253454342
3290.70 0.000253322713
3290.80 0.000253191084
3290.90 0.000253059454
3291.00 0.000252927825
3291.10 0.000252796196
3291.20 0.000252664567
3291.30 0.000252532937
3291.40 0.000252401308
3291.50 0.000252269679
3291.60 0.000252138050
3291.70 0.000252006420
3291.80 0.000251874791
3291.90 0.000251743162
3292.00 0.000251611533
3292.10 0.000251479903
3292.20 0.000251348274
3292.30 0.000251216645
3292.40 0.000251085016
3292.50 0.000250953386
3292.60 0.000250821757
3292.70 0.000250690128
3292.80 0.000250558499
3292.90 0.000250426869
3293.00 0.000250295240
3293.10 0.000250163611
3293.20 0.000250031982
3293.30 0.000249900352
3293.40 0.000249768723
3293.50 0.000249637094
3293.60 0.000249505465
3293.70 0.000249373835
3293.80 0.000249242206
3293.90 0.000249110577
3294.00 0.000248978948
3294.10 0.000248847318
3294.20 0.000248715689
3294.30 0.000248584060
3294.40 0.000248452431
3294.50 0.000248320801
3294.60 0.000248189172
3294.70 0.000248057543
3294.80 0.000247925914
3294.90 0.000247794284
3295.00 0.000247662655
3295.10 0.000247542075
3295.20 0.000247423379
3295.30 0.000247304682
3295.40 0.000247185986
3295.50 0.000247067289
3295.60 0.000246948593
3295.70 0.000246829896
3295.80 0.000246711200
3295.90 0.000246592503
3296.00 0.000246473807
3296.10 0.000246355110
3296.20 0.000246236414
3296.30 0.000246117717
3296.40 0.000245999021
3296.50 0.000245880324
3296.60 0.000245761628
3296.70 0.000245642931
3296.80 0.000245524235
3296.90 0.000245405538
3297.00 0.000245286841
3297.10 0.000245168145
3297.20 0.000245049448
3297.30 0.000244930752
3297.40 0.000244812055
3297.50 0.000244693359
3297.60 0.000244574662
3297.70 0.000244455966
3297.80 0.000244337269
3297.90 0.000244218573
3298.00 0.000244099876
3298.10 0.000243981180
3298.20 0.000243862483
3298.30 0.000243743787
3298.40 0.000243625090
3298.50 0.000243506394
3298.60 0.000243387697
3298.70 0.000243269001
3298.80 0.000243150304
3298.90 0.000243031608
3299.00 0.000242912911
3299.10 0.000242794215
3299.20 0.000242675518
3299.30 0.000242556821
3299.40 0.000242438125
3299.50 0.000242319428
3299.60 0.000242200732
3299.70 0.000242082035
3299.80 0.000241963339
3299.90 0.000241844642
3300.00 0.000241712585
3300.10 0.000241419512
3300.20 0.000241126439
3300.30 0.000240833365
3300.40 0.000240540292
3300.50 0.000240247218
3300.60 0.000239954145
3300.70 0.000239661071
3300.80 0.000239367998
3300.90 0.000239074924
3301.00 0.000238781851
3301.10 0.000238488778
3301.20 0.000238195704
3301.30 0.000237902631
3301.40 0.000237609557
3301.50 0.000237316484
3301.60 0.000237023410
3301.70 0.000236730337
3301.80 0.000236437263
3301.90 0.000236144190
3302.00 0.000235851117
3302.10 0.000235558043
3302.20 0.000235264970
3302.30 0.000234971896
3302.40 0.000234678823
3302.50 0.000234385749
3302.60 0.000234092676
3302.70 0.000233799602
3302.80 0.000233506529
3302.90 0.000233213456
3303.00 0.000232920382
3303.10 0.000232627309
3303.20 0.000232334235
3303.30 0.000232041162
3303.40 0.000231748088
3303.50 0.000231455015
3303.60 0.000231161941
3303.70 0.000230868868
3303.80 0.000230575795
3303.90 0.000230282721
3304.00 0.000229989648
3304.10 0.000229696574
3304.20 0.000229403501
3304.30 0.000229110427
3304.40 0.000228817354
3304.50 0.000228524281
3304.60 0.000228231207
3304.70 0.000227938134
3304.80 0.000227645060
3304.90 0.000227351987
3305.00 0.000227058913
3305.10 0.000226784893
3305.20 0.000226517701
3305.30 0.000226250510
3305.40 0.000225983319
3305.50 0.000225716128
3305.60 0.000225448936
3305.70 0.000225181745
3305.80 0.000224914554
3305.90 0.000224647363
3306.00 0.000224380172
3306.10 0.000224112980
3306.20 0.000223845789
3306.30 0.000223578598
3306.40 0.000223311407
3306.50 0.000223044215
3306.60 0.000222777024
3306.70 0.000222509833
3306.80 0.000222242642
3306.90 0.000221975451
3307.00 0.000221708259
3307.10 0.000221441068
3307.20 0.000221173877
3307.30 0.000220906686
3307.40 0.000220639494
3307.50 0.000220372303
3307.60 0.000220105112
3307.70 0.000219837921
3307.80 0.000219570729
3307.90 0.000219303538
3308.00 0.000219036347
3308.10 0.000218769156
3308.20 0.000218501965
3308.30 0.000218234773
3308.40 0.000217967582
3308.50 0.000217700391
3308.60 0.000217433200
3308.70 0.000217166008
3308.80 0.000216898817
3308.90 0.000216631626
3309.00 0.000216364435
3309.10 0.000216097243
3309.20 0.000215830052
3309.30 0.000215562861
3309.40 0.000215295670
3309.50 0.000215028479
3309.60 0.000214761287
3309.70 0.000214494096
3309.80 0.000214226905
3309.90 0.000213959714
3310.00 0.000213710389
3310.10 0.000213609598
3310.20 0.000213508806
3310.30 0.000213408015
3310.40 0.000213307223
3310.50 0.000213206432
3310.60 0.000213105640
3310.70 0.000213004849
3310.80 0.000212904058
3310.90 0.000212803266
3311.00 0.000212702475
3311.10 0.000212601683
3311.20 0.000212500892
3311.30 0.000212400100
3311.40 0.000212299309
3311.50 0.000212198517
3311.60 0.000212097726
3311.70 0.000211996934
3311.80 0.000211896143
3311.90 0.000211795352
3312.00 0.000211694560
3312.10 0.000211593769
3312.20 0.000211492977
3312.30 0.000211392186
3312.40 0.000211291394
3312.50 0.000211190603
3312.60 0.000211089811
3312.70 0.000210989020
3312.80 0.000210888228
3312.90 0.000210787437
3313.00 0.000210686646
3313.10 0.000210585854
3313.20 0.000210485063
3313.30 0.000210384271
3313.40 0.000210283480
3313.50 0.000210182688
3313.60 0.000210081897
3313.70 0.000209981105
3313.80 0.000209880314
3313.90 0.000209779522
3314.00 0.000209678731
3314.10 0.000209577940
3314.20 0.000209477148
3314.30 0.000209376357
3314.40 0.000209275565
3314.50 0.000209174774
3314.60 0.000209073982
3314.70 0.000208973191
3314.80 0.000208872399
3314.90 0.000208771608
3315.00 0.000208670816
3315.10 0.000208275345
3315.20 0.000207853483
3315.30 0.000207431621
3315.40 0.000207009759
3315.50 0.000206587897
3315.60 0.000206166035
3315.70 0.000205744173
3315.80 0.000205322311
3315.90 0.000204900449
3316.00 0.000204478587
3316.10 0.000204056725
3316.20 0.000203634863
3316.30 0.000203213001
3316.40 0.000202791139
3316.50 0.000202369277
3316.60 0.000201947414
3316.70 0.000201525552
3316.80 0.000201103690
3316.90 0.000200681828
3317.00 0.000200259966
3317.10 0.000199838104
3317.20 0.000199416242
3317.30 0.000198994380
3317.40 0.000198572518
3317.50 0.000198150656
3317.60 0.000197728794
3317.70 0.000197306932
3317.80 0.000196885070
3317.90 0.000196463208
3318.00 0.000196041346
3318.10 0.000195619483
3318.20 0.000195197621
3318.30 0.000194775759
3318.40 0.000194353897
3318.50 0.000193932035
3318.60 0.000193510173
3318.70 0.000193088311
3318.80 0.000192666449
3318.90 0.000192244587
3319.00 0.000191822725
3319.10 0.000191400863
3319.20 0.000190979001
3319.30 0.000190557139
3319.40 0.000190135277
3319.50 0.000189713415
3319.60 0.000189291552
3319.70 0.000188869690
3319.80 0.000188447828
3319.90 0.000188025966
3320.00 0.000187604104
3320.10 0.000187798555
3320.20 0.000188143087
3320.30 0.000188487620
3320.40 0.000188832152
3320.50 0.000189176685
3320.60 0.000189521217
3320.70 0.000189865750
3320.80 0.000190210282
3320.90 0.000190554815
3321.00 0.000190899347
3321.10 0.000191243880
3321.20 0.000191588412
3321.30 0.000191932945
3321.40 0.000192277477
3321.50 0.000192622010
3321.60 0.000192966542
3321.70 0.000193311075
3321.80 0.000193655607
3321.90 0.000194000140
3322.00 0.000194344672
3322.10 0.000194689205
3322.20 0.000195033737
3322.30 0.000195378270
3322.40 0.000195722802
3322.50 0.000196067335
3322.60 0.000196411867
3322.70 0.000196756400
3322.80 0.000197100932
3322.90 0.000197445465
3323.00 0.000197789997
3323.10 0.000198134530
3323.20 0.000198479062
3323.30 0.000198823595
3323.40 0.000199168127
3323.50 0.000199512660
3323.60 0.000199857192
3323.70 0.000200201725
3323.80 0.000200546257
3323.90 0.000200890790
3324.00 0.000201235322
3324.10 0.000201579855
3324.20 0.000201924387
3324.30 0.000202268920
3324.40 0.000202613452
3324.50 0.000202957985
3324.60 0.000203302517
3324.70 0.000203647050
3324.80 0.000203991582
3324.90 0.000204336115
3325.00 0.000204680647
3325.10 0.000204575105
3325.20 0.000204332438
3325.30 0.000204089772
3325.40 0.000203847105
3325.50 0.000203604439
3325.60 0.000203361773
3325.70 0.000203119106
3325.80 0.000202876440
3325.90 0.000202633774
3326.00 0.000202391107
3326.10 0.000202148441
3326.20 0.000201905774
3326.30 0.000201663108
3326.40 0.000201420442
3326.50 0.000201177775
3326.60 0.000200935109
3326.70 0.000200692443
3326.80 0.000200449776
3326.90 0.000200207110
3327.00 0.000199964443
3327.10 0.000199721777
3327.20 0.000199479111
3327.30 0.000199236444
3327.40 0.000198993778
3327.50 0.000198751112
3327.60 0.000198508445
3327.70 0.000198265779
3327.80 0.000198023112
3327.90 0.000197780446
3328.00 0.000197537780
3328.10 0.000197295113
3328.20 0.000197052447
3328.30 0.000196809781
3328.40 0.000196567114
3328.50 0.000196324448
3328.60 0.000196081781
3328.70 0.000195839115
3328.80 0.000195596449
3328.90 0.000195353782
3329.00 0.000195111116
3329.10 0.000194868450
3329.20 0.000194625783
3329.30 0.000194383117
3329.40 0.000194140450
3329.50 0.000193897784
3329.60 0.000193655118
3329.70 0.000193412451
3329.80 0.000193169785
3329.90 0.000192927119
3330.00 0.000192684452
3330.10 0.000193522463
3330.20 0.000194622715
3330.30 0.000195722967
3330.40 0.000196823218
3330.50 0.000197923470
3330.60 0.000199023722
3330.70 0.000200123973
3330.80 0.000201224225
3330.90 0.000202324477
3331.00 0.000203424728
3331.10 0.000204524980
3331.20 0.000205625232
3331.30 0.000206725483
3331.40 0.000207825735
3331.50 0.000208925987
3331.60 0.000210026238
3331.70 0.000211126490
3331.80 0.000212226742
3331.90 0.000213326993
3332.00 0.000214427245
3332.10 0.000215527497
3332.20 0.000216627748
3332.30 0.000217728000
3332.40 0.000218828252
3332.50 0.000219928503
3332.60 0.000221028755
3332.70 0.000222129007
3332.80 0.000223229258
3332.90 0.000224329510
3333.00 0.000225429762
3333.10 0.000226530013
3333.20 0.000227630265
3333.30 0.000228730517
3333.40 0.000229830768
3333.50 0.000230931020
3333.60 0.000232031272
3333.70 0.000233131523
3333.80 0.000234231775
3333.90 0.000235332027
3334.00 0.000236432278
3334.10 0.000237532530
3334.20 0.000238632782
3334.30 0.000239733033
3334.40 0.000240833285
3334.50 0.000241933537
3334.60 0.000243033788
3334.70 0.000244134040
3334.80 0.000245234292
3334.90 0.000246334543
3335.00 0.000247434795
3335.10 0.000246458971
3335.20 0.000245299932
3335.30 0.000244140894
3335.40 0.000242981855
3335.50 0.000241822817
3335.60 0.000240663779
3335.70 0.000239504740
3335.80 0.000238345702
3335.90 0.000237186663
3336.00 0.000236027625
3336.10 0.000234868586
3336.20 0.000233709548
3336.30 0.000232550509
3336.40 0.000231391471
3336.50 0.000230232432
3336.60 0.000229073394
3336.70 0.000227914355
3336.80 0.000226755317
3336.90 0.000225596279
3337.00 0.000224437240
3337.10 0.000223278202
3337.20 0.000222119163
3337.30 0.000220960125
3337.40 0.000219801086
3337.50 0.000218642048
3337.60 0.000217483009
3337.70 0.000216323971
3337.80 0.000215164932
3337.90 0.000214005894
3338.00 0.000212846855
3338.10 0.000211687817
3338.20 0.000210528778
3338.30 0.000209369740
3338.40 0.000208210702
3338.50 0.000207051663
3338.60 0.000205892625
3338.70 0.000204733586
3338.80 0.000203574548
3338.90 0.000202415509
3339.00 0.000201256471
3339.10 0.000200097432
3339.20 0.000198938394
3339.30 0.000197779355
3339.40 0.000196620317
3339.50 0.000195461278
3339.60 0.000194302240
3339.70 0.000193143201
3339.80 0.000191984163
3339.90 0.000190825125
3340.00 0.000189853358
3340.10 0.000190411985
3340.20 0.000190970612
3340.30 0.000191529238
3340.40 0.000192087865
3340.50 0.000192646491
3340.60 0.000193205118
3340.70 0.000193763745
3340.80 0.000194322371
3340.90 0.000194880998
3341.00 0.000195439624
3341.10 0.000195998251
3341.20 0.000196556878
3341.30 0.000197115504
3341.40 0.000197674131
3341.50 0.000198232757
3341.60 0.000198791384
3341.70 0.000199350010
3341.80 0.000199908637
3341.90 0.000200467264
3342.00 0.000201025890
3342.10 0.000201584517
3342.20 0.000202143143
3342.30 0.000202701770
3342.40 0.000203260397
3342.50 0.000203819023
3342.60 0.000204377650
3342.70 0.000204936276
3342.80 0.000205494903
3342.90 0.000206053529
3343.00 0.000206612156
3343.10 0.000207170783
3343.20 0.000207729409
3343.30 0.000208288036
3343.40 0.000208846662
3343.50 0.000209405289
3343.60 0.000209963916
3343.70 0.000210522542
3343.80 0.000211081169
3343.90 0.000211639795
3344.00 0.000212198422
3344.10 0.000212757049
3344.20 0.000213315675
3344.30 0.000213874302
3344.40 0.000214432928
3344.50 0.000214991555
3344.60 0.000215550181
3344.70 0.000216108808
3344.80 0.000216667435
3344.90 0.000217226061
3345.00 0.000217784688
3345.10 0.000217946152
3345.20 0.000217972412
3345.30 0.000217998671
3345.40 0.000218024930
3345.50 0.000218051189
3345.60 0.000218077448
3345.70 0.000218103707
3345.80 0.000218129966
3345.90 0.000218156225
3346.00 0.000218182484
3346.10 0.000218208744
3346.20 0.000218235003
3346.30 0.000218261262
3346.40 0.000218287521
3346.50 0.000218313780
3346.60 0.000218340039
3346.70 0.000218366298
3346.80 0.000218392557
3346.90 0.000218418816
3347.00 0.000218445076
3347.10 0.000218471335
3347.20 0.000218497594
3347.30 0.000218523853
3347.40 0.000218550112
3347.50 0.000218576371
3347.60 0.000218602630
3347.70 0.000218628889
3347.80 0.000218655148
3347.90 0.000218681408
3348.00 0.000218707667
3348.10 0.000218733926
3348.20 0.000218760185
3348.30 0.000218786444
3348.40 0.000218812703
3348.50 0.000218838962
3348.60 0.000218865221
3348.70 0.000218891480
3348.80 0.000218917740
3348.90 0.000218943999
3349.00 0.000218970258
3349.10 0.000218996517
3349.20 0.000219022776
3349.30 0.000219049035
3349.40 0.000219075294
3349.50 0.000219101553
3349.60 0.000219127812
3349.70 0.000219154072
3349.80 0.000219180331
3349.90 0.000219206590
3350.00 0.000235007631
