7.927669E-7
7.903413E-7
7.965251E-7
7.865518E-7
7.967451E-7
7.937542E-7
7.957283E-7
7.977089E-7
8.06989E-7
8.035971E-7
7.929052E-7
7.963952E-7
7.9569E-7
7.96718E-7
8.044031E-7
7.238305E-7
5.115896E-7
4.540035E-7
4.069622E-7
3.877853E-7
3.624926E-7
3.397898E-7
3.163697E-7
2.8408E-7
2.549252E-7
2.275651E-7
2.052596E-7
1.923905E-7
1.939294E-7
1.800916E-7
1.650348E-7
1.500686E-7
1.388963E-7
1.244579E-7
1.139389E-7
1.020264E-7
8.2189E-8
6.34079E-8
4.99143E-8
3.77199E-8
2.97537E-8
2.22897E-8
1.66997E-8
1.28297E-8
1.14379E-8
1.01348E-8
8.9944E-9
8.042E-9
7.1979E-9
6.407E-9
5.801E-9
5.0633E-9
4.4971E-9
3.9822E-9
3.6147E-9
3.1871E-9
2.8378E-9
2.5615E-9
2.2526E-9
2.0406E-9
1.8162E-9
1.6014E-9
1.4665E-9
1.2767E-9
1.1376E-9
1.0299E-9
9.018E-10
8.178E-10
7.231E-10
6.642E-10
5.93E-10
5.301E-10
4.686E-10
4.362E-10
3.971E-10
3.496E-10
3.18E-10
2.872E-10
2.647E-10
2.436E-10
2.187E-10
2.008E-10
1.813E-10
1.643E-10
1.508E-10
1.36E-10
1.244E-10
1.116E-10
1.029E-10
9.13E-11
8.74E-11
7.99E-11
7.46E-11
6.92E-11
6.26E-11
5.82E-11
5.18E-11
4.88E-11
4.49E-11
7.875983E-7