7.9934E-7
8.024253E-7
8.145229E-7
8.017823E-7
8.14862E-7
7.386283E-7
5.081516E-7
4.468526E-7
4.296333E-7
4.043067E-7
3.773068E-7
3.553756E-7
3.254809E-7
2.916897E-7
2.630404E-7
2.30194E-7
2.080946E-7
1.931386E-7
2.196569E-7
1.837363E-7
1.691288E-7
1.56392E-7
1.415192E-7
1.285472E-7
1.160366E-7
1.048669E-7
9.52088E-8
8.92427E-8
8.01393E-8
7.25482E-8
6.73249E-8
5.95794E-8
5.46673E-8
4.88571E-8
4.40232E-8
3.93518E-8
3.53901E-8
3.21018E-8
2.90072E-8
2.59807E-8
2.30189E-8
2.04263E-8
1.76461E-8
1.28036E-8
1.13902E-8
1.01252E-8
8.9213E-9
7.8366E-9
7.0952E-9
6.4002E-9
5.7183E-9
4.9689E-9
4.5118E-9
3.9531E-9
3.5168E-9
3.1981E-9
2.8837E-9
2.5056E-9
2.2656E-9
2.0918E-9
1.8613E-9
1.6557E-9
1.4707E-9
1.2933E-9
1.1617E-9
1.054E-9
9.37E-10
8.367E-10
7.519E-10
6.844E-10
6.122E-10
5.488E-10
4.986E-10
4.465E-10
4.004E-10
3.617E-10
3.262E-10
2.938E-10
2.712E-10
2.507E-10
2.242E-10
2.046E-10
1.853E-10
1.702E-10
1.551E-10
1.434E-10
1.24E-10
1.184E-10
1.064E-10
9.49E-11
9.13E-11
7.94E-11
7.75E-11
6.9E-11
6.17E-11
5.95E-11
5.49E-11
4.71E-11
4.71E-11
8.073268E-7