7.278334E-7
7.204224E-7
7.46802E-7
7.171896E-7
7.381985E-7
6.938158E-7
4.838648E-7
4.21372E-7
3.973284E-7
3.742225E-7
3.430383E-7
3.209715E-7
2.971389E-7
2.721057E-7
2.43103E-7
2.120072E-7
1.923477E-7
2.217505E-7
1.829525E-7
1.692948E-7
1.539914E-7
1.442852E-7
1.299495E-7
1.16757E-7
1.057532E-7
9.33093E-8
8.80685E-8
8.05578E-8
7.42251E-8
6.69592E-8
6.03302E-8
5.47931E-8
4.89312E-8
4.48767E-8
4.05012E-8
3.61007E-8
3.25477E-8
2.98228E-8
2.72531E-8
2.39715E-8
2.08278E-8
1.88955E-8
1.62785E-8
1.16846E-8
1.03749E-8
9.3335E-9
8.3368E-9
6.9563E-9
6.2208E-9
5.4625E-9
4.9419E-9
4.4057E-9
3.9608E-9
3.7181E-9
3.2766E-9
3.0304E-9
2.6859E-9
2.3755E-9
2.1415E-9
1.9135E-9
1.707E-9
1.5119E-9
1.3017E-9
1.2262E-9
1.0995E-9
9.738E-10
8.668E-10
7.883E-10
6.949E-10
6.379E-10
5.692E-10
5.176E-10
4.664E-10
4.214E-10
3.776E-10
3.392E-10
3.101E-10
2.806E-10
2.542E-10
2.338E-10
2.144E-10
1.949E-10
1.775E-10
1.637E-10
1.474E-10
1.327E-10
1.201E-10
1.107E-10
1.002E-10
9.2E-11
8.78E-11
7.94E-11
7.08E-11
6.5E-11
6.03E-11
5.36E-11
5.02E-11
4.35E-11
4.38E-11
6.958185E-7