7.891687E-7
7.932802E-7
7.774397E-7
7.920159E-7
7.993735E-7
7.114002E-7
5.067914E-7
4.507229E-7
4.233358E-7
3.961071E-7
3.652103E-7
3.424697E-7
3.152668E-7
2.884215E-7
2.554007E-7
2.21419E-7
2.068557E-7
1.886053E-7
1.958693E-7
1.804597E-7
1.680029E-7
1.796151E-7
1.943294E-7
1.906943E-7
2.056967E-7
2.272948E-7
2.548423E-7
2.868763E-7
3.11027E-7
3.375458E-7
3.672711E-7
3.980687E-7
4.17465E-7
4.588094E-7
5.084695E-7
7.213992E-7
7.957343E-7
7.943119E-7
8.010096E-7
8.01674E-7
7.864288E-7