7.319175E-7
7.415361E-7
7.224337E-7
6.986711E-7
6.817186E-7
6.409057E-7
4.391929E-7
3.871046E-7
3.554307E-7
3.325248E-7
3.046028E-7
2.829847E-7
2.648416E-7
2.396479E-7
2.083075E-7
2.292879E-7
1.899789E-7
1.78597E-7
1.646997E-7
1.522243E-7
1.391905E-7
1.306457E-7
1.291407E-7
1.164861E-7
1.030892E-7
9.29603E-8
8.61117E-8
7.69612E-8
7.32196E-8
6.63434E-8
6.08767E-8
5.49211E-8
4.89656E-8
4.30032E-8
3.88204E-8
3.60986E-8
3.23947E-8
2.93436E-8
2.64961E-8
2.38326E-8
2.08354E-8
1.88066E-8
1.69725E-8
1.22217E-8
1.08661E-8
9.6787E-9
8.651E-9
7.7448E-9
6.8627E-9
5.8951E-9
5.3604E-9
4.6944E-9
4.247E-9
3.6614E-9
3.3394E-9
3.0062E-9
2.6014E-9
2.3811E-9
2.1277E-9
1.9093E-9
1.7126E-9
1.5086E-9
1.3824E-9
1.2256E-9
1.1023E-9
9.904E-10
8.933E-10
7.967E-10
7.082E-10
6.337E-10
5.795E-10
5.168E-10
4.657E-10
4.214E-10
3.822E-10
3.344E-10
3.049E-10
2.783E-10
2.461E-10
2.271E-10
2.099E-10
1.909E-10
1.705E-10
1.577E-10
1.427E-10
1.285E-10
1.167E-10
1.124E-10
1.008E-10
9.16E-11
8.15E-11
8E-11
7.45E-11
6.71E-11
6.3E-11
5.93E-11
5.17E-11
4.97E-11
4.28E-11
6.896338E-7