7.487547E-7
7.435944E-7
7.499635E-7
7.468643E-7
7.561826E-7
6.931568E-7
4.965356E-7
4.411859E-7
3.878516E-7
3.575721E-7
3.351584E-7
3.133656E-7
2.854201E-7
2.642415E-7
2.32832E-7
2.076373E-7
2.080591E-7
1.95587E-7
1.807754E-7
1.706131E-7
1.549858E-7
1.411983E-7
1.286464E-7
1.175239E-7
1.069011E-7
9.75555E-8
8.97845E-8
8.07302E-8
7.51385E-8
6.73684E-8
6.0534E-8
5.52032E-8
4.97576E-8
4.50205E-8
4.0698E-8
3.63038E-8
3.25286E-8
2.95205E-8
2.63093E-8
2.38206E-8
2.07968E-8
1.85426E-8
1.66992E-8
1.19762E-8
1.10056E-8
9.5687E-9
8.4467E-9
7.4653E-9
6.7428E-9
5.9633E-9
5.4083E-9
4.8406E-9
4.245E-9
3.7675E-9
3.3661E-9
2.9373E-9
2.6475E-9
2.398E-9
2.1154E-9
1.9184E-9
1.6868E-9
1.4822E-9
1.3531E-9
1.2047E-9
1.0721E-9
9.746E-10
8.558E-10
7.704E-10
6.91E-10
6.279E-10
5.659E-10
5.118E-10
4.629E-10
4.139E-10
3.688E-10
3.372E-10
2.999E-10
2.74E-10
2.465E-10
2.241E-10
2.1E-10
1.888E-10
1.729E-10
1.556E-10
1.427E-10
1.287E-10
1.18E-10
1.085E-10
9.66E-11
8.98E-11
8.24E-11
7.47E-11
7.13E-11
6.55E-11
6.03E-11
5.5E-11
5.07E-11
4.63E-11
4.3E-11
7.522812E-7