"Instrument #064"
"Intercomparison date: 09-26-2016"
"Site: Izana, Tenerife"
"N table date:24-April-2014"
Lamp Corrections:,  -0.6,  -0.6,  -0.6
"Observations,",43
08:00:00, 4.150, 4.342,144.2,129.4,0.270, 4.091, 4.274, 88.9, 74.9,0.269, 4.034, 4.209,243.6,231.7,0.268, 4.120, 4.308,0.272, 4.063, 4.242,0.268
08:04:00, 3.925, 4.085,137.5,122.4,0.271, 3.873, 4.025, 84.9, 70.8,0.269, 3.822, 3.968,233.1,220.1,0.269, 3.899, 4.055,0.272, 3.847, 3.996,0.269
08:08:00, 3.723, 3.857,131.4,116.2,0.271, 3.676, 3.805, 81.0, 66.9,0.268, 3.630, 3.753,223.0,209.2,0.270, 3.700, 3.831,0.275, 3.653, 3.779,0.270
08:12:00, 3.541, 3.655,125.6,110.2,0.271, 3.499, 3.607, 77.9, 63.8,0.269, 3.457, 3.561,212.1,197.5,0.267, 3.520, 3.631,0.272, 3.478, 3.584,0.266
08:16:00, 3.376, 3.473,120.4,104.9,0.270, 3.338, 3.431, 74.9, 60.7,0.269, 3.300, 3.389,204.7,189.5,0.269, 3.357, 3.452,0.272, 3.319, 3.410,0.269
08:20:00, 3.226, 3.309,116.0,100.5,0.272, 3.191, 3.271, 72.2, 58.0,0.269, 3.156, 3.234,197.6,181.9,0.270, 3.209, 3.290,0.274, 3.174, 3.252,0.270
08:24:00, 3.090, 3.161,111.6, 96.2,0.272, 3.057, 3.126, 69.7, 55.5,0.269, 3.026, 3.092,190.4,174.2,0.270, 3.073, 3.144,0.274, 3.041, 3.109,0.270
08:28:00, 2.964, 3.027,107.6, 92.2,0.272, 2.935, 2.995, 67.5, 53.2,0.269, 2.906, 2.964,184.1,167.3,0.270, 2.949, 3.011,0.274, 2.920, 2.979,0.270
08:32:00, 2.849, 2.904,104.0, 88.7,0.272, 2.822, 2.875, 65.6, 51.3,0.271, 2.795, 2.846,178.1,160.8,0.270, 2.836, 2.889,0.274, 2.809, 2.860,0.269
08:36:00, 2.743, 2.791,100.6, 85.4,0.272, 2.718, 2.765, 63.8, 49.5,0.272, 2.694, 2.738,172.7,155.0,0.270, 2.731, 2.778,0.273, 2.706, 2.751,0.269
08:40:00, 2.646, 2.688, 97.6, 82.4,0.273, 2.622, 2.663, 62.0, 47.6,0.271, 2.600, 2.639,167.8,149.7,0.270, 2.634, 2.676,0.274, 2.611, 2.651,0.270
08:44:00, 2.555, 2.593, 94.6, 79.4,0.272, 2.534, 2.570, 60.4, 46.0,0.271, 2.512, 2.548,163.0,144.5,0.270, 2.544, 2.581,0.273, 2.523, 2.559,0.270
08:48:00, 2.471, 2.505, 91.9, 76.8,0.272, 2.451, 2.484, 58.8, 44.3,0.269, 2.432, 2.463,158.8,140.1,0.270, 2.461, 2.494,0.274, 2.441, 2.473,0.271
08:52:00, 2.393, 2.423, 89.5, 74.4,0.272, 2.375, 2.403, 57.5, 42.9,0.270, 2.356, 2.384,154.6,135.6,0.270, 2.384, 2.413,0.275, 2.365, 2.394,0.270
08:56:00, 2.321, 2.347, 87.2, 72.1,0.272, 2.303, 2.329, 56.2, 41.6,0.269, 2.286, 2.311,150.5,131.3,0.270, 2.312, 2.338,0.275, 2.295, 2.320,0.270
09:00:00, 2.253, 2.277, 85.1, 70.0,0.272, 2.237, 2.260, 55.2, 40.5,0.271, 2.221, 2.243,147.1,127.7,0.270, 2.245, 2.268,0.274, 2.229, 2.252,0.270
09:04:00, 2.190, 2.211, 83.0, 67.9,0.272, 2.174, 2.195, 54.1, 39.3,0.270, 2.159, 2.180,143.8,124.2,0.270, 2.182, 2.203,0.273, 2.167, 2.187,0.270
09:08:00, 2.130, 2.150, 81.1, 66.0,0.271, 2.116, 2.135, 53.2, 38.4,0.272, 2.102, 2.120,140.5,120.8,0.270, 2.123, 2.142,0.271, 2.109, 2.128,0.269
09:12:00, 2.075, 2.092, 79.5, 64.4,0.272, 2.061, 2.078, 52.3, 37.4,0.272, 2.048, 2.065,137.5,117.6,0.270, 2.068, 2.085,0.272, 2.055, 2.071,0.269
09:16:00, 2.022, 2.038, 77.8, 62.6,0.272, 2.010, 2.025, 51.4, 36.5,0.272, 1.997, 2.012,134.6,114.7,0.270, 2.016, 2.032,0.271, 2.004, 2.019,0.269
09:52:00, 1.667, 1.675, 67.1, 51.8,0.273, 1.660, 1.667, 45.7, 30.3,0.277, 1.652, 1.659,115.2, 94.9,0.270, 1.664, 1.671,0.270, 1.656, 1.663,0.268
09:56:00, 1.638, 1.644, 66.1, 50.8,0.272, 1.631, 1.637, 45.1, 29.7,0.275, 1.624, 1.630,113.7, 93.4,0.271, 1.634, 1.641,0.270, 1.627, 1.633,0.269
10:00:00, 1.610, 1.616, 65.2, 49.9,0.272, 1.603, 1.609, 44.6, 29.2,0.274, 1.596, 1.602,112.0, 91.7,0.270, 1.606, 1.612,0.270, 1.599, 1.605,0.269
10:04:00, 1.583, 1.588, 64.5, 49.2,0.273, 1.576, 1.582, 44.2, 28.7,0.275, 1.570, 1.575,110.3, 90.0,0.269, 1.580, 1.585,0.271, 1.573, 1.579,0.268
10:08:00, 1.558, 1.563, 63.7, 48.3,0.273, 1.551, 1.556, 43.9, 28.4,0.278, 1.545, 1.550,108.9, 88.6,0.269, 1.554, 1.560,0.269, 1.548, 1.553,0.267
10:12:00, 1.533, 1.538, 62.9, 47.5,0.272, 1.528, 1.532, 43.5, 28.0,0.278, 1.522, 1.526,107.3, 87.0,0.269, 1.531, 1.535,0.268, 1.525, 1.529,0.266
10:16:00, 1.510, 1.515, 62.2, 46.8,0.272, 1.505, 1.509, 43.1, 27.5,0.277, 1.499, 1.504,106.1, 85.8,0.269, 1.508, 1.512,0.268, 1.502, 1.506,0.267
10:20:00, 1.489, 1.493, 61.6, 46.2,0.273, 1.483, 1.487, 42.7, 27.1,0.277, 1.478, 1.482,105.3, 85.0,0.270, 1.486, 1.490,0.270, 1.481, 1.485,0.269
10:24:00, 1.468, 1.472, 61.0, 45.6,0.273, 1.463, 1.466, 42.4, 26.8,0.278, 1.458, 1.461,104.1, 83.8,0.270, 1.465, 1.469,0.269, 1.460, 1.464,0.268
10:28:00, 1.448, 1.452, 60.5, 45.1,0.274, 1.443, 1.447, 42.1, 26.5,0.278, 1.439, 1.442,103.0, 82.7,0.270, 1.446, 1.449,0.270, 1.441, 1.444,0.268
10:32:00, 1.429, 1.432, 59.9, 44.5,0.274, 1.425, 1.428, 41.8, 26.1,0.279, 1.420, 1.423,102.0, 81.7,0.271, 1.427, 1.430,0.270, 1.423, 1.426,0.268
10:36:00, 1.411, 1.414, 59.3, 43.8,0.273, 1.407, 1.410, 41.5, 25.8,0.279, 1.403, 1.406,101.0, 80.7,0.271, 1.409, 1.412,0.269, 1.405, 1.408,0.268
10:40:00, 1.394, 1.397, 58.9, 43.4,0.274, 1.390, 1.393, 41.3, 25.6,0.281, 1.386, 1.389,100.0, 79.7,0.270, 1.392, 1.395,0.269, 1.388, 1.391,0.268
10:44:00, 1.378, 1.381, 58.4, 42.9,0.274, 1.374, 1.377, 41.1, 25.4,0.282, 1.370, 1.373, 99.1, 78.8,0.271, 1.376, 1.379,0.267, 1.372, 1.375,0.267
10:48:00, 1.363, 1.365, 58.0, 42.5,0.274, 1.359, 1.361, 40.8, 25.1,0.281, 1.355, 1.357, 98.0, 77.7,0.270, 1.361, 1.363,0.269, 1.357, 1.359,0.266
10:52:00, 1.348, 1.350, 57.5, 41.9,0.274, 1.344, 1.347, 40.5, 24.7,0.280, 1.341, 1.343, 97.1, 76.8,0.269, 1.346, 1.348,0.268, 1.343, 1.345,0.266
10:56:00, 1.334, 1.336, 57.0, 41.4,0.273, 1.331, 1.333, 40.3, 24.5,0.281, 1.327, 1.329, 96.4, 76.2,0.270, 1.332, 1.334,0.266, 1.329, 1.331,0.267
11:00:00, 1.321, 1.323, 56.7, 41.1,0.274, 1.317, 1.319, 40.1, 24.3,0.282, 1.314, 1.316, 95.8, 75.6,0.270, 1.319, 1.321,0.267, 1.316, 1.318,0.267
11:04:00, 1.308, 1.310, 56.3, 40.6,0.273, 1.305, 1.307, 39.9, 24.1,0.282, 1.302, 1.304, 95.1, 74.9,0.270, 1.307, 1.308,0.267, 1.303, 1.305,0.267
11:08:00, 1.296, 1.298, 56.0, 40.3,0.274, 1.293, 1.295, 39.7, 23.9,0.282, 1.290, 1.292, 94.5, 74.3,0.271, 1.295, 1.296,0.268, 1.292, 1.293,0.268
11:12:00, 1.285, 1.286, 55.7, 40.0,0.274, 1.282, 1.283, 39.5, 23.6,0.282, 1.279, 1.281, 93.9, 73.7,0.271, 1.283, 1.285,0.268, 1.281, 1.282,0.268
11:16:00, 1.274, 1.275, 55.3, 39.6,0.273, 1.271, 1.273, 39.3, 23.4,0.281, 1.269, 1.270, 93.2, 73.0,0.271, 1.273, 1.274,0.267, 1.270, 1.271,0.268
11:20:00, 1.264, 1.265, 55.0, 39.3,0.273, 1.261, 1.262, 39.2, 23.3,0.283, 1.259, 1.260, 92.6, 72.4,0.271, 1.262, 1.264,0.266, 1.260, 1.261,0.267
