"Instrument #064"
"Intercomparison date: 09-27-2016"
"Site: Izana, Tenerife"
"N table date:24-April-2014"
Lamp Corrections:,  -0.6,  -0.6,  -0.6
"Observations,",43
08:00:00, 4.182, 4.379,142.1,127.2,0.261, 4.123, 4.311, 88.0, 74.0,0.259, 4.065, 4.245,239.3,226.9,0.259, 4.152, 4.345,0.263, 4.094, 4.277,0.259
08:04:00, 3.955, 4.118,135.1,120.0,0.260, 3.901, 4.058, 83.9, 69.8,0.259, 3.850, 3.999,227.8,214.3,0.259, 3.928, 4.088,0.262, 3.875, 4.028,0.258
08:08:00, 3.750, 3.887,129.1,113.8,0.261, 3.702, 3.834, 80.2, 66.1,0.258, 3.656, 3.782,218.5,204.3,0.260, 3.726, 3.860,0.264, 3.679, 3.807,0.260
08:12:00, 3.566, 3.682,123.5,108.1,0.261, 3.523, 3.634, 77.0, 62.9,0.259, 3.480, 3.587,209.4,194.6,0.260, 3.544, 3.658,0.263, 3.501, 3.610,0.260
08:16:00, 3.399, 3.498,118.5,103.0,0.261, 3.360, 3.455, 74.0, 59.8,0.259, 3.321, 3.413,200.8,185.4,0.260, 3.379, 3.476,0.264, 3.340, 3.433,0.260
08:20:00, 3.247, 3.332,113.8, 98.3,0.261, 3.211, 3.293, 71.2, 57.0,0.258, 3.176, 3.255,193.0,177.0,0.259, 3.229, 3.312,0.264, 3.194, 3.274,0.260
08:24:00, 3.109, 3.182,109.6, 94.2,0.262, 3.076, 3.147, 68.8, 54.6,0.258, 3.044, 3.112,186.3,169.7,0.260, 3.092, 3.164,0.265, 3.060, 3.129,0.260
08:28:00, 2.982, 3.046,105.6, 90.3,0.262, 2.952, 3.014, 66.7, 52.4,0.259, 2.923, 2.982,180.4,163.4,0.261, 2.967, 3.030,0.264, 2.937, 2.998,0.261
08:32:00, 2.866, 2.921,102.0, 86.7,0.262, 2.838, 2.892, 64.6, 50.3,0.258, 2.811, 2.863,174.5,156.9,0.260, 2.852, 2.907,0.265, 2.825, 2.878,0.261
08:36:00, 2.759, 2.808, 98.7, 83.5,0.262, 2.733, 2.781, 62.8, 48.4,0.259, 2.709, 2.754,168.0,149.9,0.258, 2.746, 2.794,0.265, 2.721, 2.767,0.257
08:40:00, 2.660, 2.703, 95.7, 80.5,0.262, 2.637, 2.678, 61.0, 46.6,0.258, 2.614, 2.654,163.9,145.5,0.260, 2.648, 2.691,0.266, 2.625, 2.666,0.260
08:44:00, 2.569, 2.607, 92.8, 77.6,0.262, 2.547, 2.584, 59.5, 45.1,0.259, 2.526, 2.562,159.4,140.7,0.260, 2.558, 2.595,0.265, 2.536, 2.573,0.260
08:48:00, 2.484, 2.518, 90.2, 75.1,0.262, 2.464, 2.497, 58.1, 43.6,0.259, 2.444, 2.476,155.2,136.3,0.260, 2.474, 2.507,0.265, 2.454, 2.486,0.260
08:52:00, 2.405, 2.436, 87.8, 72.7,0.262, 2.387, 2.416, 56.8, 42.2,0.259, 2.368, 2.397,151.3,132.2,0.261, 2.396, 2.426,0.265, 2.377, 2.406,0.261
08:56:00, 2.332, 2.359, 85.5, 70.4,0.261, 2.315, 2.341, 55.7, 41.0,0.260, 2.297, 2.323,147.6,128.3,0.261, 2.323, 2.350,0.263, 2.306, 2.332,0.261
09:00:00, 2.264, 2.288, 83.6, 68.5,0.262, 2.247, 2.271, 54.5, 39.8,0.259, 2.231, 2.254,143.9,124.4,0.260, 2.256, 2.279,0.265, 2.239, 2.263,0.260
09:04:00, 2.200, 2.222, 81.5, 66.4,0.262, 2.185, 2.206, 53.5, 38.7,0.260, 2.170, 2.190,140.3,120.5,0.259, 2.192, 2.214,0.263, 2.177, 2.198,0.259
09:08:00, 2.140, 2.160, 79.7, 64.6,0.262, 2.126, 2.145, 52.3, 37.4,0.258, 2.112, 2.130,137.1,117.2,0.259, 2.133, 2.152,0.265, 2.119, 2.138,0.259
09:12:00, 2.084, 2.102, 77.9, 62.7,0.261, 2.071, 2.088, 51.6, 36.7,0.261, 2.057, 2.074,134.3,114.3,0.259, 2.077, 2.095,0.262, 2.064, 2.081,0.259
09:16:00, 2.031, 2.048, 76.5, 61.3,0.262, 2.019, 2.034, 50.7, 35.7,0.260, 2.006, 2.022,131.8,111.8,0.260, 2.025, 2.041,0.264, 2.012, 2.028,0.260
09:20:00, 1.982, 1.997, 74.9, 59.7,0.261, 1.970, 1.984, 50.0, 35.0,0.262, 1.958, 1.972,129.0,108.9,0.260, 1.976, 1.990,0.261, 1.964, 1.978,0.259
09:24:00, 1.935, 1.949, 73.6, 58.4,0.262, 1.924, 1.937, 49.3, 34.2,0.263, 1.913, 1.926,126.5,106.3,0.260, 1.930, 1.943,0.261, 1.919, 1.931,0.259
09:28:00, 1.891, 1.903, 72.2, 57.0,0.262, 1.881, 1.893, 48.4, 33.3,0.260, 1.870, 1.882,123.8,103.6,0.259, 1.886, 1.898,0.263, 1.876, 1.887,0.258
09:32:00, 1.850, 1.861, 70.9, 55.7,0.261, 1.840, 1.851, 47.7, 32.5,0.260, 1.830, 1.841,121.7,101.5,0.259, 1.845, 1.856,0.262, 1.835, 1.846,0.258
09:36:00, 1.811, 1.821, 69.9, 54.7,0.262, 1.801, 1.811, 47.2, 32.0,0.262, 1.792, 1.802,119.8, 99.5,0.259, 1.806, 1.816,0.263, 1.797, 1.806,0.259
09:40:00, 1.774, 1.783, 68.8, 53.5,0.262, 1.765, 1.774, 46.5, 31.2,0.260, 1.756, 1.765,118.1, 97.8,0.260, 1.769, 1.778,0.264, 1.760, 1.769,0.260
09:44:00, 1.739, 1.747, 67.8, 52.5,0.263, 1.730, 1.739, 46.0, 30.7,0.262, 1.722, 1.730,115.9, 95.6,0.259, 1.734, 1.743,0.264, 1.726, 1.734,0.259
09:48:00, 1.706, 1.713, 66.7, 51.4,0.262, 1.697, 1.705, 45.4, 30.0,0.261, 1.690, 1.697,114.2, 93.9,0.260, 1.701, 1.709,0.263, 1.694, 1.701,0.259
10:20:00, 1.494, 1.498, 60.6, 45.2,0.263, 1.489, 1.493, 42.1, 26.5,0.263, 1.484, 1.488,102.8, 82.5,0.260, 1.492, 1.496,0.263, 1.486, 1.490,0.259
10:24:00, 1.473, 1.477, 59.9, 44.5,0.262, 1.468, 1.472, 41.7, 26.0,0.262, 1.463, 1.467,101.6, 81.3,0.260, 1.471, 1.475,0.263, 1.466, 1.469,0.259
10:28:00, 1.453, 1.457, 59.5, 44.0,0.264, 1.449, 1.452, 41.5, 25.8,0.265, 1.444, 1.447,100.6, 80.3,0.260, 1.451, 1.455,0.264, 1.446, 1.450,0.259
10:32:00, 1.435, 1.438, 58.9, 43.4,0.263, 1.430, 1.433, 41.1, 25.4,0.263, 1.425, 1.429, 99.6, 79.3,0.260, 1.432, 1.435,0.264, 1.428, 1.431,0.259
10:36:00, 1.417, 1.420, 58.5, 43.0,0.264, 1.412, 1.415, 40.9, 25.2,0.265, 1.408, 1.411, 98.6, 78.3,0.260, 1.414, 1.417,0.264, 1.410, 1.413,0.259
10:40:00, 1.399, 1.402, 57.8, 42.2,0.263, 1.395, 1.398, 40.7, 24.9,0.266, 1.391, 1.394, 97.7, 77.4,0.260, 1.397, 1.400,0.260, 1.393, 1.396,0.259
10:44:00, 1.383, 1.386, 57.2, 41.6,0.261, 1.379, 1.382, 40.5, 24.7,0.268, 1.375, 1.378, 96.8, 76.6,0.260, 1.381, 1.384,0.256, 1.377, 1.380,0.258
10:48:00, 1.368, 1.370, 56.8, 41.2,0.262, 1.364, 1.366, 40.3, 24.5,0.269, 1.360, 1.362, 95.8, 75.6,0.260, 1.366, 1.368,0.256, 1.362, 1.364,0.257
10:52:00, 1.353, 1.355, 56.5, 40.9,0.263, 1.349, 1.351, 40.1, 24.3,0.270, 1.346, 1.348, 95.0, 74.8,0.260, 1.351, 1.353,0.257, 1.348, 1.350,0.257
10:56:00, 1.339, 1.341, 56.2, 40.5,0.264, 1.335, 1.337, 39.9, 24.1,0.271, 1.332, 1.334, 94.4, 74.2,0.260, 1.337, 1.339,0.259, 1.334, 1.336,0.258
11:00:00, 1.325, 1.327, 55.9, 40.2,0.265, 1.322, 1.324, 39.7, 23.9,0.271, 1.319, 1.321, 93.8, 73.6,0.261, 1.324, 1.326,0.260, 1.321, 1.322,0.258
11:04:00, 1.313, 1.315, 55.5, 39.8,0.264, 1.310, 1.311, 39.4, 23.5,0.269, 1.307, 1.308, 93.0, 72.8,0.261, 1.311, 1.313,0.261, 1.308, 1.310,0.258
11:08:00, 1.301, 1.302, 55.1, 39.4,0.264, 1.298, 1.299, 39.2, 23.3,0.269, 1.295, 1.296, 92.2, 72.0,0.260, 1.299, 1.301,0.260, 1.296, 1.298,0.258
11:12:00, 1.289, 1.291, 54.8, 39.1,0.264, 1.286, 1.288, 39.0, 23.1,0.268, 1.284, 1.285, 91.7, 71.5,0.260, 1.288, 1.289,0.261, 1.285, 1.287,0.258
11:16:00, 1.278, 1.280, 54.5, 38.7,0.264, 1.276, 1.277, 38.9, 23.0,0.270, 1.273, 1.275, 91.0, 70.8,0.260, 1.277, 1.278,0.259, 1.274, 1.276,0.257
