"Instrument #064"
"Intercomparison date: 09-18-2016"
"Site: Izana, Tenerife"
"N table date:24-April-2014"
Lamp Corrections:,  -1.2,  -1.2,  -1.8
"Observations,",34
07:56:00, 4.142, 4.333,145.4,130.0,0.275, 4.084, 4.266, 89.8, 74.6,0.282, 4.026, 4.200,245.6,233.3,0.272, 4.113, 4.299,0.274, 4.055, 4.233,0.271
08:00:00, 3.917, 4.075,138.5,122.8,0.275, 3.864, 4.016, 85.6, 70.4,0.281, 3.813, 3.958,235.7,222.3,0.274, 3.890, 4.045,0.275, 3.838, 3.986,0.274
08:04:00, 3.714, 3.847,132.6,116.8,0.277, 3.667, 3.794, 81.7, 66.4,0.280, 3.620, 3.742,225.2,210.9,0.274, 3.690, 3.820,0.279, 3.643, 3.768,0.274
08:08:00, 3.531, 3.644,126.8,110.8,0.277, 3.488, 3.596, 78.4, 63.1,0.280, 3.446, 3.550,215.7,200.7,0.274, 3.510, 3.620,0.278, 3.467, 3.573,0.274
08:12:00, 3.366, 3.461,121.3,105.2,0.275, 3.327, 3.419, 75.4, 60.1,0.279, 3.289, 3.377,206.9,191.3,0.274, 3.346, 3.440,0.276, 3.308, 3.398,0.274
08:16:00, 3.215, 3.297,116.6,100.5,0.275, 3.180, 3.259, 72.7, 57.3,0.279, 3.145, 3.221,198.8,182.6,0.274, 3.197, 3.278,0.276, 3.162, 3.240,0.273
08:20:00, 3.078, 3.149,112.6, 96.5,0.277, 3.045, 3.114, 70.1, 54.7,0.278, 3.013, 3.079,192.0,175.3,0.274, 3.061, 3.131,0.280, 3.029, 3.096,0.274
08:24:00, 2.952, 3.013,108.3, 92.3,0.276, 2.922, 2.982, 68.0, 52.6,0.279, 2.893, 2.950,185.3,168.0,0.274, 2.937, 2.997,0.277, 2.908, 2.966,0.274
08:28:00, 2.837, 2.890,104.6, 88.6,0.276, 2.809, 2.861, 65.8, 50.3,0.277, 2.782, 2.833,179.6,161.9,0.274, 2.823, 2.876,0.279, 2.796, 2.847,0.275
08:32:00, 2.730, 2.777,101.3, 85.4,0.277, 2.705, 2.751, 64.0, 48.5,0.278, 2.680, 2.724,174.3,156.1,0.275, 2.718, 2.764,0.279, 2.693, 2.737,0.275
08:36:00, 2.632, 2.674, 98.1, 82.2,0.276, 2.609, 2.649, 62.2, 46.6,0.277, 2.586, 2.625,169.0,150.3,0.274, 2.620, 2.661,0.280, 2.597, 2.637,0.275
08:40:00, 2.541, 2.578, 95.3, 79.5,0.277, 2.520, 2.555, 60.7, 45.1,0.278, 2.498, 2.533,164.4,145.4,0.275, 2.530, 2.567,0.280, 2.509, 2.544,0.275
08:44:00, 2.457, 2.490, 92.6, 76.8,0.277, 2.437, 2.469, 59.1, 43.4,0.276, 2.417, 2.448,159.8,140.5,0.274, 2.447, 2.479,0.281, 2.427, 2.458,0.275
08:48:00, 2.379, 2.408, 90.1, 74.3,0.277, 2.360, 2.388, 57.7, 42.0,0.275, 2.342, 2.369,155.5,136.0,0.274, 2.369, 2.398,0.282, 2.351, 2.379,0.275
08:52:00, 2.306, 2.332, 87.6, 71.8,0.276, 2.288, 2.314, 56.5, 40.7,0.275, 2.271, 2.296,151.9,132.2,0.275, 2.297, 2.323,0.280, 2.280, 2.305,0.276
08:56:00, 2.238, 2.261, 85.6, 69.8,0.276, 2.222, 2.244, 55.2, 39.3,0.273, 2.206, 2.228,148.0,128.1,0.274, 2.230, 2.253,0.283, 2.214, 2.236,0.276
09:00:00, 2.174, 2.195, 83.6, 67.8,0.276, 2.159, 2.179, 54.3, 38.4,0.275, 2.144, 2.164,145.8,125.8,0.278, 2.167, 2.187,0.281, 2.151, 2.172,0.279
09:04:00, 2.115, 2.133, 81.7, 65.9,0.276, 2.100, 2.119, 53.2, 37.2,0.274, 2.086, 2.104,141.6,121.3,0.275, 2.108, 2.126,0.282, 2.093, 2.111,0.276
09:08:00, 2.059, 2.076, 79.9, 64.1,0.276, 2.045, 2.062, 52.3, 36.2,0.274, 2.032, 2.048,138.6,118.2,0.275, 2.052, 2.069,0.281, 2.039, 2.055,0.276
09:12:00, 2.006, 2.022,  0.0,  0.0,-.999, 1.994, 2.009,  0.0,  0.0,-.999, 1.981, 1.996,  0.0,  0.0,-.999, 2.000, 2.015,-.999, 1.988, 2.002,-.999
09:40:00, 1.714, 1.722, 69.3, 53.4,0.277, 1.706, 1.714, 46.7, 30.2,0.275, 1.697, 1.705,119.3, 98.4,0.274, 1.710, 1.718,0.281, 1.702, 1.709,0.275
09:44:00, 1.681, 1.688, 68.2, 52.3,0.276, 1.673, 1.680, 46.2, 29.7,0.276, 1.665, 1.672,117.6, 96.7,0.275, 1.677, 1.684,0.279, 1.669, 1.676,0.275
09:48:00, 1.650, 1.656, 67.4, 51.5,0.277, 1.642, 1.649, 45.6, 29.0,0.274, 1.635, 1.641,116.3, 95.4,0.276, 1.646, 1.652,0.283, 1.638, 1.645,0.278
09:52:00, 1.620, 1.626, 66.3, 50.4,0.276, 1.613, 1.619, 45.1, 28.5,0.274, 1.605, 1.611,113.7, 92.8,0.273, 1.616, 1.622,0.281, 1.609, 1.615,0.274
09:56:00, 1.592, 1.597, 65.5, 49.5,0.276, 1.585, 1.590, 44.7, 28.1,0.275, 1.578, 1.583,112.6, 91.7,0.275, 1.588, 1.594,0.281, 1.581, 1.587,0.276
10:00:00, 1.565, 1.570, 64.7, 48.7,0.276, 1.558, 1.563, 44.2, 27.5,0.274, 1.552, 1.557,111.4, 90.5,0.276, 1.561, 1.566,0.282, 1.555, 1.560,0.278
10:04:00, 1.539, 1.544, 64.0, 48.0,0.277, 1.533, 1.537, 43.9, 27.2,0.276, 1.527, 1.531,110.0, 89.1,0.276, 1.536, 1.541,0.281, 1.530, 1.534,0.277
10:08:00, 1.515, 1.519, 63.3, 47.3,0.277, 1.509, 1.513, 43.6, 26.9,0.278, 1.503, 1.507,108.4, 87.5,0.275, 1.512, 1.516,0.280, 1.506, 1.510,0.276
10:12:00, 1.492, 1.496, 62.6, 46.6,0.278, 1.486, 1.490, 43.2, 26.5,0.278, 1.480, 1.484,106.9, 86.0,0.275, 1.489, 1.493,0.281, 1.483, 1.487,0.275
10:16:00, 1.469, 1.473, 61.9, 45.9,0.277, 1.464, 1.468, 42.7, 25.9,0.275, 1.459, 1.462,105.8, 84.9,0.275, 1.467, 1.470,0.283, 1.462, 1.465,0.277
10:20:00, 1.449, 1.452, 61.2, 45.2,0.277, 1.443, 1.447, 42.3, 25.5,0.274, 1.438, 1.442,104.7, 83.8,0.276, 1.446, 1.449,0.283, 1.441, 1.444,0.277
10:24:00, 1.429, 1.432,  0.0,  0.0,-.999, 1.424, 1.427, 42.0, 25.2,0.274, 1.419, 1.422,103.2, 82.3,0.274, 1.426, 1.429,-.999, 1.421, 1.424,0.275
10:28:00, 1.410, 1.412, 60.0, 43.9,0.277, 1.405, 1.408, 41.6, 24.7,0.272, 1.400, 1.403,102.4, 81.5,0.275, 1.407, 1.410,0.284, 1.403, 1.405,0.277
10:32:00, 1.391, 1.394, 59.5, 43.4,0.277, 1.387, 1.390, 41.2, 24.3,0.270, 1.383, 1.385,101.1, 80.2,0.274, 1.389, 1.392,0.286, 1.385, 1.387,0.277
