"Instrument #064"
"Intercomparison date: 09-17-2016"
"Site: Izana, Tenerife"
"N table date:24-April-2014"
Lamp Corrections:,  -1.2,  -1.2,  -1.8
"Observations,",42
07:56:00, 4.113, 4.300,145.3,129.9,0.278, 4.055, 4.233, 89.8, 74.6,0.285, 3.999, 4.169,246.7,234.5,0.276, 4.084, 4.266,0.275, 4.027, 4.201,0.275
08:00:00, 3.891, 4.046,138.7,123.0,0.279, 3.839, 3.987, 85.5, 70.3,0.284, 3.788, 3.930,235.9,222.5,0.277, 3.864, 4.016,0.278, 3.813, 3.958,0.276
08:04:00, 3.690, 3.820,132.2,116.4,0.278, 3.644, 3.768, 81.7, 66.4,0.283, 3.598, 3.717,225.4,211.1,0.277, 3.667, 3.794,0.278, 3.621, 3.743,0.276
08:08:00, 3.510, 3.620,127.1,111.1,0.280, 3.467, 3.573, 78.4, 63.1,0.283, 3.426, 3.527,216.1,201.1,0.277, 3.488, 3.596,0.282, 3.446, 3.550,0.277
08:12:00, 3.346, 3.440,122.0,105.9,0.280, 3.307, 3.398, 75.3, 60.0,0.281, 3.270, 3.356,207.6,192.0,0.277, 3.327, 3.418,0.283, 3.288, 3.377,0.277
08:16:00, 3.197, 3.277,117.3,101.2,0.280, 3.162, 3.239, 72.6, 57.2,0.281, 3.127, 3.202,199.4,183.3,0.277, 3.179, 3.258,0.283, 3.145, 3.221,0.276
08:20:00, 3.061, 3.130,112.6, 96.5,0.279, 3.029, 3.096, 70.2, 54.8,0.282, 2.997, 3.062,192.3,175.6,0.277, 3.045, 3.113,0.281, 3.013, 3.079,0.276
08:24:00, 2.936, 2.997,108.3, 92.3,0.278, 2.907, 2.965, 68.0, 52.6,0.282, 2.878, 2.934,186.0,168.8,0.277, 2.922, 2.981,0.279, 2.892, 2.950,0.277
08:28:00, 2.822, 2.875,104.8, 88.8,0.279, 2.795, 2.846, 65.8, 50.3,0.280, 2.768, 2.818,179.9,162.2,0.277, 2.808, 2.860,0.282, 2.782, 2.832,0.277
08:32:00, 2.717, 2.763,101.0, 85.1,0.277, 2.692, 2.737, 64.2, 48.7,0.283, 2.667, 2.711,174.1,155.9,0.276, 2.704, 2.750,0.277, 2.679, 2.724,0.276
08:36:00, 2.620, 2.660, 98.3, 82.4,0.279, 2.596, 2.636, 62.4, 46.8,0.282, 2.574, 2.612,168.9,150.2,0.276, 2.608, 2.648,0.281, 2.585, 2.624,0.275
08:40:00, 2.530, 2.566, 95.3, 79.5,0.279, 2.508, 2.543, 60.8, 45.2,0.282, 2.487, 2.521,164.7,145.7,0.277, 2.519, 2.554,0.280, 2.498, 2.532,0.277
08:44:00, 2.446, 2.478, 92.7, 76.9,0.279, 2.426, 2.457, 59.3, 43.7,0.281, 2.407, 2.437,160.2,140.9,0.277, 2.436, 2.468,0.281, 2.416, 2.447,0.277
08:48:00, 2.368, 2.397, 89.9, 74.1,0.277, 2.350, 2.378, 57.9, 42.2,0.280, 2.332, 2.359,156.0,136.5,0.277, 2.359, 2.387,0.279, 2.341, 2.368,0.277
08:52:00, 2.296, 2.322, 87.9, 72.1,0.279, 2.279, 2.304, 56.7, 40.9,0.280, 2.262, 2.286,152.1,132.4,0.277, 2.287, 2.313,0.282, 2.270, 2.295,0.277
08:56:00, 2.229, 2.251, 85.7, 69.9,0.279, 2.212, 2.235, 55.6, 39.7,0.281, 2.196, 2.218,148.3,128.4,0.276, 2.220, 2.243,0.281, 2.204, 2.226,0.277
09:00:00, 2.165, 2.186, 83.7, 67.9,0.279, 2.150, 2.170, 54.4, 38.5,0.279, 2.135, 2.155,145.0,124.9,0.277, 2.158, 2.178,0.282, 2.143, 2.163,0.277
09:04:00, 2.106, 2.125, 82.0, 66.2,0.280, 2.092, 2.110, 53.4, 37.4,0.279, 2.078, 2.096,141.8,121.5,0.277, 2.099, 2.117,0.284, 2.085, 2.103,0.277
09:08:00, 2.051, 2.068, 80.2, 64.4,0.279, 2.037, 2.054, 52.3, 36.2,0.276, 2.024, 2.040,138.7,118.3,0.276, 2.044, 2.061,0.285, 2.031, 2.047,0.278
09:40:00, 1.708, 1.716, 69.6, 53.7,0.280, 1.700, 1.708, 47.1, 30.7,0.284, 1.692, 1.699,120.5, 99.6,0.279, 1.704, 1.712,0.281, 1.696, 1.703,0.279
09:44:00, 1.675, 1.683, 68.6, 52.7,0.280, 1.667, 1.675, 46.4, 29.9,0.281, 1.660, 1.666,117.8, 96.9,0.276, 1.671, 1.679,0.283, 1.664, 1.670,0.276
09:48:00, 1.644, 1.651, 67.6, 51.7,0.280, 1.637, 1.643, 46.1, 29.6,0.285, 1.629, 1.635,116.8, 95.9,0.279, 1.640, 1.647,0.279, 1.633, 1.639,0.279
09:52:00, 1.614, 1.621, 66.7, 50.8,0.280, 1.607, 1.613, 45.4, 28.8,0.281, 1.600, 1.606,115.5, 94.6,0.280, 1.611, 1.617,0.283, 1.604, 1.610,0.281
09:56:00, 1.586, 1.592, 65.8, 49.8,0.280, 1.579, 1.585, 45.0, 28.4,0.282, 1.573, 1.578,113.0, 92.1,0.277, 1.583, 1.588,0.281, 1.576, 1.581,0.277
10:00:00, 1.560, 1.565, 65.0, 49.0,0.280, 1.553, 1.558, 44.5, 27.9,0.281, 1.547, 1.552,111.8, 90.9,0.279, 1.556, 1.561,0.283, 1.550, 1.555,0.279
10:04:00, 1.534, 1.539, 64.2, 48.2,0.280, 1.528, 1.533, 43.9, 27.2,0.278, 1.522, 1.526,110.0, 89.1,0.277, 1.531, 1.536,0.285, 1.525, 1.529,0.278
10:08:00, 1.510, 1.514, 63.4, 47.4,0.280, 1.504, 1.508, 43.5, 26.8,0.278, 1.498, 1.502,108.5, 87.6,0.277, 1.507, 1.511,0.284, 1.501, 1.505,0.278
10:12:00, 1.487, 1.491, 62.7, 46.7,0.280, 1.481, 1.485, 43.1, 26.3,0.277, 1.476, 1.480,107.3, 86.4,0.277, 1.484, 1.488,0.285, 1.478, 1.482,0.278
10:16:00, 1.465, 1.469, 62.0, 46.0,0.279, 1.460, 1.463, 42.7, 25.9,0.277, 1.454, 1.458,105.9, 85.0,0.277, 1.462, 1.466,0.285, 1.457, 1.460,0.278
10:20:00, 1.444, 1.447, 61.5, 45.5,0.281, 1.439, 1.442, 42.4, 25.6,0.277, 1.434, 1.437,104.7, 83.8,0.277, 1.441, 1.445,0.287, 1.436, 1.440,0.278
10:24:00, 1.424, 1.427, 60.9, 44.8,0.281, 1.419, 1.422, 42.1, 25.3,0.278, 1.415, 1.418,103.6, 82.7,0.277, 1.422, 1.425,0.287, 1.417, 1.420,0.278
10:28:00, 1.405, 1.408, 60.2, 44.1,0.280, 1.401, 1.403, 41.9, 25.1,0.280, 1.396, 1.399,102.9, 82.0,0.278, 1.403, 1.406,0.283, 1.398, 1.401,0.279
10:32:00, 1.387, 1.390, 59.7, 43.6,0.280, 1.383, 1.385, 41.7, 24.8,0.282, 1.378, 1.381,101.8, 80.9,0.278, 1.385, 1.388,0.282, 1.381, 1.383,0.278
10:36:00, 1.370, 1.372, 59.2, 43.1,0.280, 1.366, 1.368, 41.5, 24.6,0.284, 1.362, 1.364,100.9, 80.0,0.278, 1.368, 1.370,0.281, 1.364, 1.366,0.278
10:40:00, 1.354, 1.356, 58.7, 42.6,0.280, 1.350, 1.352, 41.0, 24.1,0.279, 1.346, 1.348, 99.8, 78.9,0.278, 1.352, 1.354,0.285, 1.348, 1.350,0.279
10:44:00, 1.338, 1.340, 58.2, 42.0,0.280, 1.334, 1.336, 40.7, 23.8,0.278, 1.330, 1.332, 98.8, 77.9,0.277, 1.336, 1.338,0.285, 1.332, 1.334,0.278
10:48:00, 1.323, 1.325, 57.7, 41.5,0.279, 1.319, 1.321, 40.5, 23.5,0.279, 1.316, 1.318, 98.0, 77.1,0.278, 1.321, 1.323,0.283, 1.318, 1.319,0.279
10:52:00, 1.309, 1.311, 57.2, 41.0,0.278, 1.305, 1.307, 40.2, 23.2,0.278, 1.302, 1.304, 97.2, 76.3,0.278, 1.307, 1.309,0.283, 1.304, 1.305,0.279
10:56:00, 1.295, 1.297, 56.9, 40.6,0.279, 1.292, 1.294, 40.1, 23.1,0.280, 1.289, 1.290, 96.5, 75.6,0.278, 1.294, 1.295,0.282, 1.291, 1.292,0.279
11:00:00, 1.283, 1.284, 56.6, 40.3,0.280, 1.279, 1.281, 40.0, 23.0,0.283, 1.276, 1.278, 95.7, 74.9,0.278, 1.281, 1.282,0.282, 1.278, 1.279,0.278
11:04:00, 1.270, 1.272, 56.1, 39.8,0.279, 1.267, 1.269, 39.7, 22.7,0.280, 1.264, 1.266, 95.0, 74.2,0.278, 1.269, 1.270,0.281, 1.266, 1.267,0.278
11:08:00, 1.259, 1.260, 55.7, 39.4,0.278, 1.256, 1.257, 39.5, 22.5,0.280, 1.253, 1.254, 94.4, 73.6,0.278, 1.257, 1.259,0.281, 1.255, 1.256,0.279
