"Instrument #083"
"Intercomparison date: 09-19-2016"
"Site: Izana, Tenerife"
"N table date:1992"
Lamp Corrections:,  -0.9,  -0.7,  -0.7
"Observations,",41
Time Local Mu_C   M_C   RC    NC   O3_C    Mu_D   M_D    RD    ND  O3_D    Mu_A   M_A   RA    NA   O3_A   Mu_CD   M_CD O3_CD  Mu_AD   M_AD O3_AD
07:56:00, 4.172, 4.367,138.0,129.2,0.268, 4.112, 4.299, 79.4, 75.8,0.272, 4.055, 4.232,245.8,232.8,0.268, 4.142, 4.333,0.265, 4.083, 4.265,0.267
08:00:00, 3.944, 4.106,130.3,122.0,0.268, 3.890, 4.045, 74.9, 71.7,0.273, 3.838, 3.986,233.7,220.4,0.268, 3.917, 4.075,0.264, 3.864, 4.016,0.267
08:04:00, 3.738, 3.874,123.5,115.7,0.268, 3.690, 3.820, 70.6, 67.7,0.272, 3.644, 3.768,222.9,209.4,0.269, 3.714, 3.847,0.265, 3.667, 3.794,0.268
08:08:00, 3.553, 3.668,117.1,109.7,0.268, 3.510, 3.620, 66.9, 64.3,0.272, 3.468, 3.573,212.5,199.0,0.268, 3.532, 3.644,0.265, 3.489, 3.596,0.267
08:12:00, 3.386, 3.483,111.4,104.4,0.268, 3.346, 3.440, 63.6, 61.3,0.273, 3.308, 3.398,203.2,189.8,0.269, 3.366, 3.462,0.264, 3.327, 3.419,0.267
08:16:00, 3.234, 3.317,106.6, 99.9,0.269, 3.198, 3.278, 60.7, 58.6,0.274, 3.163, 3.240,194.9,181.7,0.269, 3.216, 3.298,0.265, 3.180, 3.259,0.268
08:20:00, 3.095, 3.167,102.0, 95.7,0.269, 3.062, 3.132, 58.0, 56.1,0.274, 3.030, 3.097,187.1,174.0,0.269, 3.078, 3.149,0.265, 3.046, 3.114,0.267
08:24:00, 2.968, 3.030, 97.8, 91.8,0.269, 2.938, 2.998, 55.7, 54.0,0.276, 2.908, 2.967,180.3,167.3,0.270, 2.953, 3.014,0.265, 2.923, 2.982,0.268
08:28:00, 2.851, 2.906, 93.7, 87.9,0.269, 2.824, 2.876, 53.4, 51.9,0.276, 2.796, 2.848,173.6,160.7,0.269, 2.837, 2.891,0.263, 2.810, 2.862,0.268
08:32:00, 2.744, 2.792, 90.4, 84.9,0.270, 2.718, 2.765, 51.3, 49.9,0.276, 2.693, 2.738,167.6,154.8,0.270, 2.731, 2.778,0.265, 2.706, 2.752,0.268
08:36:00, 2.645, 2.687, 86.9, 81.6,0.269, 2.621, 2.662, 49.3, 48.0,0.275, 2.598, 2.638,161.7,149.1,0.269, 2.633, 2.675,0.265, 2.610, 2.650,0.267
08:40:00, 2.553, 2.591, 83.9, 78.9,0.270, 2.532, 2.568, 47.7, 46.5,0.276, 2.510, 2.545,156.7,144.2,0.270, 2.542, 2.579,0.265, 2.521, 2.556,0.268
08:44:00, 2.468, 2.501, 81.1, 76.3,0.270, 2.448, 2.480, 46.1, 44.9,0.276, 2.428, 2.459,152.0,139.6,0.270, 2.458, 2.491,0.265, 2.438, 2.470,0.268
08:48:00, 2.389, 2.419, 78.4, 73.8,0.270, 2.371, 2.399, 44.6, 43.5,0.276, 2.352, 2.380,147.4,135.2,0.270, 2.380, 2.409,0.265, 2.361, 2.390,0.268
08:52:00, 2.316, 2.342, 76.0, 71.6,0.271, 2.298, 2.324, 43.3, 42.2,0.277, 2.281, 2.306,143.2,131.2,0.270, 2.307, 2.333,0.265, 2.290, 2.315,0.268
08:56:00, 2.247, 2.271, 73.5, 69.3,0.270, 2.231, 2.254, 41.9, 40.8,0.276, 2.215, 2.237,139.1,127.2,0.270, 2.239, 2.262,0.265, 2.223, 2.246,0.268
09:00:00, 2.183, 2.205, 71.3, 67.3,0.269, 2.168, 2.189, 40.8, 39.8,0.277, 2.153, 2.173,135.3,123.6,0.270, 2.176, 2.197,0.263, 2.160, 2.181,0.268
09:04:00, 2.123, 2.142, 69.4, 65.5,0.270, 2.109, 2.128, 39.6, 38.6,0.276, 2.095, 2.113,131.8,120.3,0.270, 2.116, 2.135,0.265, 2.102, 2.120,0.268
09:08:00, 2.067, 2.084, 67.6, 63.9,0.271, 2.054, 2.070, 38.6, 37.6,0.277, 2.040, 2.057,128.7,117.4,0.270, 2.060, 2.077,0.266, 2.047, 2.063,0.268
09:12:00, 2.014, 2.030, 65.8, 62.2,0.271, 2.002, 2.017, 37.6, 36.6,0.276, 1.989, 2.004,125.4,114.2,0.270, 2.008, 2.023,0.266, 1.995, 2.010,0.268
09:16:00, 1.965, 1.979, 65.7, 62.1,0.279, 1.953, 1.966, 36.9, 35.9,0.279, 1.941, 1.954,122.7,111.7,0.270, 1.959, 1.972,0.280, 1.947, 1.960,0.268
09:20:00, 1.918, 1.931, 62.7, 59.4,0.271, 1.906, 1.919, 36.0, 35.0,0.278, 1.895, 1.908,119.8,108.9,0.270, 1.912, 1.925,0.266, 1.901, 1.913,0.268
09:24:00, 1.874, 1.885, 61.2, 58.0,0.271, 1.863, 1.874, 35.3, 34.3,0.280, 1.853, 1.864,117.0,106.3,0.269, 1.868, 1.880,0.265, 1.858, 1.869,0.267
09:28:00, 1.832, 1.843, 59.6, 56.5,0.270, 1.822, 1.832, 34.4, 33.4,0.278, 1.812, 1.822,114.7,104.1,0.270, 1.827, 1.837,0.264, 1.817, 1.827,0.268
09:32:00, 1.793, 1.802, 58.4, 55.4,0.271, 1.783, 1.793, 33.8, 32.8,0.279, 1.774, 1.783,112.1,101.7,0.269, 1.788, 1.798,0.264, 1.778, 1.788,0.266
09:36:00, 1.755, 1.764, 57.2, 54.3,0.271, 1.746, 1.755, 33.2, 32.2,0.281, 1.738, 1.746,110.1, 99.8,0.270, 1.751, 1.760,0.263, 1.742, 1.751,0.267
09:40:00, 1.720, 1.728, 56.2, 53.3,0.272, 1.712, 1.720, 32.6, 31.6,0.281, 1.703, 1.711,107.9, 97.7,0.270, 1.716, 1.724,0.265, 1.708, 1.715,0.266
09:44:00, 1.687, 1.694, 54.8, 52.0,0.270, 1.679, 1.686, 32.0, 31.0,0.281, 1.671, 1.678,106.1, 96.1,0.270, 1.683, 1.690,0.261, 1.675, 1.682,0.267
09:48:00, 1.655, 1.662, 54.1, 51.4,0.272, 1.648, 1.654, 31.5, 30.5,0.283, 1.640, 1.647,104.2, 94.3,0.270, 1.651, 1.658,0.264, 1.644, 1.650,0.267
10:20:00, 1.453, 1.457, 47.5, 45.1,0.273, 1.448, 1.451, 27.6, 26.5,0.278, 1.443, 1.446, 92.1, 83.0,0.270, 1.451, 1.454,0.268, 1.445, 1.449,0.268
10:24:00, 1.433, 1.436, 46.7, 44.3,0.271, 1.428, 1.431, 27.2, 26.1,0.277, 1.423, 1.426, 90.9, 81.8,0.270, 1.431, 1.434,0.267, 1.426, 1.429,0.269
10:28:00, 1.414, 1.417, 46.2, 43.8,0.272, 1.409, 1.412, 26.8, 25.7,0.276, 1.405, 1.408, 89.7, 80.7,0.270, 1.412, 1.415,0.269, 1.407, 1.410,0.269
10:32:00, 1.396, 1.398, 45.5, 43.1,0.271, 1.391, 1.394, 26.6, 25.5,0.278, 1.387, 1.390, 88.7, 79.8,0.271, 1.394, 1.396,0.266, 1.389, 1.392,0.268
10:36:00, 1.378, 1.381, 45.1, 42.7,0.273, 1.374, 1.377, 26.4, 25.3,0.280, 1.370, 1.372, 87.9, 79.0,0.271, 1.376, 1.379,0.266, 1.372, 1.375,0.269
10:40:00, 1.362, 1.364, 44.6, 42.3,0.273, 1.358, 1.360, 26.1, 25.0,0.280, 1.354, 1.356, 86.9, 78.1,0.272, 1.360, 1.362,0.267, 1.356, 1.358,0.269
10:44:00, 1.346, 1.348, 43.9, 41.6,0.271, 1.342, 1.344, 25.8, 24.7,0.280, 1.339, 1.341, 86.1, 77.4,0.272, 1.344, 1.346,0.264, 1.340, 1.343,0.270
10:48:00, 1.331, 1.333, 43.8, 41.5,0.274, 1.328, 1.329, 26.1, 25.0,0.292, 1.324, 1.326, 85.7, 77.0,0.274, 1.329, 1.331,0.261, 1.326, 1.328,0.269
10:52:00, 1.317, 1.319, 43.5, 41.2,0.276, 1.313, 1.315, 25.9, 24.8,0.293, 1.310, 1.312, 84.8, 76.2,0.274, 1.315, 1.317,0.262, 1.312, 1.313,0.269
10:56:00, 1.303, 1.305, 42.8, 40.5,0.273, 1.300, 1.302, 25.6, 24.5,0.292, 1.297, 1.298, 84.1, 75.5,0.274, 1.302, 1.303,0.259, 1.298, 1.300,0.270
11:00:00, 1.290, 1.292, 42.5, 40.2,0.275, 1.287, 1.289, 25.4, 24.3,0.292, 1.284, 1.286, 83.2, 74.7,0.274, 1.289, 1.290,0.260, 1.286, 1.287,0.269
11:04:00, 1.278, 1.279, 42.1, 39.8,0.275, 1.275, 1.276, 24.9, 23.7,0.286, 1.272, 1.273, 82.4, 73.9,0.274, 1.277, 1.278,0.265, 1.274, 1.275,0.270
