"Instrument #083"
"Intercomparison date: 09-16-2016"
"Site: Izana, Tenerife"
"N table date:1992"
Lamp Corrections:,  -0.9,  -0.7,  -0.7
"Observations,",40
Time Local Mu_C   M_C   RC    NC   O3_C    Mu_D   M_D    RD    ND  O3_D    Mu_A   M_A   RA    NA   O3_A   Mu_CD   M_CD O3_CD  Mu_AD   M_AD O3_AD
07:56:00, 4.085, 4.267,138.1,129.3,0.276, 4.028, 4.202, 78.0, 74.5,0.274, 3.972, 4.138,245.7,232.7,0.275, 4.056, 4.234,0.278, 4.000, 4.170,0.274
08:00:00, 3.865, 4.017,130.0,121.7,0.275, 3.814, 3.959, 73.6, 70.5,0.275, 3.764, 3.902,234.4,221.1,0.276, 3.839, 3.987,0.275, 3.788, 3.930,0.276
08:04:00, 3.667, 3.795,123.7,115.8,0.276, 3.621, 3.743, 69.7, 66.9,0.276, 3.576, 3.693,223.9,210.4,0.276, 3.644, 3.769,0.277, 3.598, 3.718,0.276
08:08:00, 3.489, 3.596,117.4,110.0,0.276, 3.447, 3.550, 66.1, 63.6,0.276, 3.406, 3.505,213.8,200.3,0.276, 3.467, 3.573,0.276, 3.426, 3.527,0.276
08:12:00, 3.327, 3.419,111.9,104.9,0.276, 3.288, 3.377, 63.0, 60.8,0.277, 3.251, 3.336,204.5,191.1,0.276, 3.307, 3.398,0.276, 3.270, 3.356,0.276
08:16:00, 3.179, 3.258,106.9,100.2,0.276, 3.144, 3.221, 60.1, 58.1,0.278, 3.110, 3.184,196.1,182.8,0.276, 3.162, 3.239,0.276, 3.127, 3.202,0.276
08:20:00, 3.045, 3.113,102.3, 95.9,0.276, 3.013, 3.079, 57.5, 55.7,0.278, 2.982, 3.045,188.6,175.4,0.277, 3.029, 3.096,0.275, 2.997, 3.062,0.276
08:24:00, 2.921, 2.981, 98.3, 92.2,0.277, 2.892, 2.949, 55.1, 53.4,0.279, 2.863, 2.919,181.7,168.7,0.277, 2.907, 2.965,0.277, 2.878, 2.934,0.277
08:28:00, 2.808, 2.860, 94.3, 88.5,0.277, 2.781, 2.831, 52.8, 51.3,0.278, 2.755, 2.803,175.0,162.1,0.277, 2.795, 2.846,0.276, 2.768, 2.817,0.277
08:32:00, 2.704, 2.749, 90.7, 85.2,0.277, 2.679, 2.723, 50.9, 49.5,0.280, 2.655, 2.697,169.0,156.2,0.277, 2.691, 2.736,0.275, 2.667, 2.710,0.276
08:36:00, 2.607, 2.647, 87.5, 82.2,0.277, 2.584, 2.623, 49.0, 47.7,0.279, 2.562, 2.600,163.5,150.8,0.277, 2.596, 2.635,0.276, 2.573, 2.611,0.277
08:40:00, 2.518, 2.554, 84.6, 79.5,0.278, 2.497, 2.531, 47.3, 46.1,0.279, 2.476, 2.509,158.7,146.1,0.278, 2.507, 2.542,0.278, 2.486, 2.520,0.278
08:44:00, 2.435, 2.467, 81.9, 77.0,0.279, 2.415, 2.446, 45.4, 44.2,0.276, 2.396, 2.426,153.6,141.2,0.278, 2.425, 2.456,0.282, 2.406, 2.436,0.278
08:48:00, 2.358, 2.386, 79.1, 74.5,0.278, 2.340, 2.367, 44.1, 43.0,0.277, 2.322, 2.348,149.2,136.9,0.278, 2.349, 2.377,0.279, 2.331, 2.358,0.278
08:52:00, 2.286, 2.312, 76.7, 72.3,0.279, 2.269, 2.294, 42.8, 41.7,0.278, 2.252, 2.276,144.9,132.8,0.278, 2.278, 2.303,0.280, 2.261, 2.285,0.278
08:56:00, 2.219, 2.242, 74.3, 70.1,0.278, 2.203, 2.225, 41.5, 40.5,0.278, 2.188, 2.209,141.1,129.2,0.279, 2.211, 2.234,0.279, 2.195, 2.217,0.279
09:00:00, 2.157, 2.177, 72.2, 68.1,0.279, 2.142, 2.161, 40.2, 39.2,0.276, 2.127, 2.146,137.2,125.4,0.278, 2.149, 2.169,0.281, 2.134, 2.154,0.279
09:04:00, 2.098, 2.116, 70.1, 66.2,0.278, 2.084, 2.102, 39.3, 38.3,0.278, 2.070, 2.087,133.8,122.2,0.279, 2.091, 2.109,0.279, 2.077, 2.095,0.279
09:08:00, 2.043, 2.059, 68.2, 64.4,0.278, 2.030, 2.046, 38.3, 37.3,0.278, 2.017, 2.032,130.6,119.2,0.279, 2.036, 2.053,0.278, 2.023, 2.039,0.279
09:12:00, 1.991, 2.006, 66.5, 62.9,0.279, 1.979, 1.993, 37.5, 36.5,0.280, 1.966, 1.981,127.6,116.3,0.279, 1.985, 2.000,0.278, 1.973, 1.987,0.279
09:48:00, 1.639, 1.645, 54.7, 51.9,0.280, 1.631, 1.638, 31.3, 30.3,0.285, 1.624, 1.630,106.3, 96.3,0.280, 1.635, 1.641,0.277, 1.628, 1.634,0.279
09:52:00, 1.609, 1.615, 53.6, 50.9,0.280, 1.602, 1.608, 30.7, 29.7,0.284, 1.595, 1.601,104.5, 94.6,0.280, 1.606, 1.612,0.277, 1.599, 1.604,0.279
09:56:00, 1.581, 1.587, 52.8, 50.1,0.281, 1.574, 1.580, 30.1, 29.1,0.282, 1.568, 1.573,102.7, 92.9,0.280, 1.578, 1.583,0.280, 1.571, 1.576,0.279
10:00:00, 1.555, 1.560, 51.9, 49.3,0.281, 1.548, 1.553, 29.5, 28.5,0.280, 1.542, 1.547,101.2, 91.5,0.281, 1.551, 1.556,0.281, 1.545, 1.550,0.281
10:04:00, 1.529, 1.534, 50.9, 48.3,0.280, 1.523, 1.528, 29.1, 28.1,0.281, 1.517, 1.521, 99.6, 90.0,0.281, 1.526, 1.531,0.279, 1.520, 1.525,0.280
10:08:00, 1.505, 1.509, 50.3, 47.8,0.281, 1.499, 1.503, 29.0, 28.0,0.287, 1.494, 1.498, 98.4, 88.9,0.282, 1.502, 1.506,0.277, 1.496, 1.501,0.280
10:12:00, 1.482, 1.486, 49.6, 47.1,0.282, 1.477, 1.481, 28.6, 27.6,0.287, 1.471, 1.475, 97.1, 87.7,0.282, 1.479, 1.483,0.278, 1.474, 1.478,0.281
10:16:00, 1.460, 1.464, 49.0, 46.5,0.283, 1.455, 1.459, 28.4, 27.4,0.291, 1.450, 1.453, 95.9, 86.5,0.283, 1.458, 1.461,0.276, 1.452, 1.456,0.280
10:20:00, 1.440, 1.443, 48.3, 45.9,0.283, 1.435, 1.438, 28.0, 26.9,0.290, 1.430, 1.433, 94.6, 85.3,0.282, 1.437, 1.440,0.276, 1.432, 1.435,0.280
10:24:00, 1.420, 1.423, 47.5, 45.1,0.281, 1.415, 1.418, 27.7, 26.6,0.291, 1.410, 1.413, 93.3, 84.1,0.282, 1.417, 1.420,0.273, 1.413, 1.416,0.280
10:28:00, 1.401, 1.404, 47.1, 44.7,0.283, 1.396, 1.399, 27.4, 26.3,0.292, 1.392, 1.395, 92.4, 83.3,0.283, 1.399, 1.401,0.276, 1.394, 1.397,0.281
10:32:00, 1.383, 1.386, 46.6, 44.2,0.284, 1.379, 1.381, 27.2, 26.1,0.295, 1.374, 1.377, 91.4, 82.3,0.284, 1.381, 1.383,0.275, 1.376, 1.379,0.281
10:36:00, 1.366, 1.368, 46.2, 43.8,0.285, 1.362, 1.364, 27.0, 25.9,0.297, 1.358, 1.360, 90.5, 81.5,0.284, 1.364, 1.366,0.276, 1.360, 1.362,0.281
10:40:00, 1.350, 1.352, 45.5, 43.1,0.284, 1.346, 1.348, 26.7, 25.6,0.297, 1.342, 1.344, 89.4, 80.4,0.284, 1.348, 1.350,0.273, 1.344, 1.346,0.280
10:44:00, 1.334, 1.336, 45.1, 42.7,0.285, 1.330, 1.332, 26.4, 25.3,0.297, 1.326, 1.328, 88.6, 79.7,0.285, 1.332, 1.334,0.276, 1.328, 1.330,0.281
10:48:00, 1.319, 1.321, 44.6, 42.3,0.285, 1.316, 1.317, 26.1, 25.0,0.296, 1.312, 1.314, 88.0, 79.1,0.286, 1.317, 1.319,0.276, 1.314, 1.316,0.283
10:52:00, 1.305, 1.307, 44.2, 41.9,0.285, 1.302, 1.303, 26.1, 25.0,0.302, 1.298, 1.300, 86.9, 78.1,0.285, 1.303, 1.305,0.273, 1.300, 1.302,0.281
10:56:00, 1.292, 1.293, 43.7, 41.4,0.285, 1.288, 1.290, 25.9, 24.8,0.303, 1.285, 1.287, 86.1, 77.4,0.285, 1.290, 1.292,0.271, 1.287, 1.288,0.281
11:00:00, 1.279, 1.280, 43.3, 41.0,0.285, 1.276, 1.277, 25.7, 24.6,0.303, 1.273, 1.274, 85.2, 76.5,0.285, 1.277, 1.279,0.271, 1.274, 1.276,0.280
11:04:00, 1.267, 1.268, 42.8, 40.5,0.284, 1.264, 1.265, 25.3, 24.2,0.300, 1.261, 1.262, 84.3, 75.7,0.285, 1.265, 1.266,0.272, 1.262, 1.263,0.280
