version=2dh290116PTB 52.28  10.5  3.233369pr1000
co06:29:37dh: day header
co06:29:37main: version 4.1024/06/2014 01:00:00
co06:29:37skc: 
co06:29:37autohg:  1 
co06:29:37hifw2:  0 
co06:29:37attn:  35000  120000 
co06:29:37lowds:  1 
co06:29:37cubdsp:  0 

inst0-0.2-0.200.700.34102.351.1495155580.000000029102014242304370102501415021800264002972mkiii1000000000242-3770740802817825260.99538.21733250.46425600-202194Jul 08/14EXTRAS10035000120000110001-15-2016@
disp2856.870.0771218-7.86901e-072896.970.0760831-7.65522e-072933.990.075073-7.41321e-0729690.0743984-7.59213e-073004.30.0730608-7.07857e-072823.940.0777556-7.77166e-074285.310.115683-1.18035e-064345.460.114125-1.14828e-064400.980.11261-1.11198e-064453.490.111598-1.13882e-064506.450.109591-1.06179e-064235.90.116633-1.16575e-06lunmay 20/13173310182422@
zeni-0.006400-0.0196800.0165400.1665220.280198-0.061343-0.4894390.455409-0.045242June 27/02@
op_st185c:\Brw#185\bdata185\icf19014zsf17802dcf14013uvr26104290116PTB52.2810.510003.23336924-2214660101110110110111menuo3@
uvr2865          7944.5692870          8004.4842875          8050.2512880          8084.0382885          8107.8232890          8123.3882895          8132.3152900          8135.9952905          8135.6332910          8132.2672915          8126.7752920          8119.8932925          8112.2292930          8104.2762935          8096.4262940          8088.9832945          8082.1752950          8076.1642955          8071.0542960          8066.9052965          8063.7332970          8061.5262975          8060.2422980          8059.8212985          8060.1872990          8061.2492995          8062.9123000          8065.0763005          8067.6373010          8070.4943015          8073.5483020          8076.7033025          8079.8723030          8082.9713035          8085.9263040          8088.6733045          8091.1533050          8093.3193055          8095.1313060          8096.563065          8097.5833070          8098.193075          8098.3733080          8098.1363085          8097.4863090          8096.443095          8095.0193100          8093.2463105          8091.153110          8088.7653115          8086.1243120          8083.2633125          8080.2213130          8077.0343135          8073.7393140          8070.3753145          8066.9743150          8063.5713155          8060.1963160          8056.8783165          8053.6433170          8050.5113175          8047.5023180          8044.6313185          8041.913190          8039.3453195          8036.9423200          8034.7013205          8032.6183210          8030.6883215          8028.9013220          8027.2453225          8025.7043230          8024.2613235          8022.8963240          8021.593245          8020.3183250          8019.0593255          8017.7873260          8016.4793265          8015.113270          8013.6573275          8012.0983280          8010.4113285          8008.5773290          8006.5773295          8004.3963300          8002.0213305          7999.4413310          7996.6493315          7993.643320          7990.413325          7986.9623330          7983.2993335          7979.4293340          7975.3593345          7971.1033350          7966.6743355          7962.0883360          7957.3633365          7952.5173370          7947.5683375          7942.5383380          7937.4423385          7932.33390          7927.1273395          7921.9353400          7916.7353405          7911.5313410          7906.3253415          7901.1123420          7895.8813425          7890.6143430          7885.2853435          7879.8593440          7874.2933445          7868.5343450          7862.5183455          7856.1713460          7849.4083465          7842.1343470          7834.2413475          7825.6123480          7816.123485          7805.6273490          7793.9873495          7781.0483500          7766.6513505          7434.9253510          7425.523515          7416.2083520          7406.9563525          7397.7293530          7388.4973535          7379.2253540          7369.8813545          7360.4333550          7350.8473555          7341.0933560          7331.1383565          7320.953570          7310.4983575          7299.753580          7288.6753585          7277.2433590          7265.4233595          7253.1843600          7240.4973605          7227.3313610          7213.6573615          7199.4463620          7184.6693625          7169.2993630          7153.307@
hk06:29:45 27 27 26 43.1 11.06-99-38
hpscan06:30:12 0 50116 10 73043 20 95613 30 118534 40 141806 50 162144 60 170544 70 171179 80 171672 90 172095 100 170430 110 161596 120 142803 130 118860 140 95159 150 70101 160 46975
hp06:31:08 .9946285 177717.8 80.3 27
hk06:31:29 27 27 27 43.1 11.06-99-38
co06:31:32hgfw2: HG FW#2 at step  0
hk06:33:38 27 27 27 42.9 11.02-99-38
hgscan 0wide 296warm= 206:33:38JAN 29/16 598 934 2534 16201 35205 53128 70399 88093 106368 119354 121326 113959 96607 76258 57983 40777 22638 5182 780 435 406 785 5072 23263 42369 60547 80814 103114 122165 131665 130433 118415 98000 78675 60758 39799 19616 2932 1116 701
hg06:35:03 .9987 1019.759 1020 252991 27 0
co06:35:05checkhg: Running checkhg from menu line -200
co06:35:06checkhg: Last HG was OK
co06:35:40x7: Running x7 from menu line -200
co06:35:41x7: Doing dispersion test with Laser (quartz window)
hk06:35:46 27 27 27 42.8 10.98-99-38
hpscan06:36:07 0 51620 10 74105 20 96982 30 120597 40 143660 50 163189 60 170587 70 171913 80 172432 90 172318 100 170340 110 160351 120 140814 130 117581 140 92736 150 69151 160 45956
hp06:37:03 .9951986 178107.8 79.4 27
hk06:37:25 27 27 27 42.8 10.99-99-38
co06:37:27hgfw2: HG FW#2 at step  0
hk06:39:34 27 27 27 42.8 10.99-99-38
hgscan 0wide 296warm= 206:39:34JAN 29/16 679 1153 2672 21214 45671 68345 91131 113437 137301 153615 155885 146560 122653 98759 75430 52420 28874 7155 983 519 506 977 6813 28946 53187 76915 100790 126058 150389 161452 159839 143982 118528 94838 73200 48205 23360 3075 1277 752
hg06:40:58 .9986 1019.959 1020 317337 27 0
co06:41:00du: Running du from menu line -200
co06:41:00du: Running du from menu line -200
co06:41:00dsx2: Running dsx2 from menu line -200
co06:41:01dsx2: Running dsx2 from menu line -200
co11:47:38dsx2: Running dsx2 from menu line -200
hk11:47:47 27 27 27 42.8 10.98-99-38
hpscan11:48:14 0 46654 10 68942 20 92560 30 116236 40 140040 50 160441 60 170182 70 172535 80 172826 90 172466 100 171195 110 164409 120 147036 130 124202 140 99983 150 76071 160 52918
hp11:49:10 .9949902 178459.4 81.7 27
hk11:49:31 27 27 27 42.8 10.99-99-38
co11:49:34hgfw2: HG FW#2 at step  0
hk11:51:40 27 27 27 42.8 10.99-99-38
hgscan 0wide 296warm= 211:51:40JAN 29/16 872 1407 4990 23471 50083 77207 102390 126156 151406 169059 170275 159501 135182 105860 79282 54345 30187 6175 961 473 463 919 5776 29909 54238 79632 106937 135231 160830 172884 171515 154710 131033 105087 81194 52753 26945 5719 1476 921
hg11:53:05 .9988 1019.316 1019 343159 27-1
co11:53:07checkhg: Running checkhg from menu line -200
co11:53:07checkhg: Last HG had to adjust the micrometer by at least  1
hk12:00:25 27 28 28 42.4 11.5-99-38
sla 0 720.740620 469216 167 524730 604309 740709 814135 902386rat 1940.984 1323.973 424.3633 476.0821
sla 0 721.410620 469728 145 524561 605645 740122 813713 902190rat 1940.047 1311.902 425.5742 477.3946
sla 0 722.090620 469689 175 524614 605436 740846 814192 901975rat 1942.305 1316.094 423.8672 473.7383
sla 0 722.760620 469848 153 524381 605468 740304 814862 902660rat 1947.84 1319.465 430.7461 473.4688
sla 0 723.440620 470396 147 524848 605202 740182 814908 902794rat 1944.16 1321.641 431.7188 473.8711
sla 0 724.110620 469533 148 525463 605813 740817 814287 903385rat 1935.613 1313.805 424.5391 480.1641
sla 0 724.790620 470318 159 524933 605524 740942 814485 903062rat 1941.172 1317.016 424.8828 477.5
summary12:02:45JAN 29/16 103.976 3.929 27sl 0 1942 1318 427 476 418 295 524790 902636 4 4 3 3 12 7 353.3 547.4
co12:06:48ex: Running ex from menu line -200
co12:19:22start:  PROGRAM start :  JAN 29/16 at 12:18:29
co12:19:22pdhphgslhphgqlqlhphg: Running pdhphgslhphgqlqlhphg from menu line -200
co12:23:03hp: Brewer failed to respond 5 times
co12:23:4916: Brewer failed to respond 5 times
co12:24:2316: Brewer failed to respond 5 times
co12:24:5616: Brewer failed to respond 5 times
co12:25:26start:  PROGRAM start :  JAN 29/16 at 12:25:06
co12:25:26hphgsl: Running hphgsl from menu line -200
hk12:25:33 27 27 27 43 11.03-99-38
hpscan12:25:53 0 17484 10 36037 20 58782 30 82898 40 106715 50 130955 60 152176 70 166668 80 171610 90 172397 100 172754 110 172475 120 168965 130 154634 140 132438 150 109123 160 87347
hp12:26:49 .9961016 178755.8 96.1 27
hpscan12:26:50 0 50589 10 73727 20 97814 30 122382 40 145112 50 162856 60 171848 70 173330 80 173565 90 173890 100 172035 110 162074 120 142183 130 118603 140 96387 150 73568 160 48899
hp12:27:46 .9957132 179164.9 79.4 27
hk12:28:07 27 28 27 43 11.66-99-38
co12:28:09hgfw2: HG FW#2 at step  0
hk12:30:16 27 28 27 42.8 11.62-99-38
hgscan 0wide 296warm= 212:30:16JAN 29/16 2714 18360 39416 60209 79837 99479 120450 134967 136385 128041 109237 85678 65301 45714 24807 5656 911 499 337 296 318 337 469 911 5622 25557 47284 68024 90065 114828 135752 146985 145743 131478 109845 88177 67829 44631 21359 3636
hg12:31:41 .9992 999.7016 1000 224065 27-20
hgscan 0wide 296warm= 212:31:41JAN 29/16 693 1207 2971 21093 45420 68932 91665 114045 137536 153550 155457 146215 123224 97603 74232 52227 28236 6850 1005 536 559 973 6662 28197 52648 75338 98421 125052 148927 159797 158309 142639 118281 94068 72416 47478 22714 3403 1265 775
hg12:33:06 .9987 1019.813 1020 315254 27 0
hk12:38:11 28 28 28 42.6 11.55-99-38
sla 0 758.520620 469233 159 523935 604925 739265 812971 901059rat 1941.297 1313.328 426.8555 476.5821
sla 0 759.20620 469624 154 524616 604070 739391 813125 901806rat 1936.402 1320.399 426.9492 479.418
sla 0 759.880620 469803 154 524283 605247 739263 812626 901671rat 1936.481 1309.086 424.9844 481.4805
sla 0 760.550620 469247 171 523806 604366 738835 813680 900895rat 1946.289 1321.297 433.3164 471.9102
sla 0 761.230620 469329 169 524729 604893 739814 813124 901590rat 1935.496 1314.418 424.4141 478.3672
sla 0 761.90620 470103 147 524090 604649 739778 813400 901670rat 1942.301 1317.656 426.1211 477.25
sla 0 762.580620 470107 156 524145 604461 739679 813438 902687rat 1942.078 1319.258 426.9375 482.0508
summary12:40:32JAN 29/16 109.401 2.93 28sl 0 1940 1316 427 478 410 290 524229.2 901625.4 4 4 3 3 14 7 353.3 547.4
co12:43:37b2w0dthphgqlql: Running b2w0dthphgqlql from menu line -200
co12:43:49b2: Running b2 from menu line -200
co12:43:49w0: Running w0 from menu line -200
hk12:44:54 28 29 29 42.2 12.08-99-38
dto3JAN 29/1612:51:04 28 0 1212874 30.86 30.03 32.69 31.61 30.1 1 453862.3 30.03 32.43 38.51 27.6 27.48 34.55 25.69 32.13 26.46 20.94    31.059 1.1     29.58 5
hk12:51:09 29 30 29 42.1 12.72-99-38
hpscan12:51:28 0 50334 10 73571 20 96527 30 120129 40 143852 50 163398 60 171994 70 173950 80 174030 90 173816 100 172100 110 163551 120 145098 130 122213 140 97832 150 73205 160 49371
hp12:52:24 .9954156 179642 80.4 29
hk12:52:45 29 30 29 42.1 12.72-99-38
co12:52:48hgfw2: HG FW#2 at step  0
hk12:54:54 29 30 29 42.1 12.72-99-38
hgscan 0wide 296warm= 212:54:54JAN 29/16 731 1316 2759 22923 52327 78959 105199 131637 159673 179496 181985 172420 145113 116361 89022 63091 35070 9139 1133 588 552 1109 9030 34693 63161 89552 116441 146467 173884 184366 182256 163089 134674 106867 81479 53204 24121 3098 1406 807
hg12:56:20 .9986 1020.448 1020 366351 29 0
hk12:56:26 29 30 29 42.2 12.77-99-38
qlslitsbeforelamp ktsTE  29cy 20 29973 35 32213 35858 42436 45363 48761
qlscanlamp kts 2402916 30 29 30 2865 14104 2900 16182 2935 18398.1 2970 20654 3005 23159.4 3040 26210.9 3075 29406.9 3110 32571.3 3145 36216.7 3180 39877.8 3215 44137.5 3250 48376.5 3285 53170 3320 57878.2 3355 63192.4 3390 68260.5 3425 73594.6 3460 79348.9 3495 85391.71 3495 83653.4 3530 89054.5 3565 94751.71 3600 100824.4 3635 106001.913:01:05
qlscanlamp kts 2402916 30 29 35 2865 14098.5 2900 16307.9 2935 18366.4 2970 20741.6 3005 23368.9 3040 26213.5 3075 29355.4 3110 32844.7 3145 36090.9 3180 40168.8 3215 44146.3 3250 48380.8 3285 53168.2 3320 57949.1 3355 63086.5 3390 67991.8 3425 73609.4 3460 79425.1 3495 85521.4 3495 83883.8 3530 89389.21 3565 94900.71 3600 100594.7 3635 106318.613:04:42
co13:04:42ql: scan with lamp kts done
qlslitsafterlamp ktsTE  29cy 20 29949 38 32522 35675 42509 45037 48576
hk13:05:33 29 29 28 42.5 12.18-99-38
qlslitsbeforelamp ktsTE  29cy 20 29828 38 32456 35985 42648 45466 48459
qlscanlamp kts 2402916 30 29 29 2865 14057.2 2900 16186.9 2935 18453.6 2970 20701.5 3005 23101.8 3040 26154.1 3075 29371.1 3110 32688.3 3145 36384.5 3180 39875.2 3215 43972.3 3250 48385.2 3285 53076.4 3320 57873.9 3355 62965.8 3390 68127.5 3425 73486.9 3460 79518 3495 85380.3 3495 83659.6 3530 89001.9 3565 94967.4 3600 100720.1 3635 106293.213:09:58
qlscanlamp kts 2402916 30 29 41 2865 14144.4 2900 16138 2935 18370.4 2970 20622.9 3005 23272 3040 26087.7 3075 29551 3110 32633.3 3145 36016.7 3180 40168 3215 44080.7 3250 48383.4 3285 52819.3 3320 57834.5 3355 63038.4 3390 68187.9 3425 73513.1 3460 79357.71 3495 85255 3495 83678.8 3530 89026.4 3565 94830.6 3600 100864.8 3635 106175.613:13:36
co13:13:36ql: scan with lamp kts done
qlslitsafterlamp ktsTE  29cy 20 30308 39 30734 35571 42865 45502 47799
co13:15:17qlhphg: Running qlhphg from menu line -200
hk13:15:27 29 29 28 42.8 12.26-99-38
qlslitsbeforelamp ktsTE  29cy 20 30326 42 32716 36388 43129 45958 49402
qlscanlamp kts 2402916 30 29 27 2865 14336.4 2900 16403.3 2935 18627.6 2970 20994.8 3005 23587.2 3040 26384.6 3075 29728.3 3110 33161.8 3145 36704.3 3180 40555.1 3215 44704 3250 49241.1 3285 53760.3 3320 58544.8 3355 63937.1 3390 69458 3425 74707.5 3460 80683.8 3495 86513.21 3495 84774.9 3530 90342.71 3565 96413.1 3600 102019.8 3635 10781713:19:58
qlscanlamp kts 2402916 30 29 31 2865 14198.5 2900 16401.6 2935 18587.5 2970 21050.6 3005 23505.1 3040 26578.5 3075 29599.9 3110 33010.7 3145 36583.7 3180 40591.8 3215 44823.7 3250 49098.6 3285 53899.4 3320 58727.7 3355 63891.6 3390 69301.3 3425 75003.4 3460 80888.71 3495 86726.1 3495 84801.1 3530 90502.3 3565 96044.8 3600 101822.5 3635 108067.913:23:36
co13:23:36ql: scan with lamp kts done
qlslitsafterlamp ktsTE  29cy 20 30349 36 32967 36498 43191 45437 48956
hk13:24:27 29 29 28 42.9 12.3-99-38
hpscan13:24:58 0 47326 10 69225 20 92383 30 115668 40 139284 50 159511 60 169630 70 171951 80 171805 90 172018 100 170868 110 163774 120 146763 130 122477 140 99264 150 74345 160 50359
hp13:25:54 .9949919 177831.1 81.9 29
hk13:26:16 29 29 28 43 12.31-99-38
co13:26:18hgfw2: HG FW#2 at step  0
hk13:28:25 29 29 28 42.8 12.27-99-38
hgscan 0wide 296warm= 213:28:25JAN 29/16 681 1086 3023 17854 38550 58901 77714 97034 116484 130708 132881 124219 106106 83335 63164 44124 24689 5391 804 431 413 765 5301 25357 45699 65488 87458 111713 132164 142603 142048 128036 107371 86169 66783 43286 20935 3504 1267 801
hg13:29:50 .9987 1019.615 1020 275484 29 0
co13:30:05qlpd: Running qlpd from menu line -200
hk13:30:14 29 29 28 42.8 12.27-99-38
qlslitsbeforelamp ktsTE  29cy 20 30210 45 32483 36007 42763 45345 48837
qlscanlamp kts 2402916 30 29 36 2865 14177.3 2900 16329.7 2935 18544.1 2970 20784.4 3005 23279 3040 26286.8 3075 29221.8 3110 32683.1 3145 36367.9 3180 40147 3215 44116.6 3250 48527.7 3285 53017.8 3320 58178.3 3355 63302.7 3390 68418.1 3425 73951.8 3460 79445.3 3495 85677.3 3495 83964.5 3530 89635.5 3565 95129.6 3600 101217.3 3635 106849.313:34:57
qlscanlamp kts 2402916 30 29 35 2865 14111.8 2900 16267.2 2935 18445.5 2970 20748.6 3005 23265.9 3040 26178.5 3075 29517.8 3110 32722.4 3145 36389.7 3180 40196.8 3215 44356.9 3250 48509.3 3285 53283.7 3320 58166 3355 63380.6 3390 68289.4 3425 73884.4 3460 79696.6 3495 85669.4 3495 83778.71 3530 89605.71 3565 95048 3600 100662.2 3635 106670.413:38:34
co13:38:34ql: scan with lamp kts done
qlslitsafterlamp ktsTE  29cy 20 30102 70 32413 35982 42700 45629 48881
co13:41:02hphg: Running hphg from menu line -200
hk13:41:12 29 29 28 43 12.31-99-38
hpscan13:41:45 0 52053 10 74865 20 97662 30 122055 40 144584 50 163756 60 170909 70 171876 80 171571 90 172130 100 170126 110 159981 120 140733 130 118184 140 94793 150 70576 160 46683
hp13:42:41 .9950714 177676.2 79.1 29
hk13:43:03 29 29 28 43 12.32-99-38
co13:43:05hgfw2: HG FW#2 at step  0
hk13:45:14 29 29 29 42.8 12.27-99-38
hgscan 0wide 296warm= 213:45:14JAN 29/16 678 1090 2957 18979 40379 61368 81719 101807 123036 137793 139431 131060 111367 87498 66407 46328 25187 5596 858 446 453 837 5423 25580 47563 68397 91102 115881 137165 148800 147848 133968 111484 89617 69371 45622 22304 3801 1295 804
hg13:46:46 .9987 1019.574 1020 288231 29 0
co13:46:57ex: Running ex from menu line -200
co13:55:53start:  PROGRAM start :  JAN 29/16 at 13:55:25
co13:55:53dsp: Running dsp from menu line -200
co13:59:19dsp: Doing dispersion test with Hg (internal lamp)
hk13:59:25 28 28 28 43.2 11.72-99-38
hpscan13:59:44 0 26798 10 48068 20 71273 30 94966 40 119350 50 142871 60 161114 70 169977 80 172157 90 172588 100 172168 110 171201 120 163347 130 144639 140 121028 150 97804 160 75030
hp14:00:40 .9954397 178386.6 91.1 28
hpscan14:00:41 0 51941 10 74443 20 97504 30 122115 40 146041 50 164062 60 171887 70 173370 80 173966 90 173702 100 171401 110 162131 120 142594 130 119569 140 96381 150 73026 160 48164
hp14:01:37 .9954587 179319.2 79.5 28
hk14:01:59 28 29 28 43.2 12.39-99-38
co14:02:01hgfw2: HG FW#2 at step  0
hk14:04:08 28 29 28 43.2 12.39-99-38
hgscan 0wide 296warm= 214:04:08JAN 29/16 1361 9410 30900 53271 73622 93884 114650 135971 142119 140404 124035 100772 79306 58871 37533 15297 1755 635 368 322 303 372 624 1760 15625 38457 61101 82594 105545 131223 149319 152021 146438 124782 102503 81251 59405 34761 10981 1574
hg14:05:33 .9971 1004.347 1004 255258 28-16
hgscan 0wide 296warm= 214:05:33JAN 29/16 738 1242 2354 20046 45367 69414 92814 116051 140129 157958 160857 153000 128024 103080 79512 56679 31071 8338 999 531 533 1023 8380 31125 57074 80020 104661 130623 155045 164244 162157 144638 119756 95563 72219 47197 21160 2720 1331 799
hg14:06:57 .9985 1020.587 1021 325101 28 1
co14:06:59lo: Running lo from menu line -200
co14:06:59du: Running du from menu line -200
co14:06:59dsp1: Running dsp1 from menu line -200
hk14:32:06 28 29 28 43.1 12.34-99-38
hpscan14:32:24 0 51767 10 74031 20 96599 30 119683 40 143167 50 162477 60 169954 70 171628 80 171907 90 172293 100 170253 110 161082 120 142643 130 117659 140 94211 150 69586 160 45732
hp14:33:20 .9949304 177793 79.9 28
hk14:33:42 28 29 28 43.1 12.35-99-38
co14:33:44hgfw2: HG FW#2 at step  0
hk14:35:51 28 29 28 43.1 12.35-99-38
hgscan 0wide 296warm= 214:35:51JAN 29/16 776 1312 4566 26954 52422 76178 100301 126472 150807 167174 168460 154702 130447 106509 79703 54992 30376 5167 993 470 482 970 5008 31050 55178 80808 108090 132686 156985 171662 170212 154655 129603 102058 78668 53096 27871 4520 1409 833
hg14:37:15 .9984 1019.265 1019 340122 28-1
co14:37:17checkhg: Running checkhg from menu line -200
co14:37:18checkhg: Last HG had to adjust the micrometer by at least  1
co14:48:43dsp: Running dsp from menu line -200
co14:49:07dsp: Doing dispersion test with Cd (UV port)
hk14:49:12 28 28 28 43.2 11.73-99-38
hpscan14:49:34 0 51296 10 73723 20 96340 30 120173 40 142961 50 161799 60 170364 70 171494 80 171766 90 171521 100 169999 110 160141 120 141531 130 118694 140 93093 150 69364 160 46229
hp14:50:29 .9951866 177475.2 79.7 28
hk14:50:51 28 29 28 43.2 12.39-99-38
co14:50:53hgfw2: HG FW#2 at step  0
hk14:53:00 28 29 28 43.1 12.34-99-38
hgscan 0wide 296warm= 214:53:00JAN 29/16 609 983 2589 18260 37650 56641 75896 96216 116029 130286 132607 124125 106222 86613 66381 45953 26285 5561 871 495 464 869 5694 27665 47711 68889 90692 111809 132200 142157 140470 126745 105811 83211 62738 42171 20598 3045 1150 716
hg14:54:25 .9985 1020.345 1020 274764 28 0
co14:54:26du: Running du from menu line -200
co14:54:26du: Running du from menu line -200
co14:54:26dsp1: Running dsp1 from menu line -200
co15:19:42dsp1: Too bright, ( 505013 at step  5929), restarting line  6 with ND1
co15:20:09dsp1: Too bright, ( 327099 at step  5949), restarting line  6 with ND2
co15:32:43dsp1: Too bright, ( 344077 at step  8084), restarting line  7 with ND1
co15:55:05dsp1: Too bright, ( 427569 at step  9056), restarting line  9 with ND1
co15:55:32dsp1: Too bright, ( 347794 at step  9086), restarting line  9 with ND2
hk15:58:36 28 28 28 43.2 11.72-99-38
hpscan15:59:09 0 50834 10 74128 20 97197 30 120711 40 144145 50 162826 60 170679 70 172304 80 172571 90 172729 100 170589 110 161599 120 142963 130 119922 140 96283 150 71685 160 48496
hp16:00:05 .9954049 178170.5 79.8 28
hk16:00:27 28 29 28 43.1 12.34-99-38
co16:00:29hgfw2: HG FW#2 at step  0
hk16:02:36 28 29 28 42.9 12.3-99-38
hgscan 0wide 296warm= 216:02:36JAN 29/16 754 1200 3689 23017 45912 68636 92628 114942 138332 155388 157356 147734 126898 102110 78126 54828 28520 5515 987 517 510 961 5550 29082 55901 79461 104499 130462 152075 162234 160840 144526 119427 96110 71324 47350 23723 3947 1316 802
hg16:04:01 .9984 1020.269 1020 319590 28 0
co16:04:02checkhg: Running checkhg from menu line -200
co16:04:03checkhg: Last HG was OK
co16:04:24ex: Running ex from menu line -200