"Instrument #064"
"Intercomparison date: 09-24-2016"
"Site: Izana, Tenerife"
"N table date:24-April-2014"
Lamp Corrections:,  -0.6,  -0.6,  -0.6
"Observations,",44
08:00:00, 4.087, 4.270,143.8,129.0,0.275, 4.030, 4.204, 88.7, 74.7,0.275, 3.975, 4.141,243.6,231.7,0.273, 4.059, 4.237,0.275, 4.002, 4.173,0.272
08:04:00, 3.869, 4.021,137.3,122.2,0.276, 3.817, 3.963, 84.6, 70.5,0.275, 3.768, 3.907,233.0,220.0,0.274, 3.843, 3.992,0.277, 3.792, 3.935,0.273
08:08:00, 3.672, 3.800,131.1,115.9,0.276, 3.626, 3.748, 80.8, 66.7,0.273, 3.581, 3.698,222.9,209.1,0.274, 3.649, 3.774,0.278, 3.603, 3.723,0.274
08:12:00, 3.494, 3.603,125.6,110.2,0.276, 3.453, 3.557, 77.6, 63.5,0.274, 3.412, 3.512,213.5,199.0,0.274, 3.473, 3.579,0.278, 3.432, 3.534,0.273
08:16:00, 3.333, 3.426,120.7,105.2,0.277, 3.295, 3.384, 74.7, 60.5,0.274, 3.258, 3.344,205.7,190.6,0.275, 3.314, 3.405,0.279, 3.277, 3.364,0.275
08:20:00, 3.187, 3.266,116.1,100.6,0.277, 3.152, 3.229, 72.2, 58.0,0.276, 3.118, 3.192,197.8,182.1,0.274, 3.169, 3.247,0.278, 3.135, 3.210,0.274
08:24:00, 3.053, 3.122,111.7, 96.3,0.277, 3.021, 3.088, 69.7, 55.5,0.275, 2.990, 3.054,191.1,174.9,0.275, 3.037, 3.104,0.278, 3.005, 3.071,0.275
08:28:00, 2.930, 2.990,107.8, 92.4,0.277, 2.901, 2.959, 67.4, 53.1,0.274, 2.873, 2.929,184.6,167.9,0.275, 2.915, 2.974,0.280, 2.887, 2.944,0.275
08:32:00, 2.817, 2.870,104.1, 88.8,0.277, 2.791, 2.841, 65.3, 51.0,0.273, 2.764, 2.814,178.7,161.5,0.275, 2.804, 2.856,0.280, 2.777, 2.827,0.275
08:36:00, 2.714, 2.760,100.8, 85.6,0.277, 2.689, 2.734, 63.5, 49.2,0.274, 2.665, 2.708,173.3,155.6,0.275, 2.701, 2.747,0.280, 2.677, 2.721,0.275
08:40:00, 2.618, 2.658, 97.9, 82.7,0.278, 2.595, 2.634, 61.8, 47.4,0.274, 2.572, 2.611,168.1,150.0,0.274, 2.606, 2.646,0.282, 2.584, 2.622,0.274
08:44:00, 2.529, 2.565, 94.8, 79.6,0.277, 2.508, 2.543, 60.3, 45.9,0.275, 2.487, 2.521,163.4,145.0,0.274, 2.518, 2.554,0.279, 2.497, 2.532,0.274
08:48:00, 2.447, 2.479, 92.1, 76.9,0.277, 2.427, 2.458, 58.8, 44.3,0.274, 2.408, 2.438,159.2,140.5,0.275, 2.437, 2.468,0.279, 2.417, 2.448,0.275
08:52:00, 2.370, 2.399, 89.8, 74.7,0.277, 2.352, 2.379, 57.5, 42.9,0.274, 2.334, 2.361,155.2,136.3,0.275, 2.361, 2.389,0.280, 2.343, 2.370,0.275
08:56:00, 2.299, 2.324, 87.5, 72.4,0.277, 2.281, 2.306, 56.5, 41.9,0.277, 2.265, 2.289,151.3,132.2,0.275, 2.290, 2.315,0.278, 2.273, 2.298,0.274
09:00:00, 2.232, 2.255, 85.3, 70.2,0.277, 2.216, 2.238, 55.4, 40.7,0.278, 2.200, 2.222,147.7,128.4,0.275, 2.224, 2.247,0.276, 2.208, 2.230,0.274
09:04:00, 2.170, 2.190, 83.5, 68.4,0.278, 2.155, 2.175, 54.4, 39.7,0.279, 2.140, 2.159,144.5,125.0,0.275, 2.162, 2.182,0.277, 2.147, 2.167,0.274
09:08:00, 2.111, 2.130, 81.6, 66.5,0.278, 2.097, 2.115, 53.4, 38.6,0.279, 2.083, 2.101,141.4,121.7,0.275, 2.104, 2.122,0.277, 2.090, 2.108,0.274
09:12:00, 2.056, 2.073, 79.9, 64.8,0.278, 2.043, 2.060, 52.3, 37.4,0.277, 2.030, 2.046,138.3,118.5,0.275, 2.050, 2.066,0.279, 2.037, 2.053,0.274
09:16:00, 2.005, 2.020, 78.2, 63.1,0.277, 1.992, 2.007, 51.4, 36.5,0.277, 1.980, 1.995,135.5,115.6,0.275, 1.999, 2.014,0.278, 1.986, 2.001,0.274
09:48:00, 1.686, 1.693, 68.3, 53.0,0.278, 1.678, 1.685, 46.2, 30.9,0.280, 1.670, 1.677,118.0, 97.7,0.276, 1.682, 1.689,0.276, 1.674, 1.681,0.275
09:52:00, 1.655, 1.661, 67.6, 52.3,0.280, 1.647, 1.654, 45.9, 30.6,0.284, 1.640, 1.646,116.1, 95.8,0.275, 1.651, 1.658,0.276, 1.644, 1.650,0.273
09:56:00, 1.625, 1.632, 66.6, 51.3,0.279, 1.618, 1.624, 45.5, 30.1,0.286, 1.611, 1.617,114.8, 94.5,0.277, 1.622, 1.628,0.274, 1.615, 1.621,0.274
10:00:00, 1.598, 1.603, 65.7, 50.4,0.279, 1.591, 1.597, 45.0, 29.6,0.285, 1.584, 1.590,113.3, 93.0,0.277, 1.594, 1.600,0.273, 1.588, 1.593,0.275
10:04:00, 1.571, 1.576, 64.9, 49.6,0.279, 1.565, 1.570, 44.7, 29.3,0.288, 1.558, 1.564,111.2, 90.9,0.275, 1.568, 1.573,0.271, 1.562, 1.567,0.271
10:08:00, 1.546, 1.551, 64.1, 48.8,0.279, 1.540, 1.545, 44.2, 28.7,0.287, 1.534, 1.539,110.2, 89.9,0.277, 1.543, 1.548,0.272, 1.537, 1.542,0.274
10:12:00, 1.522, 1.527, 63.4, 48.0,0.279, 1.516, 1.521, 43.8, 28.3,0.287, 1.511, 1.515,108.8, 88.5,0.276, 1.519, 1.524,0.273, 1.514, 1.518,0.274
10:16:00, 1.500, 1.504, 62.8, 47.4,0.280, 1.494, 1.498, 43.5, 28.0,0.289, 1.489, 1.493,107.5, 87.2,0.276, 1.497, 1.501,0.273, 1.491, 1.495,0.273
10:20:00, 1.478, 1.482, 62.0, 46.6,0.279, 1.473, 1.476, 43.2, 27.6,0.290, 1.468, 1.471,106.3, 86.0,0.277, 1.475, 1.479,0.270, 1.470, 1.474,0.273
10:24:00, 1.457, 1.461, 61.5, 46.1,0.280, 1.452, 1.456, 42.8, 27.2,0.289, 1.447, 1.451,105.0, 84.7,0.276, 1.455, 1.458,0.273, 1.450, 1.453,0.273
10:28:00, 1.438, 1.441, 60.8, 45.4,0.279, 1.433, 1.436, 42.4, 26.8,0.288, 1.428, 1.432,103.8, 83.5,0.276, 1.435, 1.439,0.272, 1.431, 1.434,0.272
10:32:00, 1.419, 1.422, 60.2, 44.8,0.279, 1.415, 1.418, 42.1, 26.5,0.288, 1.410, 1.413,102.8, 82.5,0.276, 1.417, 1.420,0.272, 1.412, 1.415,0.273
10:36:00, 1.401, 1.404, 59.7, 44.3,0.279, 1.397, 1.400, 41.8, 26.1,0.288, 1.393, 1.396,101.7, 81.4,0.276, 1.399, 1.402,0.272, 1.395, 1.398,0.272
10:40:00, 1.385, 1.387, 59.3, 43.8,0.280, 1.380, 1.383, 41.5, 25.8,0.288, 1.376, 1.379,101.0, 80.7,0.277, 1.382, 1.385,0.274, 1.378, 1.381,0.274
10:44:00, 1.368, 1.371, 58.8, 43.3,0.280, 1.365, 1.367, 41.2, 25.5,0.288, 1.361, 1.363,100.0, 79.7,0.276, 1.367, 1.369,0.274, 1.363, 1.365,0.273
10:48:00, 1.353, 1.355, 58.3, 42.8,0.280, 1.349, 1.352, 41.0, 25.3,0.289, 1.346, 1.348, 99.3, 79.0,0.277, 1.351, 1.353,0.272, 1.348, 1.350,0.274
10:52:00, 1.339, 1.341, 57.9, 42.3,0.280, 1.335, 1.337, 40.8, 25.1,0.290, 1.332, 1.334, 98.3, 78.0,0.277, 1.337, 1.339,0.272, 1.333, 1.335,0.273
10:56:00, 1.325, 1.327, 57.6, 42.0,0.281, 1.321, 1.323, 40.6, 24.8,0.291, 1.318, 1.320, 97.6, 77.3,0.277, 1.323, 1.325,0.273, 1.320, 1.322,0.273
11:00:00, 1.312, 1.313, 57.2, 41.6,0.281, 1.308, 1.310, 40.3, 24.5,0.289, 1.305, 1.307, 96.9, 76.7,0.277, 1.310, 1.312,0.274, 1.307, 1.308,0.274
11:04:00, 1.299, 1.301, 56.8, 41.2,0.281, 1.296, 1.298, 40.2, 24.4,0.292, 1.293, 1.295, 96.1, 75.9,0.277, 1.297, 1.299,0.272, 1.294, 1.296,0.273
11:08:00, 1.287, 1.289, 56.4, 40.8,0.280, 1.284, 1.286, 40.0, 24.2,0.292, 1.281, 1.283, 95.3, 75.1,0.276, 1.286, 1.287,0.271, 1.283, 1.284,0.272
11:12:00, 1.276, 1.277, 56.1, 40.4,0.281, 1.273, 1.274, 39.8, 24.0,0.292, 1.270, 1.272, 94.6, 74.4,0.276, 1.274, 1.276,0.272, 1.272, 1.273,0.272
11:16:00, 1.265, 1.266, 55.7, 40.0,0.280, 1.262, 1.264, 39.7, 23.9,0.294, 1.260, 1.261, 94.0, 73.8,0.276, 1.264, 1.265,0.269, 1.261, 1.262,0.272
11:20:00, 1.255, 1.256, 55.3, 39.6,0.279, 1.252, 1.254, 39.5, 23.6,0.293, 1.250, 1.251, 93.3, 73.1,0.276, 1.254, 1.255,0.268, 1.251, 1.252,0.271
