"Instrument #083"
"Intercomparison date: 09-27-2016"
"Site: Izana, Tenerife"
"N table date:1992"
Lamp Corrections:,  -0.9,  -0.7,  -0.7
"Observations,",58
Time Local Mu_C   M_C   RC    NC   O3_C    Mu_D   M_D    RD    ND  O3_D    Mu_A   M_A   RA    NA   O3_A   Mu_CD   M_CD O3_CD  Mu_AD   M_AD O3_AD
08:00:00, 4.182, 4.379,135.5,126.9,0.260, 4.123, 4.311, 77.6, 74.1,0.260, 4.065, 4.245,240.6,227.5,0.260, 4.152, 4.345,0.261, 4.094, 4.277,0.260
08:04:00, 3.955, 4.118,128.0,119.8,0.260, 3.901, 4.058, 73.0, 69.9,0.259, 3.850, 3.999,229.0,215.6,0.260, 3.928, 4.088,0.261, 3.875, 4.028,0.260
08:08:00, 3.750, 3.887,121.1,113.4,0.260, 3.702, 3.834, 69.2, 66.5,0.261, 3.656, 3.782,218.1,204.6,0.260, 3.726, 3.860,0.259, 3.679, 3.807,0.260
08:12:00, 3.566, 3.682,115.0,107.8,0.260, 3.523, 3.634, 65.6, 63.2,0.261, 3.480, 3.587,208.1,194.6,0.260, 3.544, 3.658,0.259, 3.501, 3.610,0.260
08:16:00, 3.399, 3.498,109.6,102.7,0.260, 3.360, 3.455, 62.4, 60.2,0.262, 3.321, 3.413,199.0,185.7,0.260, 3.379, 3.476,0.259, 3.340, 3.433,0.260
08:20:00, 3.247, 3.332,104.5, 98.0,0.260, 3.211, 3.293, 59.3, 57.3,0.261, 3.176, 3.255,190.7,177.5,0.260, 3.229, 3.312,0.260, 3.194, 3.274,0.260
08:24:00, 3.109, 3.182,100.0, 93.8,0.260, 3.076, 3.147, 56.9, 55.1,0.263, 3.044, 3.112,183.2,170.1,0.261, 3.092, 3.164,0.258, 3.060, 3.129,0.260
08:28:00, 2.982, 3.046, 95.9, 90.0,0.261, 2.952, 3.014, 54.5, 52.9,0.263, 2.923, 2.982,176.1,163.2,0.260, 2.967, 3.030,0.259, 2.937, 2.998,0.259
08:36:00, 2.759, 2.808, 88.5, 83.1,0.260, 2.733, 2.781, 50.3, 49.0,0.264, 2.709, 2.754,164.0,151.3,0.261, 2.746, 2.794,0.258, 2.721, 2.767,0.260
08:40:00, 2.660, 2.703, 85.3, 80.2,0.261, 2.637, 2.678, 48.4, 47.1,0.263, 2.614, 2.654,158.7,146.1,0.261, 2.648, 2.691,0.259, 2.625, 2.666,0.260
08:44:00, 2.569, 2.607, 82.2, 77.3,0.260, 2.547, 2.584, 46.8, 45.6,0.264, 2.526, 2.562,153.5,141.1,0.261, 2.558, 2.595,0.257, 2.536, 2.573,0.260
08:48:00, 2.484, 2.518, 79.4, 74.7,0.260, 2.464, 2.497, 45.2, 44.0,0.264, 2.444, 2.476,148.8,136.5,0.261, 2.474, 2.507,0.258, 2.454, 2.486,0.260
08:52:00, 2.405, 2.436, 76.8, 72.4,0.260, 2.387, 2.416, 43.7, 42.6,0.263, 2.368, 2.397,144.4,132.3,0.261, 2.396, 2.426,0.258, 2.377, 2.406,0.260
08:56:00, 2.332, 2.359, 74.5, 70.2,0.261, 2.315, 2.341, 42.5, 41.4,0.265, 2.297, 2.323,140.3,128.4,0.261, 2.323, 2.350,0.258, 2.306, 2.332,0.260
09:00:00, 2.264, 2.288, 72.2, 68.1,0.261, 2.247, 2.271, 41.2, 40.2,0.264, 2.231, 2.254,136.2,124.5,0.261, 2.256, 2.279,0.258, 2.239, 2.263,0.259
09:04:00, 2.200, 2.222, 69.9, 66.0,0.260, 2.185, 2.206, 40.1, 39.1,0.265, 2.170, 2.190,132.4,120.9,0.260, 2.192, 2.214,0.255, 2.177, 2.198,0.259
09:08:00, 2.140, 2.160, 68.0, 64.3,0.260, 2.126, 2.145, 38.9, 37.9,0.263, 2.112, 2.130,129.0,117.7,0.260, 2.133, 2.152,0.257, 2.119, 2.138,0.259
09:12:00, 2.084, 2.102, 66.3, 62.7,0.261, 2.071, 2.088, 37.8, 36.8,0.262, 2.057, 2.074,125.8,114.6,0.260, 2.077, 2.095,0.260, 2.064, 2.081,0.260
09:16:00, 2.031, 2.048, 64.5, 61.0,0.260, 2.019, 2.034, 37.1, 36.1,0.265, 2.006, 2.022,122.9,111.9,0.260, 2.025, 2.041,0.257, 2.012, 2.028,0.259
09:20:00, 1.982, 1.997, 62.9, 59.6,0.261, 1.970, 1.984, 36.1, 35.1,0.264, 1.958, 1.972,120.0,109.1,0.260, 1.976, 1.990,0.258, 1.964, 1.978,0.259
09:24:00, 1.935, 1.949, 61.4, 58.2,0.261, 1.924, 1.937, 35.2, 34.2,0.263, 1.913, 1.926,117.4,106.7,0.261, 1.930, 1.943,0.259, 1.919, 1.931,0.260
09:28:00, 1.891, 1.903, 60.0, 56.9,0.261, 1.881, 1.893, 34.6, 33.6,0.265, 1.870, 1.882,114.7,104.1,0.260, 1.886, 1.898,0.258, 1.876, 1.887,0.259
09:32:00, 1.850, 1.861, 58.7, 55.7,0.261, 1.840, 1.851, 33.7, 32.7,0.263, 1.830, 1.841,112.3,101.9,0.260, 1.845, 1.856,0.260, 1.835, 1.846,0.259
09:36:00, 1.811, 1.821, 57.5, 54.5,0.262, 1.801, 1.811, 32.9, 31.9,0.261, 1.792, 1.802,110.1, 99.8,0.260, 1.806, 1.816,0.262, 1.797, 1.806,0.260
09:40:00, 1.774, 1.783, 56.3, 53.4,0.261, 1.765, 1.774, 32.3, 31.3,0.262, 1.756, 1.765,107.9, 97.7,0.260, 1.769, 1.778,0.261, 1.760, 1.769,0.260
09:44:00, 1.739, 1.747, 55.1, 52.3,0.261, 1.730, 1.739, 31.7, 30.7,0.262, 1.722, 1.730,106.0, 96.0,0.261, 1.734, 1.743,0.260, 1.726, 1.734,0.260
09:48:00, 1.706, 1.713, 54.0, 51.3,0.261, 1.697, 1.705, 31.2, 30.2,0.263, 1.690, 1.697,104.1, 94.2,0.261, 1.701, 1.709,0.259, 1.694, 1.701,0.260
10:20:00, 1.494, 1.498, 47.4, 45.0,0.262, 1.489, 1.493, 27.7, 26.6,0.266, 1.484, 1.488, 92.1, 83.0,0.262, 1.492, 1.496,0.258, 1.486, 1.490,0.260
10:24:00, 1.473, 1.477, 46.7, 44.3,0.261, 1.468, 1.472, 27.3, 26.2,0.266, 1.463, 1.467, 90.7, 81.7,0.261, 1.471, 1.475,0.258, 1.466, 1.469,0.260
10:28:00, 1.453, 1.457, 46.6, 44.2,0.265, 1.449, 1.452, 27.2, 26.1,0.270, 1.444, 1.447, 89.6, 80.6,0.261, 1.451, 1.455,0.261, 1.446, 1.450,0.259
10:32:00, 1.435, 1.438, 45.6, 43.2,0.262, 1.430, 1.433, 26.6, 25.5,0.265, 1.425, 1.429, 88.6, 79.7,0.262, 1.432, 1.435,0.260, 1.428, 1.431,0.261
10:36:00, 1.417, 1.420, 45.0, 42.6,0.262, 1.412, 1.415, 26.3, 25.2,0.265, 1.408, 1.411, 87.4, 78.6,0.261, 1.414, 1.417,0.259, 1.410, 1.413,0.260
10:40:00, 1.399, 1.402, 44.6, 42.3,0.263, 1.395, 1.398, 26.0, 24.9,0.265, 1.391, 1.394, 86.5, 77.7,0.261, 1.397, 1.400,0.261, 1.393, 1.396,0.260
10:44:00, 1.383, 1.386, 43.9, 41.6,0.261, 1.379, 1.382, 25.7, 24.6,0.265, 1.375, 1.378, 85.6, 76.9,0.262, 1.381, 1.384,0.258, 1.377, 1.380,0.261
10:48:00, 1.368, 1.370, 43.6, 41.3,0.263, 1.364, 1.366, 25.6, 24.5,0.268, 1.360, 1.362, 84.7, 76.1,0.262, 1.366, 1.368,0.259, 1.362, 1.364,0.260
10:52:00, 1.353, 1.355, 43.0, 40.7,0.262, 1.349, 1.351, 25.2, 24.1,0.265, 1.346, 1.348, 83.6, 75.0,0.261, 1.351, 1.353,0.259, 1.348, 1.350,0.260
10:56:00, 1.339, 1.341, 42.5, 40.2,0.261, 1.335, 1.337, 24.8, 23.6,0.262, 1.332, 1.334, 82.8, 74.3,0.261, 1.337, 1.339,0.260, 1.334, 1.336,0.261
11:00:00, 1.325, 1.327, 42.2, 39.9,0.262, 1.322, 1.324, 24.8, 23.6,0.267, 1.319, 1.321, 82.2, 73.7,0.262, 1.324, 1.326,0.258, 1.321, 1.322,0.260
11:04:00, 1.313, 1.315, 41.9, 39.6,0.263, 1.310, 1.311, 24.7, 23.5,0.269, 1.307, 1.308, 81.4, 73.0,0.261, 1.311, 1.313,0.258, 1.308, 1.310,0.259
11:08:00, 1.301, 1.302, 41.5, 39.3,0.263, 1.298, 1.299, 24.5, 23.3,0.269, 1.295, 1.296, 80.8, 72.4,0.262, 1.299, 1.301,0.257, 1.296, 1.298,0.260
11:12:00, 1.289, 1.291, 41.1, 38.9,0.262, 1.286, 1.288, 24.4, 23.2,0.271, 1.284, 1.285, 80.3, 72.0,0.263, 1.288, 1.289,0.255, 1.285, 1.287,0.260
11:16:00, 1.278, 1.280, 40.9, 38.7,0.263, 1.276, 1.277, 24.3, 23.1,0.273, 1.273, 1.275, 79.6, 71.3,0.262, 1.277, 1.278,0.256, 1.274, 1.276,0.259
11:24:00, 1.258, 1.260, 40.3, 38.1,0.264, 1.256, 1.257, 23.9, 22.7,0.272, 1.254, 1.255, 78.4, 70.2,0.262, 1.257, 1.258,0.257, 1.255, 1.256,0.259
11:28:00, 1.249, 1.250, 40.0, 37.8,0.264, 1.247, 1.248, 23.5, 22.3,0.267, 1.245, 1.246, 77.7, 69.6,0.262, 1.248, 1.249,0.261, 1.246, 1.247,0.260
11:32:00, 1.240, 1.241, 39.8, 37.6,0.264, 1.238, 1.239, 23.6, 22.4,0.272, 1.236, 1.237, 77.4, 69.3,0.262, 1.239, 1.240,0.258, 1.237, 1.238,0.260
11:37:00, 1.230, 1.231, 39.4, 37.2,0.263, 1.228, 1.229, 23.2, 22.0,0.267, 1.226, 1.227, 76.8, 68.7,0.262, 1.229, 1.230,0.260, 1.227, 1.228,0.261
11:41:00, 1.223, 1.224, 39.1, 36.9,0.263, 1.221, 1.222, 23.1, 21.9,0.268, 1.219, 1.220, 76.4, 68.4,0.263, 1.222, 1.223,0.258, 1.220, 1.221,0.261
11:45:00, 1.215, 1.216, 38.9, 36.7,0.263, 1.214, 1.215, 23.1, 21.9,0.271, 1.212, 1.213, 76.0, 68.0,0.263, 1.215, 1.215,0.256, 1.213, 1.214,0.260
11:49:00, 1.209, 1.210, 38.7, 36.5,0.263, 1.207, 1.208, 23.0, 21.8,0.271, 1.206, 1.206, 75.5, 67.5,0.262, 1.208, 1.209,0.256, 1.206, 1.207,0.260
11:53:00, 1.203, 1.203, 38.7, 36.5,0.265, 1.201, 1.202, 22.9, 21.7,0.271, 1.200, 1.200, 75.2, 67.2,0.262, 1.202, 1.202,0.260, 1.200, 1.201,0.260
11:57:00, 1.197, 1.197, 38.5, 36.3,0.265, 1.195, 1.196, 22.8, 21.6,0.271, 1.194, 1.195, 74.9, 67.0,0.263, 1.196, 1.197,0.259, 1.195, 1.195,0.260
12:01:00, 1.191, 1.192, 38.2, 36.0,0.263, 1.190, 1.191, 22.4, 21.2,0.264, 1.189, 1.189, 74.4, 66.5,0.262, 1.191, 1.191,0.262, 1.189, 1.190,0.261
12:05:00, 1.186, 1.187, 38.3, 36.1,0.266, 1.185, 1.186, 22.5, 21.3,0.269, 1.184, 1.185, 74.3, 66.4,0.263, 1.186, 1.186,0.264, 1.185, 1.185,0.261
12:09:00, 1.182, 1.182, 37.9, 35.7,0.263, 1.181, 1.181, 22.3, 21.1,0.266, 1.180, 1.180, 74.0, 66.1,0.262, 1.181, 1.182,0.261, 1.180, 1.181,0.261
12:13:00, 1.178, 1.178, 37.8, 35.6,0.263, 1.177, 1.177, 22.2, 21.0,0.265, 1.176, 1.176, 73.7, 65.8,0.262, 1.177, 1.178,0.262, 1.176, 1.177,0.261
12:17:00, 1.174, 1.174, 37.7, 35.5,0.263, 1.173, 1.173, 22.6, 21.4,0.276, 1.172, 1.172, 73.4, 65.6,0.262, 1.173, 1.174,0.253, 1.172, 1.173,0.258
12:21:00, 1.170, 1.171, 37.6, 35.4,0.264, 1.169, 1.170, 22.5, 21.3,0.275, 1.169, 1.169, 73.4, 65.6,0.263, 1.170, 1.170,0.254, 1.169, 1.170,0.259
12:25:00, 1.167, 1.168, 37.5, 35.3,0.263, 1.167, 1.167, 22.6, 21.4,0.279, 1.166, 1.166, 73.3, 65.5,0.263, 1.167, 1.167,0.251, 1.166, 1.167,0.259
