"Instrument #064"
"Intercomparison date: 09-18-2016"
"Site: Izana, Tenerife"
"N table date:24-April-2014"
Lamp Corrections:,  -0.7,  -0.7,  -0.7
"Observations,",34
07:56:00, 4.142, 4.333,145.4,130.5,0.274, 4.084, 4.266, 89.8, 75.7,0.275, 4.026, 4.200,245.6,233.8,0.272, 4.113, 4.299,0.274, 4.055, 4.233,0.270
08:00:00, 3.917, 4.075,138.5,123.3,0.274, 3.864, 4.016, 85.6, 71.4,0.275, 3.813, 3.958,235.7,222.8,0.274, 3.890, 4.045,0.275, 3.838, 3.986,0.273
08:04:00, 3.714, 3.847,132.6,117.3,0.276, 3.667, 3.794, 81.7, 67.5,0.274, 3.620, 3.742,225.2,211.4,0.274, 3.690, 3.820,0.278, 3.643, 3.768,0.274
08:08:00, 3.531, 3.644,126.8,111.4,0.276, 3.488, 3.596, 78.4, 64.2,0.274, 3.446, 3.550,215.7,201.2,0.274, 3.510, 3.620,0.278, 3.467, 3.573,0.274
08:12:00, 3.366, 3.461,121.3,105.7,0.275, 3.327, 3.419, 75.4, 61.1,0.274, 3.289, 3.377,206.9,191.8,0.274, 3.346, 3.440,0.275, 3.308, 3.398,0.273
08:16:00, 3.215, 3.297,116.6,101.0,0.275, 3.180, 3.259, 72.7, 58.4,0.275, 3.145, 3.221,198.8,183.1,0.273, 3.197, 3.278,0.276, 3.162, 3.240,0.273
08:20:00, 3.078, 3.149,112.6, 97.0,0.277, 3.045, 3.114, 70.1, 55.8,0.274, 3.013, 3.079,192.0,175.8,0.274, 3.061, 3.131,0.279, 3.029, 3.096,0.274
08:24:00, 2.952, 3.013,108.3, 92.8,0.276, 2.922, 2.982, 68.0, 53.6,0.275, 2.893, 2.950,185.3,168.5,0.274, 2.937, 2.997,0.276, 2.908, 2.966,0.273
08:28:00, 2.837, 2.890,104.6, 89.2,0.276, 2.809, 2.861, 65.8, 51.4,0.274, 2.782, 2.833,179.6,162.4,0.274, 2.823, 2.876,0.278, 2.796, 2.847,0.274
08:32:00, 2.730, 2.777,101.3, 85.9,0.277, 2.705, 2.751, 64.0, 49.6,0.275, 2.680, 2.724,174.3,156.6,0.275, 2.718, 2.764,0.278, 2.693, 2.737,0.275
08:36:00, 2.632, 2.674, 98.1, 82.8,0.276, 2.609, 2.649, 62.2, 47.7,0.275, 2.586, 2.625,169.0,150.8,0.274, 2.620, 2.661,0.278, 2.597, 2.637,0.274
08:40:00, 2.541, 2.578, 95.3, 80.0,0.277, 2.520, 2.555, 60.7, 46.2,0.276, 2.498, 2.533,164.4,145.9,0.275, 2.530, 2.567,0.278, 2.509, 2.544,0.274
08:44:00, 2.457, 2.490, 92.6, 77.3,0.277, 2.437, 2.469, 59.1, 44.5,0.275, 2.417, 2.448,159.8,141.0,0.275, 2.447, 2.479,0.279, 2.427, 2.458,0.274
08:48:00, 2.379, 2.408, 90.1, 74.9,0.277, 2.360, 2.388, 57.7, 43.1,0.274, 2.342, 2.369,155.5,136.5,0.274, 2.369, 2.398,0.280, 2.351, 2.379,0.274
08:52:00, 2.306, 2.332, 87.6, 72.4,0.276, 2.288, 2.314, 56.5, 41.8,0.275, 2.271, 2.296,151.9,132.7,0.275, 2.297, 2.323,0.278, 2.280, 2.305,0.275
08:56:00, 2.238, 2.261, 85.6, 70.4,0.277, 2.222, 2.244, 55.2, 40.4,0.273, 2.206, 2.228,148.0,128.6,0.274, 2.230, 2.253,0.280, 2.214, 2.236,0.275
09:00:00, 2.174, 2.195, 83.6, 68.4,0.277, 2.159, 2.179, 54.3, 39.4,0.275, 2.144, 2.164,145.8,126.3,0.278, 2.167, 2.187,0.279, 2.151, 2.172,0.278
09:04:00, 2.115, 2.133, 81.7, 66.5,0.277, 2.100, 2.119, 53.2, 38.3,0.274, 2.086, 2.104,141.6,121.8,0.275, 2.108, 2.126,0.279, 2.093, 2.111,0.275
09:08:00, 2.059, 2.076, 79.9, 64.7,0.277, 2.045, 2.062, 52.3, 37.3,0.275, 2.032, 2.048,138.6,118.7,0.275, 2.052, 2.069,0.278, 2.039, 2.055,0.275
09:12:00, 2.006, 2.022,     ,     ,     , 1.994, 2.009,     ,     ,     , 1.981, 1.996,     ,     ,     , 2.000, 2.015,     , 1.988, 2.002,     
09:40:00, 1.714, 1.722, 69.3, 54.0,0.278, 1.706, 1.714, 46.7, 31.3,0.279, 1.697, 1.705,119.3, 98.9,0.275, 1.710, 1.718,0.277, 1.702, 1.709,0.273
09:44:00, 1.681, 1.688, 68.2, 52.8,0.277, 1.673, 1.680, 46.2, 30.8,0.280, 1.665, 1.672,117.6, 97.2,0.275, 1.677, 1.684,0.275, 1.669, 1.676,0.274
09:48:00, 1.650, 1.656, 67.4, 52.0,0.279, 1.642, 1.649, 45.6, 30.1,0.279, 1.635, 1.641,116.3, 95.9,0.277, 1.646, 1.652,0.279, 1.638, 1.645,0.276
09:52:00, 1.620, 1.626, 66.3, 50.9,0.277, 1.613, 1.619, 45.1, 29.6,0.279, 1.605, 1.611,113.7, 93.3,0.274, 1.616, 1.622,0.276, 1.609, 1.615,0.272
09:56:00, 1.592, 1.597, 65.5, 50.1,0.278, 1.585, 1.590, 44.7, 29.2,0.280, 1.578, 1.583,112.6, 92.2,0.276, 1.588, 1.594,0.276, 1.581, 1.587,0.274
10:00:00, 1.565, 1.570, 64.7, 49.3,0.278, 1.558, 1.563, 44.2, 28.6,0.279, 1.552, 1.557,111.4, 91.0,0.277, 1.561, 1.566,0.277, 1.555, 1.560,0.276
10:04:00, 1.539, 1.544, 64.0, 48.5,0.279, 1.533, 1.537, 43.9, 28.3,0.282, 1.527, 1.531,110.0, 89.6,0.277, 1.536, 1.541,0.277, 1.530, 1.534,0.276
10:08:00, 1.515, 1.519, 63.3, 47.8,0.279, 1.509, 1.513, 43.6, 28.0,0.284, 1.503, 1.507,108.4, 88.0,0.276, 1.512, 1.516,0.276, 1.506, 1.510,0.274
10:12:00, 1.492, 1.496, 62.6, 47.1,0.279, 1.486, 1.490, 43.2, 27.5,0.284, 1.480, 1.484,106.9, 86.5,0.276, 1.489, 1.493,0.276, 1.483, 1.487,0.273
10:16:00, 1.469, 1.473, 61.9, 46.4,0.279, 1.464, 1.468, 42.7, 27.0,0.281, 1.459, 1.462,105.8, 85.4,0.276, 1.467, 1.470,0.278, 1.462, 1.465,0.275
10:20:00, 1.449, 1.452, 61.2, 45.7,0.279, 1.443, 1.447, 42.3, 26.6,0.280, 1.438, 1.442,104.7, 84.3,0.277, 1.446, 1.449,0.278, 1.441, 1.444,0.275
10:24:00, 1.429, 1.432,     ,     ,     , 1.424, 1.427, 42.0, 26.3,0.281, 1.419, 1.422,103.2, 82.8,0.275, 1.426, 1.429,     , 1.421, 1.424,0.274
10:28:00, 1.410, 1.412, 60.0, 44.5,0.279, 1.405, 1.408, 41.6, 25.8,0.280, 1.400, 1.403,102.4, 82.0,0.276, 1.407, 1.410,0.279, 1.403, 1.405,0.275
10:32:00, 1.391, 1.394, 59.5, 43.9,0.279, 1.387, 1.390, 41.2, 25.4,0.278, 1.383, 1.385,101.1, 80.7,0.275, 1.389, 1.392,0.281, 1.385, 1.387,0.275
