"Instrument #064"
"Intercomparison date: 09-17-2016"
"Site: Izana, Tenerife"
"N table date:24-April-2014"
Lamp Corrections:,  -0.7,  -0.7,  -0.7
"Observations,",42
07:56:00, 4.113, 4.300,145.3,130.4,0.277, 4.055, 4.233, 89.8, 75.7,0.278, 3.999, 4.169,246.7,235.0,0.276, 4.084, 4.266,0.276, 4.027, 4.201,0.275
08:00:00, 3.891, 4.046,138.7,123.5,0.278, 3.839, 3.987, 85.5, 71.3,0.277, 3.788, 3.930,235.9,223.1,0.276, 3.864, 4.016,0.278, 3.813, 3.958,0.276
08:04:00, 3.690, 3.820,132.2,116.9,0.277, 3.644, 3.768, 81.7, 67.5,0.277, 3.598, 3.717,225.4,211.7,0.276, 3.667, 3.794,0.278, 3.621, 3.743,0.276
08:08:00, 3.510, 3.620,127.1,111.7,0.279, 3.467, 3.573, 78.4, 64.2,0.277, 3.426, 3.527,216.1,201.6,0.277, 3.488, 3.596,0.281, 3.446, 3.550,0.276
08:12:00, 3.346, 3.440,122.0,106.4,0.279, 3.307, 3.398, 75.3, 61.0,0.276, 3.270, 3.356,207.6,192.6,0.277, 3.327, 3.418,0.282, 3.288, 3.377,0.277
08:16:00, 3.197, 3.277,117.3,101.7,0.280, 3.162, 3.239, 72.6, 58.3,0.277, 3.127, 3.202,199.4,183.8,0.276, 3.179, 3.258,0.283, 3.145, 3.221,0.276
08:20:00, 3.061, 3.130,112.6, 97.0,0.279, 3.029, 3.096, 70.2, 55.9,0.277, 2.997, 3.062,192.3,176.1,0.276, 3.045, 3.113,0.280, 3.013, 3.079,0.276
08:24:00, 2.936, 2.997,108.3, 92.8,0.278, 2.907, 2.965, 68.0, 53.6,0.278, 2.878, 2.934,186.0,169.3,0.277, 2.922, 2.981,0.278, 2.892, 2.950,0.276
08:28:00, 2.822, 2.875,104.8, 89.4,0.279, 2.795, 2.846, 65.8, 51.4,0.277, 2.768, 2.818,179.9,162.7,0.277, 2.808, 2.860,0.281, 2.782, 2.832,0.277
08:32:00, 2.717, 2.763,101.0, 85.7,0.277, 2.692, 2.737, 64.2, 49.8,0.280, 2.667, 2.711,174.1,156.4,0.276, 2.704, 2.750,0.275, 2.679, 2.724,0.275
08:36:00, 2.620, 2.660, 98.3, 83.0,0.279, 2.596, 2.636, 62.4, 47.9,0.279, 2.574, 2.612,168.9,150.7,0.276, 2.608, 2.648,0.279, 2.585, 2.624,0.275
08:40:00, 2.530, 2.566, 95.3, 80.0,0.279, 2.508, 2.543, 60.8, 46.3,0.279, 2.487, 2.521,164.7,146.2,0.277, 2.519, 2.554,0.278, 2.498, 2.532,0.276
08:44:00, 2.446, 2.478, 92.7, 77.4,0.279, 2.426, 2.457, 59.3, 44.7,0.279, 2.407, 2.437,160.2,141.4,0.277, 2.436, 2.468,0.279, 2.416, 2.447,0.276
08:48:00, 2.368, 2.397, 89.9, 74.7,0.278, 2.350, 2.378, 57.9, 43.3,0.278, 2.332, 2.359,156.0,137.0,0.277, 2.359, 2.387,0.277, 2.341, 2.368,0.276
08:52:00, 2.296, 2.322, 87.9, 72.7,0.279, 2.279, 2.304, 56.7, 42.0,0.279, 2.262, 2.286,152.1,132.9,0.277, 2.287, 2.313,0.280, 2.270, 2.295,0.276
08:56:00, 2.229, 2.251, 85.7, 70.5,0.279, 2.212, 2.235, 55.6, 40.8,0.280, 2.196, 2.218,148.3,128.9,0.277, 2.220, 2.243,0.278, 2.204, 2.226,0.276
09:00:00, 2.165, 2.186, 83.7, 68.5,0.279, 2.150, 2.170, 54.4, 39.6,0.279, 2.135, 2.155,145.0,125.4,0.277, 2.158, 2.178,0.280, 2.143, 2.163,0.276
09:04:00, 2.106, 2.125, 82.0, 66.8,0.280, 2.092, 2.110, 53.4, 38.5,0.279, 2.078, 2.096,141.8,122.0,0.277, 2.099, 2.117,0.281, 2.085, 2.103,0.276
09:08:00, 2.051, 2.068, 80.2, 65.0,0.280, 2.037, 2.054, 52.3, 37.3,0.277, 2.024, 2.040,138.7,118.8,0.277, 2.044, 2.061,0.283, 2.031, 2.047,0.276
09:40:00, 1.708, 1.716, 69.6, 54.3,0.281, 1.700, 1.708, 47.1, 31.8,0.287, 1.692, 1.699,120.5,100.1,0.280, 1.704, 1.712,0.277, 1.696, 1.703,0.278
09:44:00, 1.675, 1.683, 68.6, 53.2,0.281, 1.667, 1.675, 46.4, 31.0,0.285, 1.660, 1.666,117.8, 97.4,0.277, 1.671, 1.679,0.279, 1.664, 1.670,0.275
09:48:00, 1.644, 1.651, 67.6, 52.2,0.281, 1.637, 1.643, 46.1, 30.7,0.289, 1.629, 1.635,116.8, 96.4,0.280, 1.640, 1.647,0.275, 1.633, 1.639,0.277
09:52:00, 1.614, 1.621, 66.7, 51.3,0.282, 1.607, 1.613, 45.4, 29.9,0.286, 1.600, 1.606,115.5, 95.1,0.281, 1.611, 1.617,0.278, 1.604, 1.610,0.280
09:56:00, 1.586, 1.592, 65.8, 50.4,0.281, 1.579, 1.585, 45.0, 29.5,0.287, 1.573, 1.578,113.0, 92.6,0.278, 1.583, 1.588,0.277, 1.576, 1.581,0.276
10:00:00, 1.560, 1.565, 65.0, 49.6,0.282, 1.553, 1.558, 44.5, 29.0,0.286, 1.547, 1.552,111.8, 91.4,0.279, 1.556, 1.561,0.278, 1.550, 1.555,0.277
10:04:00, 1.534, 1.539, 64.2, 48.8,0.282, 1.528, 1.533, 43.9, 28.3,0.283, 1.522, 1.526,110.0, 89.6,0.278, 1.531, 1.536,0.280, 1.525, 1.529,0.277
10:08:00, 1.510, 1.514, 63.4, 47.9,0.281, 1.504, 1.508, 43.5, 27.9,0.284, 1.498, 1.502,108.5, 88.1,0.278, 1.507, 1.511,0.280, 1.501, 1.505,0.276
10:12:00, 1.487, 1.491, 62.7, 47.2,0.281, 1.481, 1.485, 43.1, 27.4,0.283, 1.476, 1.480,107.3, 86.9,0.278, 1.484, 1.488,0.280, 1.478, 1.482,0.277
10:16:00, 1.465, 1.469, 62.0, 46.5,0.281, 1.460, 1.463, 42.7, 27.0,0.283, 1.454, 1.458,105.9, 85.5,0.278, 1.462, 1.466,0.280, 1.457, 1.460,0.276
10:20:00, 1.444, 1.447, 61.5, 46.0,0.283, 1.439, 1.442, 42.4, 26.7,0.284, 1.434, 1.437,104.7, 84.3,0.278, 1.441, 1.445,0.282, 1.436, 1.440,0.276
10:24:00, 1.424, 1.427, 60.9, 45.4,0.283, 1.419, 1.422, 42.1, 26.4,0.285, 1.415, 1.418,103.6, 83.2,0.278, 1.422, 1.425,0.281, 1.417, 1.420,0.276
10:28:00, 1.405, 1.408, 60.2, 44.7,0.282, 1.401, 1.403, 41.9, 26.1,0.287, 1.396, 1.399,102.9, 82.5,0.279, 1.403, 1.406,0.278, 1.398, 1.401,0.277
10:32:00, 1.387, 1.390, 59.7, 44.2,0.282, 1.383, 1.385, 41.7, 25.9,0.290, 1.378, 1.381,101.8, 81.4,0.279, 1.385, 1.388,0.277, 1.381, 1.383,0.276
10:36:00, 1.370, 1.372, 59.2, 43.6,0.283, 1.366, 1.368, 41.5, 25.7,0.292, 1.362, 1.364,100.9, 80.5,0.279, 1.368, 1.370,0.275, 1.364, 1.366,0.276
10:40:00, 1.354, 1.356, 58.7, 43.1,0.282, 1.350, 1.352, 41.0, 25.2,0.287, 1.346, 1.348, 99.8, 79.4,0.279, 1.352, 1.354,0.279, 1.348, 1.350,0.277
10:44:00, 1.338, 1.340, 58.2, 42.6,0.282, 1.334, 1.336, 40.7, 24.8,0.286, 1.330, 1.332, 98.8, 78.4,0.278, 1.336, 1.338,0.279, 1.332, 1.334,0.276
10:48:00, 1.323, 1.325, 57.7, 42.0,0.282, 1.319, 1.321, 40.5, 24.6,0.288, 1.316, 1.318, 98.0, 77.6,0.279, 1.321, 1.323,0.277, 1.318, 1.319,0.276
10:52:00, 1.309, 1.311, 57.2, 41.5,0.281, 1.305, 1.307, 40.2, 24.3,0.286, 1.302, 1.304, 97.2, 76.8,0.279, 1.307, 1.309,0.277, 1.304, 1.305,0.277
10:56:00, 1.295, 1.297, 56.9, 41.2,0.282, 1.292, 1.294, 40.1, 24.2,0.289, 1.289, 1.290, 96.5, 76.2,0.279, 1.294, 1.295,0.276, 1.291, 1.292,0.276
11:00:00, 1.283, 1.284, 56.6, 40.9,0.283, 1.279, 1.281, 40.0, 24.1,0.292, 1.276, 1.278, 95.7, 75.4,0.279, 1.281, 1.282,0.276, 1.278, 1.279,0.276
11:04:00, 1.270, 1.272, 56.1, 40.3,0.281, 1.267, 1.269, 39.7, 23.8,0.290, 1.264, 1.266, 95.0, 74.7,0.279, 1.269, 1.270,0.275, 1.266, 1.267,0.276
11:08:00, 1.259, 1.260, 55.7, 39.9,0.281, 1.256, 1.257, 39.5, 23.5,0.290, 1.253, 1.254, 94.4, 74.1,0.279, 1.257, 1.259,0.274, 1.255, 1.256,0.277
