"Instrument #064"
"Intercomparison date: 09-21-2016"
"Site: Izana, Tenerife"
"N table date:24-April-2014"
Lamp Corrections:,  -1.2,  -1.2,  -1.8
"Observations,",45
07:56:00, 4.233, 4.438,149.0,133.8,0.280, 4.172, 4.368, 91.6, 76.4,0.292, 4.113, 4.299,251.7,240.1,0.277, 4.203, 4.403,0.277, 4.142, 4.333,0.275
08:00:00, 3.999, 4.169,141.8,126.2,0.280, 3.944, 4.106, 87.4, 72.2,0.293, 3.891, 4.046,239.8,226.8,0.276, 3.971, 4.137,0.276, 3.917, 4.076,0.274
08:04:00, 3.789, 3.930,135.5,119.7,0.281, 3.739, 3.875, 83.6, 68.3,0.293, 3.691, 3.822,230.0,216.1,0.278, 3.764, 3.903,0.277, 3.715, 3.848,0.276
08:08:00, 3.599, 3.719,129.4,113.5,0.281, 3.555, 3.669, 80.0, 64.7,0.292, 3.511, 3.621,220.2,205.5,0.278, 3.577, 3.694,0.278, 3.533, 3.645,0.276
08:12:00, 3.428, 3.529,124.2,108.2,0.281, 3.387, 3.485, 76.9, 61.6,0.292, 3.348, 3.442,210.9,195.6,0.278, 3.407, 3.507,0.278, 3.368, 3.463,0.276
08:16:00, 3.272, 3.359,119.3,103.1,0.281, 3.235, 3.319, 74.0, 58.6,0.291, 3.200, 3.280,202.7,186.8,0.278, 3.254, 3.339,0.279, 3.217, 3.300,0.276
08:20:00, 3.130, 3.205,114.6, 98.5,0.281, 3.097, 3.169, 71.6, 56.2,0.293, 3.064, 3.134,195.2,178.7,0.277, 3.113, 3.187,0.277, 3.080, 3.151,0.275
08:24:00, 3.001, 3.066,110.4, 94.3,0.280, 2.970, 3.033, 69.0, 53.6,0.290, 2.940, 3.000,188.4,171.4,0.277, 2.985, 3.049,0.279, 2.955, 3.016,0.276
08:28:00, 2.882, 2.938,106.3, 90.3,0.279, 2.853, 2.908, 66.8, 51.3,0.289, 2.826, 2.879,182.0,164.5,0.277, 2.867, 2.923,0.278, 2.840, 2.893,0.276
08:32:00, 2.772, 2.822,102.9, 87.0,0.280, 2.746, 2.794, 64.8, 49.3,0.288, 2.721, 2.767,176.5,158.5,0.277, 2.759, 2.808,0.280, 2.734, 2.781,0.276
08:36:00, 2.671, 2.715, 99.6, 83.7,0.280, 2.647, 2.690, 63.0, 47.5,0.288, 2.624, 2.665,171.1,152.6,0.277, 2.659, 2.702,0.279, 2.636, 2.677,0.276
08:40:00, 2.578, 2.617, 96.4, 80.6,0.279, 2.556, 2.593, 61.3, 45.7,0.287, 2.534, 2.570,165.9,147.0,0.276, 2.567, 2.605,0.278, 2.545, 2.582,0.275
08:44:00, 2.492, 2.526, 93.6, 77.8,0.279, 2.471, 2.504, 59.8, 44.2,0.287, 2.451, 2.483,161.7,142.5,0.277, 2.481, 2.515,0.278, 2.461, 2.494,0.276
08:48:00, 2.412, 2.442, 91.1, 75.3,0.279, 2.392, 2.422, 58.5, 42.8,0.288, 2.374, 2.402,157.2,137.8,0.276, 2.402, 2.432,0.278, 2.383, 2.412,0.275
08:52:00, 2.337, 2.364, 88.7, 72.9,0.279, 2.319, 2.345, 57.2, 41.4,0.287, 2.301, 2.327,153.5,133.9,0.277, 2.328, 2.355,0.278, 2.310, 2.336,0.276
08:56:00, 2.267, 2.291, 86.5, 70.7,0.279, 2.250, 2.274, 56.0, 40.2,0.287, 2.234, 2.257,149.7,129.9,0.277, 2.259, 2.283,0.278, 2.242, 2.266,0.276
09:00:00, 2.202, 2.224, 84.4, 68.6,0.278, 2.186, 2.208, 54.8, 38.9,0.285, 2.171, 2.192,146.1,126.1,0.277, 2.194, 2.216,0.279, 2.179, 2.200,0.276
09:04:00, 2.141, 2.161, 82.3, 66.5,0.277, 2.127, 2.146, 53.8, 37.8,0.285, 2.112, 2.131,142.6,122.4,0.276, 2.134, 2.153,0.277, 2.119, 2.138,0.275
09:08:00, 2.084, 2.102, 80.6, 64.8,0.278, 2.070, 2.088, 52.8, 36.8,0.285, 2.057, 2.074,139.9,119.5,0.277, 2.077, 2.095,0.278, 2.064, 2.081,0.277
09:12:00, 2.030, 2.047, 79.1, 63.3,0.279, 2.018, 2.033, 52.0, 35.9,0.286, 2.005, 2.020,136.9,116.4,0.277, 2.024, 2.040,0.279, 2.011, 2.027,0.276
09:16:00, 1.980, 1.995, 77.5, 61.7,0.279, 1.968, 1.982, 51.1, 35.0,0.285, 1.956, 1.970,134.0,113.4,0.276, 1.974, 1.988,0.279, 1.962, 1.976,0.276
09:20:00, 1.933, 1.946, 76.0, 60.2,0.278, 1.921, 1.934, 50.3, 34.1,0.285, 1.910, 1.923,131.7,111.1,0.277, 1.927, 1.940,0.279, 1.916, 1.928,0.277
09:24:00, 1.888, 1.900, 74.6, 58.8,0.278, 1.877, 1.889, 49.6, 33.4,0.286, 1.867, 1.878,128.8,108.1,0.276, 1.883, 1.894,0.278, 1.872, 1.884,0.275
09:28:00, 1.846, 1.857, 73.3, 57.5,0.278, 1.836, 1.846, 48.8, 32.5,0.284, 1.826, 1.836,126.6,105.8,0.276, 1.841, 1.852,0.280, 1.831, 1.841,0.276
09:32:00, 1.806, 1.816, 72.0, 56.1,0.278, 1.796, 1.806, 48.1, 31.7,0.283, 1.787, 1.796,124.2,103.4,0.276, 1.801, 1.811,0.280, 1.792, 1.801,0.276
09:36:00, 1.768, 1.777, 70.7, 54.8,0.277, 1.759, 1.768, 47.7, 31.3,0.287, 1.750, 1.759,122.7,101.9,0.277, 1.764, 1.773,0.275, 1.755, 1.764,0.277
09:40:00, 1.733, 1.741, 69.7, 53.8,0.278, 1.724, 1.732, 47.0, 30.6,0.284, 1.716, 1.724,120.0, 99.1,0.275, 1.728, 1.737,0.278, 1.720, 1.728,0.275
09:44:00, 1.699, 1.707, 68.7, 52.8,0.278, 1.691, 1.698, 46.4, 29.9,0.284, 1.683, 1.690,118.2, 97.3,0.275, 1.695, 1.702,0.279, 1.687, 1.694,0.275
09:48:00, 1.667, 1.674, 67.7, 51.8,0.278, 1.659, 1.666, 46.0, 29.5,0.286, 1.652, 1.658,116.4, 95.5,0.275, 1.663, 1.670,0.277, 1.655, 1.662,0.275
10:20:00, 1.463, 1.466, 61.4, 45.4,0.277, 1.458, 1.461, 42.7, 25.9,0.287, 1.452, 1.456,105.0, 84.1,0.276, 1.460, 1.464,0.276, 1.455, 1.458,0.275
10:24:00, 1.442, 1.446, 60.8, 44.7,0.277, 1.438, 1.441, 42.4, 25.6,0.287, 1.433, 1.436,103.7, 82.8,0.275, 1.440, 1.443,0.275, 1.435, 1.438,0.274
10:28:00, 1.423, 1.426, 60.2, 44.1,0.277, 1.418, 1.421, 42.1, 25.3,0.287, 1.414, 1.417,102.5, 81.6,0.275, 1.421, 1.424,0.275, 1.416, 1.419,0.274
10:32:00, 1.405, 1.408, 59.7, 43.6,0.278, 1.400, 1.403, 41.8, 24.9,0.288, 1.396, 1.399,101.6, 80.7,0.275, 1.403, 1.405,0.276, 1.398, 1.401,0.274
10:36:00, 1.387, 1.390, 59.1, 43.0,0.277, 1.383, 1.386, 41.5, 24.6,0.287, 1.379, 1.381,100.7, 79.8,0.276, 1.385, 1.388,0.274, 1.381, 1.383,0.275
10:40:00, 1.371, 1.373, 58.7, 42.6,0.278, 1.367, 1.369, 41.2, 24.3,0.287, 1.363, 1.365, 99.7, 78.8,0.276, 1.369, 1.371,0.276, 1.365, 1.367,0.275
10:44:00, 1.355, 1.357, 58.2, 42.0,0.277, 1.351, 1.353, 41.1, 24.2,0.290, 1.347, 1.349, 99.0, 78.1,0.276, 1.353, 1.355,0.273, 1.349, 1.351,0.275
10:48:00, 1.340, 1.342, 57.8, 41.6,0.278, 1.336, 1.338, 40.9, 24.0,0.291, 1.332, 1.334, 98.2, 77.3,0.277, 1.338, 1.340,0.273, 1.334, 1.336,0.275
10:52:00, 1.325, 1.327, 57.4, 41.2,0.278, 1.322, 1.324, 40.6, 23.6,0.290, 1.318, 1.320, 97.3, 76.4,0.276, 1.324, 1.325,0.274, 1.320, 1.322,0.275
10:56:00, 1.312, 1.313, 57.1, 40.9,0.279, 1.308, 1.310, 40.3, 23.3,0.288, 1.305, 1.307, 96.5, 75.6,0.276, 1.310, 1.312,0.278, 1.307, 1.308,0.275
11:00:00, 1.299, 1.300, 56.6, 40.3,0.278, 1.295, 1.297, 40.1, 23.1,0.288, 1.292, 1.294, 95.9, 75.1,0.277, 1.297, 1.299,0.275, 1.294, 1.295,0.276
11:04:00, 1.286, 1.288, 56.2, 39.9,0.278, 1.283, 1.285, 40.0, 23.0,0.291, 1.280, 1.282, 95.4, 74.6,0.278, 1.285, 1.286,0.273, 1.282, 1.283,0.276
11:08:00, 1.274, 1.276, 55.9, 39.6,0.278, 1.272, 1.273, 39.8, 22.8,0.291, 1.269, 1.270, 94.6, 73.8,0.277, 1.273, 1.274,0.274, 1.270, 1.271,0.276
11:12:00, 1.263, 1.264, 55.6, 39.3,0.278, 1.260, 1.262, 39.6, 22.6,0.290, 1.258, 1.259, 94.0, 73.2,0.278, 1.262, 1.263,0.275, 1.259, 1.260,0.276
11:16:00, 1.253, 1.254, 55.2, 38.8,0.277, 1.250, 1.251, 39.4, 22.3,0.289, 1.247, 1.249, 93.3, 72.5,0.277, 1.251, 1.252,0.274, 1.249, 1.250,0.276
11:20:00, 1.242, 1.244, 55.0, 38.6,0.278, 1.240, 1.241, 39.3, 22.2,0.291, 1.238, 1.239, 92.8, 72.0,0.277, 1.241, 1.242,0.274, 1.239, 1.240,0.276
