"Instrument #064"
"Intercomparison date: 09-16-2016"
"Site: Izana, Tenerife"
"N table date:24-April-2014"
Lamp Corrections:,  -1.0,  -1.0,  -1.6
"Observations,",43
07:56:00, 4.085, 4.267,143.8,128.5,0.278, 4.028, 4.202, 89.0, 74.0,0.294, 3.972, 4.138,244.6,232.4,0.277, 4.056, 4.234,0.272, 4.000, 4.170,0.275
08:00:00, 3.865, 4.017,136.8,121.3,0.278, 3.814, 3.959, 85.0, 69.9,0.295, 3.764, 3.902,233.1,219.7,0.277, 3.839, 3.987,0.271, 3.788, 3.930,0.274
08:04:00, 3.667, 3.795,131.2,115.6,0.280, 3.621, 3.743, 81.5, 66.4,0.296, 3.576, 3.693,223.8,209.6,0.279, 3.644, 3.769,0.274, 3.598, 3.718,0.276
08:08:00, 3.489, 3.596,125.8,110.0,0.281, 3.447, 3.550, 78.4, 63.3,0.297, 3.406, 3.505,214.9,200.1,0.279, 3.467, 3.573,0.274, 3.426, 3.527,0.277
08:12:00, 3.327, 3.419,120.9,105.0,0.281, 3.288, 3.377, 75.3, 60.2,0.296, 3.251, 3.336,206.2,190.7,0.279, 3.307, 3.398,0.276, 3.270, 3.356,0.277
08:16:00, 3.179, 3.258,116.0,100.1,0.281, 3.144, 3.221, 72.7, 57.5,0.296, 3.110, 3.184,198.7,182.7,0.280, 3.162, 3.239,0.274, 3.127, 3.202,0.277
08:20:00, 3.045, 3.113,111.8, 95.9,0.281, 3.013, 3.079, 70.2, 55.0,0.296, 2.982, 3.045,191.8,175.3,0.280, 3.029, 3.096,0.276, 2.997, 3.062,0.278
08:24:00, 2.921, 2.981,108.2, 92.4,0.283, 2.892, 2.949, 68.1, 52.9,0.297, 2.863, 2.919,185.5,168.5,0.280, 2.907, 2.965,0.278, 2.878, 2.934,0.278
08:28:00, 2.808, 2.860,104.2, 88.4,0.282, 2.781, 2.831, 66.0, 50.7,0.296, 2.755, 2.803,179.6,162.1,0.280, 2.795, 2.846,0.276, 2.768, 2.817,0.278
08:32:00, 2.704, 2.749,101.1, 85.4,0.283, 2.679, 2.723, 64.1, 48.8,0.296, 2.655, 2.697,174.2,156.2,0.281, 2.691, 2.736,0.279, 2.667, 2.710,0.279
08:36:00, 2.607, 2.647, 98.1, 82.4,0.283, 2.584, 2.623, 62.4, 47.0,0.296, 2.562, 2.600,169.2,150.8,0.281, 2.596, 2.635,0.279, 2.573, 2.611,0.279
08:40:00, 2.518, 2.554, 95.2, 79.6,0.283, 2.497, 2.531, 60.8, 45.4,0.296, 2.476, 2.509,164.8,146.0,0.281, 2.507, 2.542,0.279, 2.486, 2.520,0.280
08:44:00, 2.435, 2.467, 92.7, 77.1,0.284, 2.415, 2.446, 59.4, 44.0,0.296, 2.396, 2.426,160.1,141.0,0.281, 2.425, 2.456,0.280, 2.406, 2.436,0.279
08:48:00, 2.358, 2.386, 89.8, 74.2,0.282, 2.340, 2.367, 57.8, 42.3,0.293, 2.322, 2.348,156.0,136.7,0.281, 2.349, 2.377,0.279, 2.331, 2.358,0.280
08:52:00, 2.286, 2.312, 87.7, 72.1,0.283, 2.269, 2.294, 56.7, 41.1,0.294, 2.252, 2.276,152.2,132.7,0.281, 2.278, 2.303,0.280, 2.261, 2.285,0.280
08:56:00, 2.219, 2.242, 85.6, 70.0,0.283, 2.203, 2.225, 55.6, 39.9,0.295, 2.188, 2.209,148.6,128.9,0.281, 2.211, 2.234,0.280, 2.195, 2.217,0.280
09:00:00, 2.157, 2.177, 83.7, 68.1,0.284, 2.142, 2.161, 54.4, 38.7,0.293, 2.127, 2.146,145.1,125.2,0.281, 2.149, 2.169,0.282, 2.134, 2.154,0.280
09:04:00, 2.098, 2.116, 81.8, 66.2,0.283, 2.084, 2.102, 53.6, 37.8,0.295, 2.070, 2.087,142.0,121.9,0.281, 2.091, 2.109,0.280, 2.077, 2.095,0.280
09:08:00, 2.043, 2.059, 80.0, 64.4,0.283, 2.030, 2.046, 52.6, 36.8,0.295, 2.017, 2.032,139.2,119.0,0.282, 2.036, 2.053,0.280, 2.023, 2.039,0.280
09:12:00, 1.991, 2.006, 78.4, 62.8,0.283, 1.979, 1.993, 51.6, 35.7,0.293, 1.966, 1.981,136.2,115.9,0.281, 1.985, 2.000,0.281, 1.973, 1.987,0.281
09:40:00, 1.703, 1.710, 69.6, 53.9,0.285, 1.694, 1.702, 47.0, 30.8,0.297, 1.686, 1.693,120.2, 99.5,0.282, 1.698, 1.706,0.282, 1.690, 1.698,0.280
09:44:00, 1.670, 1.677, 68.6, 52.9,0.285, 1.662, 1.669, 46.4, 30.1,0.296, 1.654, 1.661,118.5, 97.8,0.283, 1.666, 1.673,0.283, 1.658, 1.665,0.281
09:48:00, 1.639, 1.645, 67.6, 51.9,0.285, 1.631, 1.638, 45.9, 29.6,0.296, 1.624, 1.630,116.6, 95.9,0.282, 1.635, 1.641,0.282, 1.628, 1.634,0.281
09:52:00, 1.609, 1.615, 66.7, 51.0,0.285, 1.602, 1.608, 45.5, 29.1,0.298, 1.595, 1.601,115.3, 94.6,0.284, 1.606, 1.612,0.281, 1.599, 1.604,0.282
09:56:00, 1.581, 1.587, 65.8, 50.0,0.285, 1.574, 1.580, 44.9, 28.5,0.295, 1.568, 1.573,113.6, 92.9,0.284, 1.578, 1.583,0.282, 1.571, 1.576,0.282
10:00:00, 1.555, 1.560, 65.0, 49.2,0.285, 1.548, 1.553, 44.4, 28.0,0.294, 1.542, 1.547,111.9, 91.2,0.283, 1.551, 1.556,0.284, 1.545, 1.550,0.282
10:04:00, 1.529, 1.534, 64.1, 48.3,0.284, 1.523, 1.528, 44.0, 27.5,0.294, 1.517, 1.521,110.6, 89.9,0.284, 1.526, 1.531,0.282, 1.520, 1.525,0.283
10:08:00, 1.505, 1.509, 63.4, 47.6,0.285, 1.499, 1.503, 43.5, 27.0,0.292, 1.494, 1.498,109.2, 88.5,0.284, 1.502, 1.506,0.284, 1.496, 1.501,0.283
10:12:00, 1.482, 1.486, 62.7, 46.9,0.285, 1.477, 1.481, 43.1, 26.5,0.292, 1.471, 1.475,107.8, 87.1,0.283, 1.479, 1.483,0.285, 1.474, 1.478,0.283
10:16:00, 1.460, 1.464, 62.1, 46.3,0.285, 1.455, 1.459, 42.8, 26.2,0.293, 1.450, 1.453,106.5, 85.8,0.283, 1.458, 1.461,0.285, 1.452, 1.456,0.282
10:20:00, 1.440, 1.443, 61.5, 45.7,0.286, 1.435, 1.438, 42.4, 25.8,0.292, 1.430, 1.433,105.2, 84.5,0.283, 1.437, 1.440,0.286, 1.432, 1.435,0.282
10:24:00, 1.420, 1.423, 60.9, 45.0,0.286, 1.415, 1.418, 42.2, 25.6,0.295, 1.410, 1.413,104.1, 83.4,0.283, 1.417, 1.420,0.285, 1.413, 1.416,0.282
10:28:00, 1.401, 1.404, 60.4, 44.5,0.287, 1.396, 1.399, 41.9, 25.3,0.295, 1.392, 1.395,103.3, 82.6,0.284, 1.399, 1.401,0.286, 1.394, 1.397,0.283
10:32:00, 1.383, 1.386, 59.8, 43.9,0.286, 1.379, 1.381, 41.5, 24.8,0.293, 1.374, 1.377,102.3, 81.6,0.284, 1.381, 1.383,0.287, 1.376, 1.379,0.284
10:36:00, 1.366, 1.368, 59.3, 43.4,0.286, 1.362, 1.364, 41.2, 24.5,0.293, 1.358, 1.360,101.3, 80.6,0.284, 1.364, 1.366,0.287, 1.360, 1.362,0.284
10:40:00, 1.350, 1.352, 58.9, 43.0,0.287, 1.346, 1.348, 40.9, 24.2,0.292, 1.342, 1.344,100.3, 79.6,0.284, 1.348, 1.350,0.289, 1.344, 1.346,0.284
10:44:00, 1.334, 1.336, 58.3, 42.3,0.286, 1.330, 1.332, 40.7, 24.0,0.293, 1.326, 1.328, 99.5, 78.8,0.284, 1.332, 1.334,0.286, 1.328, 1.330,0.284
10:48:00, 1.319, 1.321, 57.9, 41.9,0.286, 1.316, 1.317, 40.5, 23.7,0.294, 1.312, 1.314, 98.7, 78.0,0.285, 1.317, 1.319,0.286, 1.314, 1.316,0.284
10:52:00, 1.305, 1.307, 57.5, 41.5,0.287, 1.302, 1.303, 40.2, 23.4,0.293, 1.298, 1.300, 97.9, 77.2,0.285, 1.303, 1.305,0.288, 1.300, 1.302,0.285
10:56:00, 1.292, 1.293, 57.1, 41.1,0.287, 1.288, 1.290, 40.2, 23.4,0.298, 1.285, 1.287, 97.3, 76.6,0.286, 1.290, 1.292,0.284, 1.287, 1.288,0.284
11:00:00, 1.279, 1.280, 56.9, 40.8,0.289, 1.276, 1.277, 40.0, 23.2,0.298, 1.273, 1.274, 96.4, 75.7,0.285, 1.277, 1.279,0.287, 1.274, 1.276,0.284
11:04:00, 1.267, 1.268, 56.4, 40.3,0.287, 1.264, 1.265, 39.8, 23.0,0.298, 1.261, 1.262, 95.5, 74.9,0.284, 1.265, 1.266,0.284, 1.262, 1.263,0.283
11:08:00, 1.255, 1.256, 56.0, 39.9,0.287, 1.252, 1.253, 39.6, 22.8,0.298, 1.249, 1.251, 95.0, 74.4,0.285, 1.254, 1.255,0.284, 1.251, 1.252,0.284
