%AVODOR ozone retrieval from direct irradiance
%4 8 2017 Luca Egli (Format: Date/Time, TO3, Crit.) range: 305 -340 nm, with wl-shift
%Using Ozonesonde ozonsonde/ozonesonde_16091410.29Z.csv
%Effective ozone temperature 229.4 K
%Effective ozone height 25.0 km 
%Using ozone x-sections bremen
2016 09 17 08 18 35 282.7 11.2
2016 09 17 08 31 53 295.5 10.8
2016 09 17 08 33 18 287.9  9.8
2016 09 17 08 33 47 294.6 10.5
2016 09 17 08 37 05 278.2  8.0
2016 09 17 08 37 33 285.5  9.6
2016 09 17 08 39 28 294.3  9.1
2016 09 17 08 39 56 286.7  8.7
2016 09 17 08 40 25 292.1  9.3
2016 09 17 08 40 53 300.7 11.2
2016 09 17 08 41 21 297.2 10.1
2016 09 17 08 42 47 294.2 11.3
2016 09 17 08 43 15 294.9  8.6
2016 09 17 08 43 43 283.4  7.3
2016 09 17 08 44 13 309.3 10.7
2016 09 17 08 44 41 291.0  9.9
2016 09 17 08 45 10 291.5  7.5
2016 09 17 08 45 38 319.1 11.3
2016 09 17 08 46 07 290.2  6.7
2016 09 17 08 46 35 277.2  7.2
2016 09 17 08 47 03 288.5  8.4
2016 09 17 08 47 32 310.1 11.5
2016 09 17 08 47 60 273.2  9.1
2016 09 17 08 48 28 279.5  6.4
2016 09 17 08 48 57 303.3  9.6
2016 09 17 08 49 25 295.2  8.2
2016 09 17 08 49 53 275.6  8.2
2016 09 17 08 50 23 274.2  6.4
2016 09 17 08 50 52 289.9  8.3
2016 09 17 08 51 20 287.9  6.7
2016 09 17 08 51 48 294.7  8.0
2016 09 17 08 52 17 279.0  7.4
2016 09 17 08 52 45 301.5  8.4
2016 09 17 08 53 13 283.6  7.4
2016 09 17 08 53 42 280.0  7.6
2016 09 17 08 54 10 279.4  7.4
2016 09 17 08 54 38 301.9  7.4
2016 09 17 08 55 07 284.8  6.3
2016 09 17 08 55 35 284.4  7.6
2016 09 17 08 56 05 284.6  7.3
2016 09 17 08 56 33 279.9  6.1
2016 09 17 08 57 02 272.4  6.7
2016 09 17 08 57 30 276.7  8.3
2016 09 17 08 57 59 279.4  7.6
2016 09 17 08 58 27 278.2  7.0
2016 09 17 08 58 55 280.1  6.7
2016 09 17 08 59 24 288.4  8.0
2016 09 17 08 59 52 298.9  7.4
2016 09 17 09 00 21 283.2  6.7
2016 09 17 09 00 49 290.5  7.5
2016 09 17 09 01 18 282.7  6.9
2016 09 17 09 01 46 282.4  7.2
2016 09 17 09 02 16 281.6  6.9
2016 09 17 09 02 44 273.3  6.5
2016 09 17 09 03 13 283.8  6.5
2016 09 17 09 03 41 278.0  7.3
2016 09 17 09 04 09 289.3  7.0
2016 09 17 09 04 38 292.4  7.0
2016 09 17 09 05 06 287.2  6.9
2016 09 17 09 05 35 288.2  6.9
2016 09 17 09 06 03 285.6  7.0
2016 09 17 09 06 31 288.7  6.8
2016 09 17 09 07 00 286.3  7.4
2016 09 17 09 07 28 272.3  5.8
2016 09 17 09 07 57 284.4  8.6
2016 09 17 09 08 27 283.1  7.0
2016 09 17 09 08 55 290.8  7.1
2016 09 17 09 09 23 290.3  6.6
2016 09 17 09 09 52 286.8  6.5
2016 09 17 09 10 20 282.2  6.1
2016 09 17 09 10 48 278.5  6.5
2016 09 17 09 11 17 282.5  6.2
2016 09 17 09 11 45 283.8  6.1
2016 09 17 09 12 13 273.2  6.0
2016 09 17 09 12 42 280.0  6.9
2016 09 17 09 13 10 287.5  6.8
2016 09 17 09 13 39 282.6  6.7
2016 09 17 09 14 07 287.6  7.2
2016 09 17 09 14 37 280.8  6.9
2016 09 17 09 15 05 285.7  6.9
2016 09 17 09 15 34 293.3  6.8
2016 09 17 09 16 02 283.0  6.7
2016 09 17 09 16 30 288.5  7.6
2016 09 17 09 16 59 287.5  8.2
2016 09 17 09 17 27 290.8  7.5
2016 09 17 09 17 56 273.8  7.0
2016 09 17 09 18 24 289.3  6.8
2016 09 17 09 18 52 290.3  7.2
2016 09 17 09 19 21 280.0  6.5
2016 09 17 09 19 49 280.6  5.8
2016 09 17 09 20 19 281.6  6.0
2016 09 17 09 20 47 285.4  6.4
2016 09 17 09 21 16 282.8  6.3
2016 09 17 09 21 45 283.1  6.9
2016 09 17 09 22 13 283.8  7.6
2016 09 17 09 22 42 289.9  7.5
2016 09 17 09 23 10 290.3  6.8
2016 09 17 09 23 39 277.1  6.1
2016 09 17 09 24 07 290.0  7.5
2016 09 17 09 24 35 288.6  6.9
2016 09 17 09 25 04 279.1  6.6
2016 09 17 09 25 32 283.4  6.6
2016 09 17 09 26 01 282.4  6.8
2016 09 17 09 26 31 288.4  6.4
2016 09 17 09 26 59 282.2  6.3
2016 09 17 09 27 27 273.4  6.9
2016 09 17 09 27 56 286.5  6.7
2016 09 17 09 28 24 276.2  6.2
2016 09 17 09 28 53 290.1  7.0
2016 09 17 09 29 21 283.4  6.8
2016 09 17 09 29 49 284.6  7.1
2016 09 17 09 30 18 281.0  6.5
2016 09 17 09 30 46 282.4  6.6
2016 09 17 09 31 15 281.1  7.0
2016 09 17 09 31 43 277.6  5.9
2016 09 17 09 32 11 282.2  6.9
2016 09 17 09 32 41 280.9  6.5
2016 09 17 09 33 10 279.4  7.0
2016 09 17 09 33 40 284.3  5.8
2016 09 17 09 34 08 281.2  6.7
2016 09 17 09 34 36 274.9  6.8
2016 09 17 09 35 05 279.4  6.3
2016 09 17 09 35 33 285.8  6.9
2016 09 17 09 36 01 284.0  6.4
2016 09 17 09 36 30 278.9  6.2
2016 09 17 09 36 58 281.2  6.9
2016 09 17 09 37 27 277.1  6.8
2016 09 17 09 37 55 286.7  7.5
2016 09 17 09 38 24 282.9  7.5
2016 09 17 09 38 54 286.5  6.7
2016 09 17 09 39 22 280.1  6.0
2016 09 17 09 39 50 290.9  7.2
2016 09 17 09 40 19 282.5  6.9
2016 09 17 09 40 48 278.2  7.5
2016 09 17 09 41 16 281.3  6.8
2016 09 17 09 41 44 283.1  7.2
2016 09 17 09 42 13 282.5  6.9
2016 09 17 09 42 41 275.5  6.2
2016 09 17 09 43 09 286.5  7.6
2016 09 17 09 43 38 285.4  7.8
2016 09 17 09 44 06 280.0  7.1
2016 09 17 09 44 36 282.3  6.9
2016 09 17 09 45 05 281.7  6.8
2016 09 17 09 45 33 281.6  6.9
2016 09 17 09 46 02 282.6  6.7
2016 09 17 09 46 30 287.8  6.8
2016 09 17 09 46 58 281.8  6.4
2016 09 17 09 47 27 277.9  7.0
2016 09 17 09 47 55 285.2  6.7
2016 09 17 09 48 24 285.6  6.5
2016 09 17 09 48 52 283.4  7.7
2016 09 17 09 49 20 283.8  6.7
2016 09 17 09 49 49 289.4  7.4
2016 09 17 09 50 17 276.5  7.1
2016 09 17 09 50 47 280.2  7.0
2016 09 17 09 51 15 279.9  6.7
2016 09 17 09 51 44 276.3  6.7
2016 09 17 09 52 12 280.7  7.2
2016 09 17 09 52 41 281.1  6.8
2016 09 17 09 53 09 280.2  7.3
2016 09 17 09 53 38 281.1  6.9
2016 09 17 09 54 06 282.5  7.5
2016 09 17 09 54 34 282.8  7.9
2016 09 17 09 55 03 281.8  6.8
2016 09 17 09 55 31 283.3  7.1
2016 09 17 09 55 60 281.1  7.0
2016 09 17 09 56 28 285.6  6.6
2016 09 17 09 56 58 278.1  7.9
2016 09 17 09 57 26 279.2  7.0
2016 09 17 09 57 55 287.6  7.3
2016 09 17 09 58 23 285.2  7.5
2016 09 17 09 58 51 286.2  7.2
2016 09 17 09 59 20 276.9  7.3
2016 09 17 09 59 48 278.6  7.3
2016 09 17 10 00 17 283.2  7.3
2016 09 17 10 00 45 284.7  7.7
2016 09 17 10 01 14 282.2  6.9
2016 09 17 10 01 42 282.4  6.8
2016 09 17 10 02 10 289.6  7.3
2016 09 17 10 02 39 279.0  7.3
2016 09 17 10 03 09 282.2  6.8
2016 09 17 10 03 37 282.5  7.2
2016 09 17 10 04 05 281.4  7.3
2016 09 17 10 04 34 279.3  8.2
2016 09 17 10 05 02 277.2  7.3
2016 09 17 10 05 30 286.4  7.6
2016 09 17 10 05 59 279.9  6.6
2016 09 17 10 06 27 275.6  7.1
2016 09 17 10 06 56 280.7  7.2
2016 09 17 10 07 24 284.4  7.0
2016 09 17 10 07 52 283.2  7.6
2016 09 17 10 08 21 279.4  7.2
2016 09 17 10 08 51 279.0  7.0
2016 09 17 10 09 19 279.7  7.0
2016 09 17 10 09 48 277.5  7.0
2016 09 17 10 10 16 281.1  7.1
2016 09 17 10 10 44 283.9  7.2
2016 09 17 10 11 13 279.3  7.0
2016 09 17 10 11 41 285.6  8.7
2016 09 17 10 12 10 279.3  7.0
2016 09 17 10 12 38 281.3  7.1
2016 09 17 10 13 06 279.0  6.8
2016 09 17 10 13 35 280.1  7.4
2016 09 17 10 14 03 277.6  7.7
2016 09 17 10 14 31 283.7  7.6
2016 09 17 10 15 01 280.0  7.6
2016 09 17 10 15 30 279.5  7.3
2016 09 17 10 15 58 278.9  7.7
2016 09 17 10 16 28 285.6  8.2
2016 09 17 10 16 57 281.8  7.6
2016 09 17 10 17 25 285.2  7.9
2016 09 17 10 17 53 280.6  7.8
2016 09 17 10 18 22 277.4  7.7
2016 09 17 10 18 50 284.4  8.0
2016 09 17 10 19 18 278.5  7.7
2016 09 17 10 19 47 285.0  7.3
2016 09 17 10 20 15 284.5  8.0
2016 09 17 10 20 44 280.1  7.9
2016 09 17 10 21 14 281.9  7.4
2016 09 17 10 21 42 280.9  7.4
2016 09 17 10 22 10 284.4  7.8
2016 09 17 10 22 39 281.4  7.4
2016 09 17 10 23 07 282.1  7.8
2016 09 17 10 23 36 282.8  7.6
2016 09 17 10 24 04 280.7  7.9
2016 09 17 10 24 32 281.6  7.8
2016 09 17 10 25 01 277.7  7.3
2016 09 17 10 25 29 281.3  7.7
2016 09 17 10 25 58 284.1  7.9
2016 09 17 10 26 26 284.5  7.2
2016 09 17 10 26 54 284.6  7.8
2016 09 17 10 27 24 279.9  7.0
2016 09 17 10 27 53 283.9  7.9
2016 09 17 10 28 21 280.4  8.6
2016 09 17 10 28 50 286.6  8.6
2016 09 17 10 29 18 280.6  7.8
2016 09 17 10 29 46 283.7  6.8
2016 09 17 10 30 15 286.2  8.0
2016 09 17 10 30 43 281.4  7.4
2016 09 17 10 31 12 278.0  7.3
2016 09 17 10 31 40 280.3  8.1
2016 09 17 10 32 08 279.1  8.1
2016 09 17 10 32 37 282.0  7.1
2016 09 17 10 33 07 285.6  8.4
2016 09 17 10 33 35 281.1  8.2
2016 09 17 10 34 04 280.6  8.6
2016 09 17 10 34 32 280.1  7.9
2016 09 17 10 35 01 280.4  7.6
2016 09 17 10 35 30 284.8  8.0
2016 09 17 10 35 58 280.2  7.7
2016 09 17 10 36 26 285.1  8.2
2016 09 17 10 36 55 283.7  7.9
2016 09 17 10 37 23 275.2  7.5
2016 09 17 10 37 52 282.5  7.8
2016 09 17 10 38 20 278.0  7.7
2016 09 17 10 38 48 280.7  7.6
2016 09 17 10 39 18 282.3  7.8
2016 09 17 10 39 47 277.8  7.2
2016 09 17 10 40 15 279.3  8.0
2016 09 17 10 40 44 278.9  8.1
2016 09 17 10 41 12 282.5  7.4
2016 09 17 10 41 40 283.5  7.9
2016 09 17 10 42 09 280.7  8.3
2016 09 17 10 42 37 282.0  7.6
2016 09 17 10 43 06 281.0  7.9
2016 09 17 10 43 34 277.7  7.8
2016 09 17 10 44 02 281.4  8.0
2016 09 17 10 44 32 281.5  8.0
2016 09 17 10 45 01 282.8  8.2
2016 09 17 10 45 31 283.7  8.3
2016 09 17 10 45 59 284.9  7.7
2016 09 17 10 46 27 282.6  8.4
2016 09 17 10 46 56 284.3  8.1
2016 09 17 10 47 24 278.8  7.9
2016 09 17 10 47 53 281.2  8.6
2016 09 17 10 48 21 282.0  8.7
2016 09 17 10 48 50 283.1  8.5
2016 09 17 10 49 18 283.5  7.8
2016 09 17 10 49 46 281.2  7.6
2016 09 17 10 50 15 280.6  7.9
2016 09 17 10 50 43 285.0  8.2
2016 09 17 10 51 12 285.9  7.6
2016 09 17 10 51 42 286.7  8.1
2016 09 17 10 52 10 280.5  8.3
2016 09 17 10 52 39 280.8  8.2
2016 09 17 10 53 07 285.2  8.4
2016 09 17 10 53 35 283.2  8.3
2016 09 17 10 54 04 283.2  8.1
2016 09 17 10 54 32 279.4  8.3
2016 09 17 10 55 01 285.6  8.7
2016 09 17 10 55 29 282.9  7.9
2016 09 17 10 55 58 277.7  7.8
2016 09 17 10 56 26 283.2  8.7
2016 09 17 10 56 55 282.9  8.2
2016 09 17 10 57 25 283.4  8.8
2016 09 17 10 57 53 279.3  8.3
2016 09 17 10 58 21 280.2  7.3
2016 09 17 10 58 50 284.9  7.7
2016 09 17 10 59 19 283.2  8.0
2016 09 17 10 59 47 279.6  8.2
2016 09 17 11 00 15 279.8  8.6
2016 09 17 11 00 44 278.8  8.2
2016 09 17 11 01 12 282.9  7.7
2016 09 17 11 01 41 282.2  8.5
2016 09 17 11 02 09 281.3  8.4
2016 09 17 11 02 37 279.6  8.3
2016 09 17 11 03 06 279.3  8.0
2016 09 17 11 03 36 279.6  8.2
2016 09 17 11 04 05 280.9  8.3
2016 09 17 11 04 33 279.5  8.4
2016 09 17 11 05 01 279.4  7.7
2016 09 17 11 05 30 284.2  8.2
2016 09 17 11 05 58 281.9  8.5
2016 09 17 11 06 27 286.6  8.3
2016 09 17 11 06 55 283.5  8.2
2016 09 17 11 07 24 279.0  8.2
2016 09 17 11 07 52 278.2  7.8
2016 09 17 11 08 21 280.4  8.6
2016 09 17 11 08 49 283.7  8.2
2016 09 17 11 09 17 284.3  8.4
2016 09 17 11 09 48 285.3  8.1
2016 09 17 11 10 16 280.9  8.5
2016 09 17 11 10 44 278.8  8.2
2016 09 17 11 11 13 287.3  8.4
2016 09 17 11 11 41 284.6  8.9
2016 09 17 11 12 10 277.8  8.5
2016 09 17 11 12 38 282.5  8.4
2016 09 17 11 13 07 281.3  8.5
2016 09 17 11 13 35 282.1  8.8
2016 09 17 11 14 03 279.9  8.2
2016 09 17 11 14 32 283.5  8.4
2016 09 17 11 15 01 286.5  8.4
2016 09 17 11 15 29 281.7  8.3
2016 09 17 11 15 59 281.9  8.1
2016 09 17 11 16 27 281.3  8.3
2016 09 17 11 16 56 283.5  8.2
2016 09 17 11 17 25 278.6  8.2
2016 09 17 11 17 53 285.3  8.1
2016 09 17 11 18 25 286.1  8.8
2016 09 17 11 18 54 279.4  8.8
2016 09 17 11 19 22 280.2  8.2
2016 09 17 11 19 50 282.5  8.4
2016 09 17 11 20 19 278.1  8.5
2016 09 17 11 20 47 282.6  7.8
2016 09 17 11 21 16 279.8  8.6
2016 09 17 11 21 46 279.3  8.1
2016 09 17 11 22 14 283.0  8.6
2016 09 17 11 22 43 277.9  8.2
2016 09 17 11 23 11 279.8  8.4
2016 09 17 11 23 40 279.4  8.7
2016 09 17 11 24 08 281.9  8.3
2016 09 17 11 24 36 280.6  8.4
2016 09 17 11 25 05 284.1  9.3
2016 09 17 11 25 33 278.1  8.3
2016 09 17 11 26 02 280.0  8.6
2016 09 17 11 26 30 280.8  8.5
2016 09 17 11 26 59 283.3  9.0
2016 09 17 11 27 28 279.7  8.3
2016 09 17 11 27 59 283.0  8.5
2016 09 17 11 28 28 281.3  8.5
2016 09 17 11 28 56 282.1  8.2
2016 09 17 11 29 25 282.5  8.1
2016 09 17 11 29 53 280.0  8.7
2016 09 17 11 30 22 282.5  8.6
2016 09 17 11 30 50 287.1  9.1
2016 09 17 11 31 19 279.1  8.9
2016 09 17 11 31 47 281.6  8.9
2016 09 17 11 32 15 282.5  8.5
2016 09 17 11 32 44 283.1  9.4
2016 09 17 11 33 12 279.6  8.1
2016 09 17 11 33 41 280.2  8.6
2016 09 17 11 34 12 283.3  8.9
2016 09 17 11 34 41 281.8  8.5
2016 09 17 11 35 11 280.3  8.8
2016 09 17 11 35 40 283.8  8.2
2016 09 17 11 36 09 284.5  8.8
2016 09 17 11 36 37 282.4  9.0
2016 09 17 11 37 05 277.9  8.5
2016 09 17 11 37 34 281.2  8.5
2016 09 17 11 38 02 281.9  9.2
2016 09 17 11 38 31 286.6  8.9
2016 09 17 11 38 59 281.3  9.0
2016 09 17 11 39 28 281.0  8.9
2016 09 17 11 39 56 280.6  8.9
2016 09 17 11 40 26 280.5  8.4
2016 09 17 11 40 55 281.6  8.6
2016 09 17 11 41 23 281.5  8.7
2016 09 17 11 41 51 282.4  9.2
2016 09 17 11 42 20 279.4  9.1
2016 09 17 11 42 51 282.4  8.3
2016 09 17 11 43 20 283.9  9.2
2016 09 17 11 43 49 281.4  8.7
2016 09 17 11 44 17 279.1  8.7
2016 09 17 11 44 45 284.2  8.7
2016 09 17 11 45 14 280.3  8.7
2016 09 17 11 45 43 287.4  9.1
2016 09 17 11 46 13 287.0  9.1
2016 09 17 11 46 41 283.1  9.2
2016 09 17 11 47 10 280.7  8.5
2016 09 17 11 47 38 286.4  9.2
2016 09 17 11 48 07 275.0  9.1
2016 09 17 11 48 35 277.6  8.8
2016 09 17 11 49 04 285.4  9.2
2016 09 17 11 49 32 279.7  8.1
2016 09 17 11 50 01 278.1  9.0
2016 09 17 11 50 29 283.4  8.6
2016 09 17 11 50 57 284.5  8.9
2016 09 17 11 51 26 282.0  8.6
2016 09 17 11 51 54 285.1  9.7
2016 09 17 11 52 24 281.4  9.6
2016 09 17 11 52 53 282.0  9.5
2016 09 17 11 53 21 283.1  9.0
2016 09 17 11 53 50 279.8  8.7
2016 09 17 11 54 18 282.5  8.6
2016 09 17 11 54 47 282.5  9.3
2016 09 17 11 55 16 279.9  8.7
2016 09 17 11 55 45 285.3  9.0
2016 09 17 11 56 13 281.3  9.3
2016 09 17 11 56 42 285.1  9.0
2016 09 17 11 57 10 280.5  9.4
2016 09 17 11 57 39 279.8  8.7
2016 09 17 11 58 07 281.1  9.2
2016 09 17 11 58 37 279.8  8.7
2016 09 17 11 59 06 282.4  8.7
2016 09 17 11 59 34 278.8  8.9
2016 09 17 12 00 03 282.3  9.4
2016 09 17 12 00 31 285.2  8.9
2016 09 17 12 00 59 276.7  8.3
2016 09 17 12 01 28 280.2  8.8
2016 09 17 12 01 57 278.9  8.2
2016 09 17 12 02 25 281.4  8.9
2016 09 17 12 02 54 285.2  9.1
2016 09 17 12 03 22 280.2  9.2
2016 09 17 12 03 51 282.3  9.9
2016 09 17 12 04 19 277.1  8.5
2016 09 17 12 04 49 283.1  9.2
2016 09 17 12 05 18 283.1  8.9
2016 09 17 12 05 46 279.9  9.7
2016 09 17 12 06 15 282.6  9.0
2016 09 17 12 06 43 279.6  9.3
2016 09 17 12 07 12 278.6  8.8
2016 09 17 12 07 40 278.7  9.0
2016 09 17 12 08 09 282.6  8.9
2016 09 17 12 08 37 280.7  8.5
2016 09 17 12 09 06 278.8  9.2
2016 09 17 12 09 34 286.2  9.1
2016 09 17 12 10 03 282.7  9.8
2016 09 17 12 10 33 277.7  9.0
2016 09 17 12 11 01 287.5  9.2
2016 09 17 12 11 30 280.8  9.1
2016 09 17 12 11 59 287.0  8.7
2016 09 17 12 12 27 281.0  8.6
2016 09 17 12 12 56 278.0  9.1
2016 09 17 12 13 24 284.0  9.4
2016 09 17 12 13 53 280.1  8.7
2016 09 17 12 14 21 281.3  8.7
2016 09 17 12 14 49 278.8  8.8
2016 09 17 12 15 19 279.2  8.6
2016 09 17 12 15 48 278.8  9.2
2016 09 17 12 16 16 279.8  8.5
2016 09 17 12 16 47 278.1  9.3
2016 09 17 12 17 15 285.1  9.5
2016 09 17 12 17 44 284.0  9.2
2016 09 17 12 18 12 281.9  8.2
2016 09 17 12 18 41 284.8  9.5
2016 09 17 12 19 09 280.9  9.2
2016 09 17 12 19 38 275.8  8.7
2016 09 17 12 20 06 282.3  9.5
2016 09 17 12 20 35 280.0  9.5
2016 09 17 12 21 03 279.4  9.1
2016 09 17 12 21 32 286.7 10.2
2016 09 17 12 22 00 279.8  9.2
2016 09 17 12 22 29 280.0  9.2
2016 09 17 12 22 59 280.7  8.9
2016 09 17 12 23 27 281.3  9.0
2016 09 17 12 23 56 278.6  8.9
2016 09 17 12 24 24 281.7  9.1
2016 09 17 12 24 53 281.1  9.0
2016 09 17 12 25 21 278.4  9.5
2016 09 17 12 25 50 281.4  9.2
2016 09 17 12 26 18 281.4  8.8
2016 09 17 12 26 47 281.5  9.3
2016 09 17 12 27 15 279.3  9.4
2016 09 17 12 27 44 278.4  9.2
2016 09 17 12 28 12 279.6  9.1
2016 09 17 12 28 41 283.2  9.0
2016 09 17 12 29 11 277.1  9.1
2016 09 17 12 29 40 283.5  9.8
2016 09 17 12 30 08 281.8  9.5
2016 09 17 12 30 37 283.3  9.0
2016 09 17 12 31 05 279.4  8.9
2016 09 17 12 31 34 282.9  9.3
2016 09 17 12 32 02 282.5  9.4
2016 09 17 12 32 31 279.7  8.9
2016 09 17 12 32 59 278.5  9.7
2016 09 17 12 33 28 287.2  9.5
2016 09 17 12 33 57 281.3  9.3
2016 09 17 12 34 25 276.7  9.3
2016 09 17 12 34 55 278.7  8.9
2016 09 17 12 35 24 280.5  9.0
2016 09 17 12 35 52 280.8  9.0
2016 09 17 12 36 21 279.4  9.1
2016 09 17 12 36 49 284.6  9.2
2016 09 17 12 37 18 280.0  9.6
2016 09 17 12 37 47 278.5  8.9
2016 09 17 12 38 15 277.9  9.0
2016 09 17 12 38 44 277.6  9.3
2016 09 17 12 39 13 280.8  9.7
2016 09 17 12 39 41 279.1  9.4
2016 09 17 12 40 10 279.3  9.1
2016 09 17 12 40 38 280.8  9.1
2016 09 17 12 41 09 282.5  9.1
2016 09 17 12 41 37 281.9  9.2
2016 09 17 12 42 06 284.3  9.4
2016 09 17 12 42 34 280.7  9.4
2016 09 17 12 43 03 281.1  9.3
2016 09 17 12 43 32 279.4  8.9
2016 09 17 12 44 01 281.5  9.3
2016 09 17 12 44 29 279.5  8.5
2016 09 17 12 44 58 282.0  9.4
2016 09 17 12 45 26 281.3  9.4
2016 09 17 12 45 55 283.6  9.4
2016 09 17 12 46 23 280.4  9.8
2016 09 17 12 46 52 280.0  9.0
2016 09 17 12 47 22 282.1  9.0
2016 09 17 12 47 51 282.9  9.8
2016 09 17 12 48 19 279.8  9.4
2016 09 17 12 48 48 278.2  9.3
2016 09 17 12 49 16 280.3  9.4
2016 09 17 12 49 45 283.3  8.9
2016 09 17 12 50 13 281.9  9.1
2016 09 17 12 50 42 281.4  9.0
2016 09 17 12 51 10 279.8  9.1
2016 09 17 12 51 39 281.2  8.8
2016 09 17 12 52 07 279.6  8.9
2016 09 17 12 52 36 284.7  9.3
2016 09 17 12 53 05 277.4  8.6
2016 09 17 12 53 35 281.7  9.0
2016 09 17 12 54 03 278.2  9.3
2016 09 17 12 54 33 283.8  9.8
2016 09 17 12 55 01 282.7  9.6
2016 09 17 12 55 30 279.8  9.2
2016 09 17 12 55 59 278.0  9.9
2016 09 17 12 56 27 278.6  9.0
2016 09 17 12 56 56 282.9  9.2
2016 09 17 12 57 24 281.7  9.7
2016 09 17 12 57 53 280.6  9.8
2016 09 17 12 58 21 281.7  9.4
2016 09 17 12 58 50 285.1  8.9
2016 09 17 12 59 20 281.2  9.4
2016 09 17 12 59 49 279.8  9.3
2016 09 17 13 00 17 275.5  9.1
2016 09 17 13 00 46 281.2  9.1
2016 09 17 13 01 14 282.9  9.7
2016 09 17 13 01 43 280.3  9.6
2016 09 17 13 02 11 280.5  9.3
2016 09 17 13 02 40 279.0  9.0
2016 09 17 13 03 08 284.2  9.0
2016 09 17 13 03 37 280.8  9.2
2016 09 17 13 04 05 279.8  9.5
2016 09 17 13 04 34 281.7  9.1
2016 09 17 13 05 02 281.8  9.1
2016 09 17 13 05 32 285.1 10.0
2016 09 17 13 06 01 280.9  9.0
2016 09 17 13 06 29 282.2  8.9
2016 09 17 13 06 58 279.6  9.1
2016 09 17 13 07 27 280.7  9.5
2016 09 17 13 07 55 278.7  9.3
2016 09 17 13 08 24 283.5  8.8
2016 09 17 13 08 52 280.7  8.4
2016 09 17 13 09 21 284.5  9.5
2016 09 17 13 09 49 286.0  9.6
2016 09 17 13 10 17 281.0  9.2
2016 09 17 13 10 46 279.1  9.5
2016 09 17 13 11 15 279.6  9.5
2016 09 17 13 11 45 275.4  9.5
2016 09 17 13 12 13 280.5  9.4
2016 09 17 13 12 42 282.4  9.5
2016 09 17 13 13 10 283.1 10.0
2016 09 17 13 13 39 281.8  9.0
2016 09 17 13 14 07 280.4  8.7
2016 09 17 13 14 36 279.8  8.9
2016 09 17 13 15 05 279.1  9.2
2016 09 17 13 15 33 279.9  9.2
2016 09 17 13 16 02 281.8  9.3
2016 09 17 13 16 30 280.8  9.8
2016 09 17 13 16 59 280.8  9.1
2016 09 17 13 17 27 278.6  8.9
2016 09 17 13 17 58 277.9  8.9
2016 09 17 13 18 26 282.7  9.9
2016 09 17 13 18 55 281.8  9.1
2016 09 17 13 19 23 280.2  9.3
2016 09 17 13 19 52 281.9  9.5
2016 09 17 13 20 20 279.4  8.8
2016 09 17 13 20 49 280.8  9.6
2016 09 17 13 21 17 281.9  9.6
2016 09 17 13 21 46 281.9  9.3
2016 09 17 13 22 15 277.7  9.2
2016 09 17 13 22 43 279.9  9.2
2016 09 17 13 23 12 281.6  9.6
2016 09 17 13 23 43 281.5  9.4
2016 09 17 13 24 11 279.6  9.0
2016 09 17 13 24 40 285.9  9.3
2016 09 17 13 25 08 280.1  9.0
2016 09 17 13 25 37 281.7  8.9
2016 09 17 13 26 05 282.7  9.2
2016 09 17 13 26 34 284.3  9.5
2016 09 17 13 27 02 279.7  9.0
2016 09 17 13 27 31 275.3  9.2
2016 09 17 13 27 59 278.5  9.2
2016 09 17 13 28 28 279.3  8.8
2016 09 17 13 28 57 283.2  9.2
2016 09 17 13 29 25 281.6  8.8
2016 09 17 13 29 56 280.5  8.8
2016 09 17 13 30 24 283.2  9.6
2016 09 17 13 30 53 285.0  9.2
2016 09 17 13 31 21 278.5  9.1
2016 09 17 13 31 50 280.4  8.6
2016 09 17 13 32 18 282.3  8.8
2016 09 17 13 32 47 286.9  9.4
2016 09 17 13 33 15 287.3  9.9
2016 09 17 13 33 44 278.8  9.0
2016 09 17 13 34 12 280.3  9.4
2016 09 17 13 34 41 282.2  9.0
2016 09 17 13 35 09 279.7  9.4
2016 09 17 13 35 38 281.0  9.6
2016 09 17 13 36 08 280.7  9.0
2016 09 17 13 36 37 285.4  9.0
2016 09 17 13 37 05 281.2  9.3
2016 09 17 13 37 34 282.9  9.1
2016 09 17 13 38 02 277.5  9.6
2016 09 17 13 38 31 283.9  9.2
2016 09 17 13 38 59 281.5  9.1
2016 09 17 13 39 28 275.7  8.5
2016 09 17 13 39 56 278.8  9.0
2016 09 17 13 40 25 279.4  9.2
2016 09 17 13 40 54 276.9  9.2
2016 09 17 13 41 22 281.3  9.3
2016 09 17 13 41 51 283.8  9.2
2016 09 17 13 42 21 279.8  8.8
2016 09 17 13 42 50 280.8  9.2
2016 09 17 13 43 18 278.2  8.8
2016 09 17 13 43 47 284.3  9.6
2016 09 17 13 44 15 278.3  9.6
2016 09 17 13 44 44 282.4  9.3
2016 09 17 13 45 12 279.2  8.7
2016 09 17 13 45 41 279.8  9.8
2016 09 17 13 46 10 277.0  8.4
2016 09 17 13 46 38 278.4  9.3
2016 09 17 13 47 07 281.4  9.2
2016 09 17 13 47 35 277.4  9.2
2016 09 17 13 48 06 276.5  8.9
2016 09 17 13 48 34 281.8  9.0
2016 09 17 13 49 03 280.5  8.7
2016 09 17 13 49 31 276.2  8.6
2016 09 17 13 49 60 278.7  8.6
2016 09 17 13 50 28 276.2  9.2
2016 09 17 13 50 57 281.7  8.7
2016 09 17 13 51 26 285.7  9.4
2016 09 17 13 51 54 282.4  9.0
2016 09 17 13 52 23 279.0  9.1
2016 09 17 13 52 52 279.5  9.1
2016 09 17 13 53 20 280.5  8.7
2016 09 17 13 53 49 281.3  9.4
2016 09 17 13 54 19 283.3  9.3
2016 09 17 13 54 48 278.3  8.7
2016 09 17 13 55 17 279.9  9.4
2016 09 17 13 55 45 278.7  8.5
2016 09 17 13 56 14 280.0  8.8
2016 09 17 13 56 42 280.2  9.4
2016 09 17 13 57 11 282.7  8.9
2016 09 17 13 57 39 280.6  9.3
2016 09 17 13 58 08 279.9  9.6
2016 09 17 13 58 36 281.1  9.1
2016 09 17 13 59 05 278.3  9.6
2016 09 17 13 59 33 280.9  9.5
2016 09 17 14 00 02 281.0  8.9
2016 09 17 14 00 32 280.8  9.1
2016 09 17 14 01 01 279.2  8.4
2016 09 17 14 01 29 277.4  8.6
2016 09 17 14 01 58 283.2  9.0
2016 09 17 14 02 26 277.6  9.4
2016 09 17 14 02 55 277.8  8.8
2016 09 17 14 03 23 281.2  8.5
2016 09 17 14 03 52 279.1  9.1
2016 09 17 14 04 20 279.3  8.8
2016 09 17 14 04 49 274.4  8.8
2016 09 17 14 05 17 283.0  8.6
2016 09 17 14 05 46 276.0  8.8
2016 09 17 14 06 14 280.1  9.2
2016 09 17 14 06 44 278.4  9.1
2016 09 17 14 07 13 284.5  9.2
2016 09 17 14 07 42 281.7  8.6
2016 09 17 14 08 10 279.4  8.8
2016 09 17 14 08 39 281.4  8.7
2016 09 17 14 09 07 280.7  8.9
2016 09 17 14 09 36 278.2  9.3
2016 09 17 14 10 04 275.4  8.5
2016 09 17 14 10 33 281.3  8.8
2016 09 17 14 11 01 281.4  8.9
2016 09 17 14 11 30 284.5  8.8
2016 09 17 14 11 58 279.9  8.7
2016 09 17 14 12 28 280.4  8.7
2016 09 17 14 12 57 281.7  8.2
2016 09 17 14 13 26 281.4  9.5
2016 09 17 14 13 54 282.4  9.0
2016 09 17 14 14 23 278.2  8.2
2016 09 17 14 14 52 285.1  9.2
2016 09 17 14 15 20 278.7  8.4
2016 09 17 14 15 49 277.8  9.2
2016 09 17 14 16 17 279.4  9.1
2016 09 17 14 16 46 287.7  9.1
2016 09 17 14 17 14 279.3  9.2
2016 09 17 14 17 43 285.9  9.0
2016 09 17 14 18 12 284.4  9.3
2016 09 17 14 18 42 279.8  8.4
2016 09 17 14 19 10 277.7  8.8
2016 09 17 14 19 39 281.1  8.7
2016 09 17 14 20 08 280.1  8.3
2016 09 17 14 20 37 284.8  8.9
2016 09 17 14 21 05 280.1  8.6
2016 09 17 14 21 34 279.8  9.1
2016 09 17 14 22 02 280.5  9.0
2016 09 17 14 22 31 279.7  8.9
2016 09 17 14 22 60 283.3  9.4
2016 09 17 14 23 28 280.2  8.9
2016 09 17 14 23 57 281.0  8.6
2016 09 17 14 24 25 282.6  8.5
2016 09 17 14 24 56 283.6  8.9
2016 09 17 14 25 24 279.5  8.6
2016 09 17 14 25 53 277.5  9.1
2016 09 17 14 26 21 282.9  8.7
2016 09 17 14 26 50 279.6  8.4
2016 09 17 14 27 18 276.4  8.3
2016 09 17 14 27 47 272.6  8.5
2016 09 17 14 28 16 273.8  8.7
2016 09 17 14 28 44 279.1  9.1
2016 09 17 14 29 13 279.5  8.8
2016 09 17 14 29 42 277.2  8.4
2016 09 17 14 30 10 284.0  8.3
2016 09 17 14 30 39 281.2  9.1
2016 09 17 14 31 09 276.3  9.1
2016 09 17 14 31 38 277.3  8.8
2016 09 17 14 32 06 282.6  8.5
2016 09 17 14 32 35 280.0  8.2
2016 09 17 14 33 03 277.9  8.6
2016 09 17 14 33 32 279.2  8.1
2016 09 17 14 34 00 277.3  8.5
2016 09 17 14 34 29 283.5  9.0
2016 09 17 14 34 58 277.7  8.7
2016 09 17 14 35 26 279.9  8.1
2016 09 17 14 35 55 280.2  8.8
2016 09 17 14 36 23 279.3  8.4
2016 09 17 14 36 55 277.9  8.3
2016 09 17 14 37 23 278.9  8.4
2016 09 17 14 37 52 281.4  8.9
2016 09 17 14 38 20 280.9  8.5
2016 09 17 14 38 49 280.0  8.3
2016 09 17 14 39 17 278.9  8.4
2016 09 17 14 39 46 284.8  8.2
2016 09 17 14 40 14 282.0  8.6
2016 09 17 14 40 43 278.5  7.8
2016 09 17 14 41 12 282.9  8.9
2016 09 17 14 41 40 281.7  8.3
2016 09 17 14 42 09 277.6  8.1
2016 09 17 14 42 37 282.6  8.5
2016 09 17 14 43 08 280.5  8.2
2016 09 17 14 43 36 282.5  8.0
2016 09 17 14 44 05 282.0  9.1
2016 09 17 14 44 33 277.0  8.8
2016 09 17 14 45 02 281.8  8.5
2016 09 17 14 45 30 277.9  8.7
2016 09 17 14 45 59 279.4  8.2
2016 09 17 14 46 28 276.9  8.0
2016 09 17 14 46 57 283.0  8.5
2016 09 17 14 47 26 280.0  8.7
2016 09 17 14 47 55 279.8  9.3
2016 09 17 14 48 24 273.5  8.6
2016 09 17 14 48 52 277.9  8.4
2016 09 17 14 49 23 277.2  8.7
2016 09 17 14 49 52 277.6  8.9
2016 09 17 14 50 20 280.5  7.8
2016 09 17 14 50 49 278.8  8.7
2016 09 17 14 51 18 282.6  8.6
2016 09 17 14 51 46 273.4  8.0
2016 09 17 14 52 15 277.9  8.0
2016 09 17 14 52 44 283.0  8.2
2016 09 17 14 53 13 281.5  8.7
2016 09 17 14 53 41 279.2  8.7
2016 09 17 14 54 10 279.3  8.1
2016 09 17 14 54 38 277.3  8.3
2016 09 17 14 55 07 281.0  8.4
2016 09 17 14 55 37 275.2  8.3
2016 09 17 14 56 06 279.1  8.6
2016 09 17 14 56 35 279.1  8.8
2016 09 17 14 57 03 280.8  8.1
2016 09 17 14 57 32 282.8  8.3
2016 09 17 14 58 00 277.9  8.3
2016 09 17 14 58 29 280.6  8.5
2016 09 17 14 58 58 279.7  8.2
2016 09 17 14 59 27 279.3  8.3
2016 09 17 14 59 56 273.3  8.1
2016 09 17 15 00 24 276.1  7.9
2016 09 17 15 00 53 279.3  8.2
2016 09 17 15 01 23 280.8  8.2
2016 09 17 15 01 52 282.1  7.9
2016 09 17 15 02 20 284.0  9.3
2016 09 17 15 02 49 278.1  8.3
2016 09 17 15 03 18 278.6  8.1
2016 09 17 15 03 46 278.2  8.1
2016 09 17 15 04 15 277.0  7.9
2016 09 17 15 04 43 281.0  8.0
2016 09 17 15 05 12 277.5  7.8
2016 09 17 15 05 41 279.7  8.2
2016 09 17 15 06 09 278.9  7.6
2016 09 17 15 06 38 281.9  8.2
2016 09 17 15 07 06 274.7  7.9
2016 09 17 15 07 37 279.5  8.0
2016 09 17 15 08 05 279.8  8.0
2016 09 17 15 08 34 280.7  8.1
2016 09 17 15 09 02 281.8  8.1
2016 09 17 15 09 31 275.8  7.7
2016 09 17 15 09 59 284.9  8.0
2016 09 17 15 10 28 273.8  8.0
2016 09 17 15 10 57 280.2  8.1
2016 09 17 15 11 26 281.5  7.8
2016 09 17 15 11 54 278.4  8.4
2016 09 17 15 12 23 271.4  8.1
2016 09 17 15 12 51 281.8  8.5
2016 09 17 15 13 20 277.7  7.9
2016 09 17 15 13 50 277.2  8.1
2016 09 17 15 14 19 277.7  7.9
2016 09 17 15 14 47 286.4  8.0
2016 09 17 15 15 16 279.8  7.6
2016 09 17 15 15 45 277.5  8.1
2016 09 17 15 16 14 283.3  8.1
2016 09 17 15 16 43 278.1  8.0
2016 09 17 15 17 11 278.7  8.5
2016 09 17 15 17 40 282.6  8.3
2016 09 17 15 18 08 281.1  7.8
2016 09 17 15 18 37 281.8  8.0
2016 09 17 15 19 06 281.7  7.8
2016 09 17 15 19 34 281.8  8.1
2016 09 17 15 20 05 282.8  8.1
2016 09 17 15 20 33 278.4  7.7
2016 09 17 15 21 02 284.4  7.9
2016 09 17 15 21 30 278.2  7.7
2016 09 17 15 21 59 280.3  7.8
2016 09 17 15 22 28 279.6  8.2
2016 09 17 15 22 56 280.7  7.9
2016 09 17 15 23 25 276.9  7.7
2016 09 17 15 23 54 279.9  7.4
2016 09 17 15 24 22 277.0  8.2
2016 09 17 15 24 51 284.5  7.9
2016 09 17 15 25 20 282.3  7.7
2016 09 17 15 25 50 277.3  8.0
2016 09 17 15 26 18 278.0  7.6
2016 09 17 15 26 47 282.4  7.8
2016 09 17 15 27 16 283.1  7.6
2016 09 17 15 27 44 283.2  7.7
2016 09 17 15 28 13 278.1  8.3
2016 09 17 15 28 41 278.5  8.1
2016 09 17 15 29 10 274.7  7.2
2016 09 17 15 29 38 284.8  8.4
2016 09 17 15 30 07 278.4  8.0
2016 09 17 15 30 36 277.4  7.8
2016 09 17 15 31 04 282.7  8.0
2016 09 17 15 31 33 278.7  7.6
2016 09 17 15 32 03 281.3  8.1
2016 09 17 15 32 32 280.2  8.0
2016 09 17 15 33 00 284.0  7.6
2016 09 17 15 33 29 277.5  7.0
2016 09 17 15 33 57 277.0  7.8
2016 09 17 15 34 26 279.9  7.7
2016 09 17 15 34 54 285.1  8.2
2016 09 17 15 35 23 280.7  7.8
2016 09 17 15 35 52 284.5  8.2
2016 09 17 15 36 20 276.0  7.2
2016 09 17 15 36 49 281.5  7.7
2016 09 17 15 37 18 276.0  7.3
2016 09 17 15 37 48 279.3  8.0
2016 09 17 15 38 18 276.6  6.8
2016 09 17 15 38 47 281.2  8.2
2016 09 17 15 39 15 281.0  8.0
2016 09 17 15 39 44 276.3  7.6
2016 09 17 15 40 13 282.5  7.5
2016 09 17 15 40 41 280.9  7.3
2016 09 17 15 41 10 279.4  7.1
2016 09 17 15 41 38 278.1  7.1
2016 09 17 15 42 07 281.1  7.6
2016 09 17 15 42 36 280.8  7.3
2016 09 17 15 43 04 281.3  6.9
2016 09 17 15 43 33 279.8  7.0
2016 09 17 15 44 02 277.6  7.3
2016 09 17 15 44 32 280.9  7.6
2016 09 17 15 45 01 278.6  7.2
2016 09 17 15 45 29 282.1  7.8
2016 09 17 15 45 58 280.1  6.6
2016 09 17 15 46 26 279.8  7.3
2016 09 17 15 46 55 285.5  7.4
2016 09 17 15 47 24 274.9  7.3
2016 09 17 15 47 52 279.4  7.7
2016 09 17 15 48 21 277.0  6.8
2016 09 17 15 48 50 281.0  7.0
2016 09 17 15 49 18 276.9  7.0
2016 09 17 15 49 47 286.7  8.0
2016 09 17 15 50 18 285.8  7.3
2016 09 17 15 50 46 277.4  7.6
2016 09 17 15 51 15 282.7  7.0
2016 09 17 15 51 43 283.4  8.1
2016 09 17 15 52 12 283.5  7.7
2016 09 17 15 52 40 280.2  7.0
2016 09 17 15 53 09 277.0  7.2
2016 09 17 15 53 38 281.1  7.3
2016 09 17 15 54 06 281.5  7.5
2016 09 17 15 54 35 283.0  7.5
2016 09 17 15 55 04 279.9  6.3
2016 09 17 15 55 33 282.6  7.5
2016 09 17 15 56 01 281.7  6.9
2016 09 17 15 56 32 281.3  7.7
2016 09 17 15 57 00 281.6  6.8
2016 09 17 15 57 29 278.3  6.7
2016 09 17 15 57 58 280.5  7.5
2016 09 17 15 58 26 279.7  7.6
2016 09 17 15 58 55 276.7  7.1
2016 09 17 15 59 24 278.1  7.0
2016 09 17 15 59 52 277.3  7.4
2016 09 17 16 00 21 286.4  7.2
2016 09 17 16 00 49 274.6  7.3
2016 09 17 16 01 18 279.6  6.6
2016 09 17 16 01 47 278.9  6.9
2016 09 17 16 02 16 279.1  7.2
2016 09 17 16 02 46 278.7  7.0
2016 09 17 16 03 15 280.8  7.3
2016 09 17 16 03 43 275.5  6.3
2016 09 17 16 04 12 275.1  6.9
2016 09 17 16 04 41 280.7  7.0
2016 09 17 16 05 09 277.7  6.7
2016 09 17 16 05 38 278.4  6.8
2016 09 17 16 06 06 282.7  7.7
2016 09 17 16 06 35 283.6  7.8
2016 09 17 16 07 04 280.0  6.5
2016 09 17 16 07 32 283.5  6.9
2016 09 17 16 08 01 280.9  6.9
2016 09 17 16 08 30 286.9  7.9
2016 09 17 16 09 00 284.9  7.2
2016 09 17 16 09 29 277.2  6.8
2016 09 17 16 09 57 277.0  7.3
2016 09 17 16 10 26 287.7  6.6
2016 09 17 16 10 55 275.7  7.0
2016 09 17 16 11 23 275.8  7.0
2016 09 17 16 11 52 281.2  7.1
2016 09 17 16 12 20 282.1  7.0
2016 09 17 16 12 49 277.2  6.9
2016 09 17 16 13 18 283.0  7.4
2016 09 17 16 13 46 282.3  6.7
2016 09 17 16 14 15 281.4  7.4
2016 09 17 16 14 46 284.3  7.1
2016 09 17 16 15 15 277.7  6.3
2016 09 17 16 15 43 277.3  7.0
2016 09 17 16 16 12 281.8  6.8
2016 09 17 16 16 40 277.5  6.1
2016 09 17 16 17 09 276.7  7.3
2016 09 17 16 17 38 275.4  7.4
2016 09 17 16 18 07 279.5  6.3
2016 09 17 16 18 35 279.6  6.3
2016 09 17 16 19 04 279.1  7.2
2016 09 17 16 19 32 278.5  6.8
2016 09 17 16 20 01 276.0  6.4
2016 09 17 16 20 30 280.5  6.7
2016 09 17 16 21 00 282.6  6.9
2016 09 17 16 21 29 272.5  6.7
2016 09 17 16 21 58 278.6  6.6
2016 09 17 16 22 26 277.5  6.8
2016 09 17 16 22 55 283.2  6.4
2016 09 17 16 23 24 282.4  7.4
2016 09 17 16 23 52 283.3  6.8
2016 09 17 16 24 21 278.0  6.9
2016 09 17 16 24 50 278.4  7.5
2016 09 17 16 25 18 280.0  5.5
2016 09 17 16 25 47 280.2  6.5
2016 09 17 16 26 16 268.2  6.6
2016 09 17 16 26 44 279.4  7.2
2016 09 17 16 27 15 273.2  7.0
2016 09 17 16 27 44 280.8  6.5
2016 09 17 16 28 12 278.5  6.8
2016 09 17 16 28 41 274.0  7.2
2016 09 17 16 29 10 282.5  6.2
2016 09 17 16 29 38 276.0  6.4
2016 09 17 16 30 07 287.0  7.7
2016 09 17 16 30 36 285.5  6.8
2016 09 17 16 31 05 293.5  6.9
2016 09 17 16 31 34 281.8  6.0
2016 09 17 16 32 04 284.1  6.7
2016 09 17 16 32 32 286.0  7.1
2016 09 17 16 33 01 277.2  6.8
2016 09 17 16 33 32 276.6  6.4
2016 09 17 16 34 00 281.8  6.2
2016 09 17 16 34 29 282.4  6.3
2016 09 17 16 34 57 277.5  7.1
2016 09 17 16 35 26 279.1  6.7
2016 09 17 16 35 55 276.6  6.9
2016 09 17 16 36 24 285.2  7.1
2016 09 17 16 36 53 278.5  6.8
2016 09 17 16 37 21 283.1  7.9
2016 09 17 16 37 50 284.0  6.8
2016 09 17 16 38 18 283.2  6.3
2016 09 17 16 38 47 277.1  6.5
2016 09 17 16 39 18 272.3  6.4
2016 09 17 16 39 46 291.0  7.2
2016 09 17 16 40 15 296.6  7.9
2016 09 17 16 40 44 280.9  6.8
2016 09 17 16 41 12 283.9  6.8
2016 09 17 16 41 41 282.6  6.3
2016 09 17 16 42 09 281.7  6.2
2016 09 17 16 42 38 283.0  6.2
2016 09 17 16 43 07 280.7  6.5
2016 09 17 16 43 35 283.7  7.4
2016 09 17 16 44 04 276.1  5.9
2016 09 17 16 44 33 280.7  6.4
2016 09 17 16 45 01 296.1  8.1
2016 09 17 16 45 32 289.1  7.0
2016 09 17 16 46 01 288.8  7.0
2016 09 17 16 46 30 281.8  6.2
2016 09 17 16 46 59 289.3  6.4
2016 09 17 16 47 27 287.9  7.3
2016 09 17 16 47 56 282.3  7.4
2016 09 17 16 48 25 273.5  6.9
2016 09 17 16 48 53 279.1  6.2
2016 09 17 16 49 22 296.2  8.3
2016 09 17 16 49 51 283.1  6.9
2016 09 17 16 50 19 273.9  6.9
2016 09 17 16 50 48 283.1  6.4
2016 09 17 16 51 16 290.2  7.3
2016 09 17 16 51 47 292.8  6.6
2016 09 17 16 52 16 279.2  5.6
2016 09 17 16 52 45 283.9  6.9
2016 09 17 16 53 13 284.3  7.1
2016 09 17 16 53 42 303.4 10.3
2016 09 17 16 54 10 288.3  7.0
2016 09 17 16 54 39 281.0  6.3
2016 09 17 16 55 08 279.5  6.1
2016 09 17 16 55 37 285.4  6.0
2016 09 17 16 56 05 287.1  6.7
2016 09 17 16 56 34 292.9 10.1
2016 09 17 16 57 02 313.4 11.9
2016 09 17 16 57 31 291.7  9.6
2016 09 17 16 58 02 318.9 11.3
2016 09 17 16 58 30 319.9 11.1
2016 09 17 17 01 22 295.8 10.9
2016 09 17 17 01 51 287.6 10.0
2016 09 17 17 02 19 308.4 10.1
2016 09 17 17 02 48 306.8 10.7
2016 09 17 17 03 16 295.8  8.1
2016 09 17 17 03 47 288.1  8.0
2016 09 17 17 04 15 280.6  7.4
2016 09 17 17 04 44 290.2  8.5
2016 09 17 17 05 13 273.3  5.9
2016 09 17 17 05 41 279.2  6.6
2016 09 17 17 06 10 284.4  6.7
2016 09 17 17 06 39 294.9  9.6
2016 09 17 17 07 07 270.2  7.1
2016 09 17 17 07 36 287.0  8.4
2016 09 17 17 08 04 284.9  6.7
2016 09 17 17 08 33 283.6  7.7
2016 09 17 17 09 02 288.5  8.4
2016 09 17 17 09 31 276.6  7.4
2016 09 17 17 10 01 282.6  7.3
2016 09 17 17 10 30 268.5  6.9
2016 09 17 17 10 58 282.9  7.1
2016 09 17 17 11 27 269.9  7.3
2016 09 17 17 11 56 292.6  8.5
2016 09 17 17 12 24 297.0  9.6
2016 09 17 17 12 53 285.3 10.1
2016 09 17 17 13 22 304.4 10.3
2016 09 17 17 13 51 291.6  7.2
2016 09 17 17 14 19 285.4  8.7
2016 09 17 17 14 48 294.1 10.9
2016 09 17 17 16 16 284.9  7.4
2016 09 17 17 16 44 300.3  9.4
2016 09 17 17 17 13 290.9  8.8
2016 09 17 17 17 42 299.4  9.2
2016 09 17 17 19 36 300.1 10.1
2016 09 17 17 20 35 305.6 11.3
2016 09 17 17 23 01 295.3 11.1
2016 09 17 17 23 58 282.6  8.8
