%AVODOR ozone retrieval from direct irradiance
%4 8 2017 Luca Egli (Format: Date/Time, TO3, Crit.) range: 305 -340 nm, with wl-shift
%Using Ozonesonde ozonsonde/ozonesonde_16092111.24Z.csv
%Effective ozone temperature 229.1 K
%Effective ozone height 24.5 km 
%Using ozone x-sections bremen
2016 09 22 08 30 49 296.7  9.6
2016 09 22 08 37 58 258.2  9.8
2016 09 22 08 38 54 302.0  9.0
2016 09 22 08 39 51 299.8  9.5
2016 09 22 08 40 20 297.8 10.1
2016 09 22 08 42 13 292.8  8.8
2016 09 22 08 43 10 292.5 10.1
2016 09 22 08 43 38 268.9  9.0
2016 09 22 08 45 04 287.2  9.7
2016 09 22 08 46 01 294.4  9.8
2016 09 22 08 46 58 295.6  8.3
2016 09 22 08 47 26 277.2  7.2
2016 09 22 08 48 23 285.2  8.3
2016 09 22 08 48 51 303.5  9.9
2016 09 22 08 50 18 285.4  8.3
2016 09 22 08 50 46 281.3  7.1
2016 09 22 08 51 14 269.6  7.8
2016 09 22 08 52 11 278.2  8.4
2016 09 22 08 52 39 266.1  8.1
2016 09 22 08 53 08 269.8  5.9
2016 09 22 08 53 36 286.1  9.7
2016 09 22 08 54 04 306.4  9.6
2016 09 22 08 54 33 275.1  6.7
2016 09 22 08 55 01 281.1  6.8
2016 09 22 08 55 29 277.9  7.2
2016 09 22 08 55 57 286.7  9.9
2016 09 22 08 56 27 295.4  9.1
2016 09 22 08 56 56 286.5  8.0
2016 09 22 08 57 24 283.6  8.5
2016 09 22 08 57 52 308.9 11.8
2016 09 22 08 58 21 275.0  7.6
2016 09 22 08 58 49 279.1  7.1
2016 09 22 08 59 17 294.3  9.6
2016 09 22 08 59 46 274.4  6.3
2016 09 22 09 00 14 273.0  7.5
2016 09 22 09 00 42 284.5  8.9
2016 09 22 09 01 11 287.0  7.4
2016 09 22 09 01 39 280.4  7.1
2016 09 22 09 02 09 280.0  9.4
2016 09 22 09 02 37 268.2  7.2
2016 09 22 09 03 06 275.0  5.8
2016 09 22 09 03 34 275.6  6.7
2016 09 22 09 04 02 278.9  7.8
2016 09 22 09 04 30 266.0  6.5
2016 09 22 09 04 59 276.9  8.2
2016 09 22 09 05 27 282.2  6.8
2016 09 22 09 05 56 278.5  8.4
2016 09 22 09 06 24 277.9  6.7
2016 09 22 09 06 52 287.1  7.4
2016 09 22 09 07 21 280.5  7.4
2016 09 22 09 07 49 281.7  8.5
2016 09 22 09 08 19 289.4  6.7
2016 09 22 09 08 47 272.1  7.3
2016 09 22 09 09 16 289.3  7.4
2016 09 22 09 09 44 279.2  7.2
2016 09 22 09 10 12 288.0  7.7
2016 09 22 09 10 41 286.3  7.4
2016 09 22 09 11 09 277.6  6.7
2016 09 22 09 11 37 282.6  7.0
2016 09 22 09 12 06 277.7  7.0
2016 09 22 09 12 34 281.5  7.5
2016 09 22 09 13 02 281.8  7.7
2016 09 22 09 13 31 273.8  6.0
2016 09 22 09 13 60 282.1  7.8
2016 09 22 09 14 29 273.1  6.8
2016 09 22 09 14 58 280.8  6.8
2016 09 22 09 15 26 275.5  6.5
2016 09 22 09 15 54 283.9  8.6
2016 09 22 09 16 23 277.4  7.0
2016 09 22 09 16 51 282.3  7.6
2016 09 22 09 17 20 273.6  6.8
2016 09 22 09 17 48 282.6  6.8
2016 09 22 09 18 16 283.9  6.4
2016 09 22 09 18 45 274.8  7.1
2016 09 22 09 19 13 276.6  7.4
2016 09 22 09 19 42 286.8  8.4
2016 09 22 09 20 10 280.1  7.2
2016 09 22 09 20 40 276.9  6.7
2016 09 22 09 21 09 278.8  7.2
2016 09 22 09 21 37 278.4  6.2
2016 09 22 09 22 06 280.9  7.4
2016 09 22 09 22 34 277.6  7.0
2016 09 22 09 23 02 288.3  8.5
2016 09 22 09 23 31 282.6  6.9
2016 09 22 09 23 59 291.9  9.4
2016 09 22 09 24 28 278.3  6.7
2016 09 22 09 24 56 292.9  7.6
2016 09 22 09 25 24 284.8  6.5
2016 09 22 09 25 53 274.4  7.3
2016 09 22 09 26 23 279.9  6.3
2016 09 22 09 26 51 281.9  8.6
2016 09 22 09 27 19 275.5  7.0
2016 09 22 09 27 48 282.6  6.5
2016 09 22 09 28 16 273.7  6.7
2016 09 22 09 28 44 272.3  6.6
2016 09 22 09 29 13 276.0  7.2
2016 09 22 09 29 41 283.4  7.6
2016 09 22 09 30 09 284.2  7.8
2016 09 22 09 30 38 278.6  7.3
2016 09 22 09 31 06 280.7  7.4
2016 09 22 09 31 34 285.9  7.4
2016 09 22 09 32 03 286.0  7.4
2016 09 22 09 32 33 278.9  7.1
2016 09 22 09 33 01 278.3  7.0
2016 09 22 09 33 29 274.9  6.8
2016 09 22 09 33 58 270.6  7.0
2016 09 22 09 34 26 279.7  6.5
2016 09 22 09 34 54 280.0  7.6
2016 09 22 09 35 23 276.7  7.0
2016 09 22 09 35 51 286.3  7.3
2016 09 22 09 36 19 279.8  7.7
2016 09 22 09 36 48 284.1  7.0
2016 09 22 09 37 16 279.4  6.9
2016 09 22 09 37 44 284.5  6.7
2016 09 22 09 38 13 278.0  7.1
2016 09 22 09 38 43 276.5  7.1
2016 09 22 09 39 12 276.7  6.6
2016 09 22 09 39 40 268.0  7.6
2016 09 22 09 40 08 275.7  6.9
2016 09 22 09 40 37 275.6  6.7
2016 09 22 09 41 05 278.1  7.4
2016 09 22 09 41 33 276.6  7.0
2016 09 22 09 42 02 284.7  7.5
2016 09 22 09 42 30 272.6  6.7
2016 09 22 09 42 58 274.7  6.9
2016 09 22 09 43 27 284.9  7.4
2016 09 22 09 43 55 275.5  7.9
2016 09 22 09 44 23 271.8  6.8
2016 09 22 09 44 53 276.8  7.1
2016 09 22 09 45 22 277.2  7.8
2016 09 22 09 45 50 277.5  7.7
2016 09 22 09 46 18 282.3  7.1
2016 09 22 09 46 47 277.4  7.2
2016 09 22 09 47 15 284.0  7.0
2016 09 22 09 47 44 274.8  7.9
2016 09 22 09 48 14 277.4  8.1
2016 09 22 09 48 42 276.2  7.0
2016 09 22 09 49 10 278.4  7.6
2016 09 22 09 49 39 277.2  8.0
2016 09 22 09 50 07 277.5  7.1
2016 09 22 09 50 37 277.6  6.8
2016 09 22 09 51 05 277.6  7.5
2016 09 22 09 51 34 275.4  7.5
2016 09 22 09 52 02 276.4  7.5
2016 09 22 09 52 30 279.6  7.3
2016 09 22 09 52 59 284.5  8.8
2016 09 22 09 53 27 280.6  7.7
2016 09 22 09 53 56 283.0  7.7
2016 09 22 09 54 24 277.4  7.4
2016 09 22 09 54 52 281.6  8.0
2016 09 22 09 55 21 274.1  7.0
2016 09 22 09 55 49 278.2  7.4
2016 09 22 09 56 18 280.2  7.9
2016 09 22 09 56 48 275.1  7.5
2016 09 22 09 57 16 280.5  7.6
2016 09 22 09 57 44 277.9  8.2
2016 09 22 09 58 13 279.5  7.9
2016 09 22 09 58 41 276.3  7.6
2016 09 22 09 59 09 280.2  7.6
2016 09 22 09 59 38 275.7  7.6
2016 09 22 10 00 06 278.1  7.8
2016 09 22 10 00 34 278.0  7.3
2016 09 22 10 01 03 273.7  7.5
2016 09 22 10 01 31 274.8  6.8
2016 09 22 10 01 60 279.3  8.1
2016 09 22 10 02 28 275.6  7.9
2016 09 22 10 02 58 279.9  8.1
2016 09 22 10 03 27 276.8  8.2
2016 09 22 10 03 55 278.1  7.9
2016 09 22 10 04 24 277.2  7.4
2016 09 22 10 04 52 280.5  7.7
2016 09 22 10 05 20 279.4  7.7
2016 09 22 10 05 49 281.7  7.4
2016 09 22 10 06 17 274.6  7.4
2016 09 22 10 06 46 276.5  7.8
2016 09 22 10 07 15 280.6  7.6
2016 09 22 10 07 43 281.9  7.7
2016 09 22 10 08 11 274.4  7.4
2016 09 22 10 08 40 275.4  7.5
2016 09 22 10 09 10 278.2  7.4
2016 09 22 10 09 38 274.2  7.6
2016 09 22 10 10 07 276.8  7.5
2016 09 22 10 10 35 275.3  8.4
2016 09 22 10 11 04 274.1  7.7
2016 09 22 10 11 32 276.2  7.6
2016 09 22 10 12 01 278.5  7.6
2016 09 22 10 12 29 279.4  7.8
2016 09 22 10 12 58 276.0  7.6
2016 09 22 10 13 26 276.5  8.0
2016 09 22 10 13 54 275.1  7.5
2016 09 22 10 14 23 279.0  7.8
2016 09 22 10 14 53 283.1  7.7
2016 09 22 10 15 21 278.9  7.6
2016 09 22 10 15 50 280.3  7.3
2016 09 22 10 16 18 275.8  8.1
2016 09 22 10 16 47 274.7  8.2
2016 09 22 10 17 15 277.2  8.1
2016 09 22 10 17 43 275.1  8.4
2016 09 22 10 18 12 286.8  8.0
2016 09 22 10 18 40 279.3  8.4
2016 09 22 10 19 08 276.3  7.8
2016 09 22 10 19 37 278.0  8.1
2016 09 22 10 20 05 278.6  8.4
2016 09 22 10 20 34 275.8  8.1
2016 09 22 10 21 04 280.9  8.2
2016 09 22 10 21 32 278.2  8.4
2016 09 22 10 22 01 280.0  7.8
2016 09 22 10 22 29 282.3  8.5
2016 09 22 10 22 58 271.2  8.1
2016 09 22 10 23 26 275.9  7.9
2016 09 22 10 23 54 278.5  8.5
2016 09 22 10 24 23 285.4  9.0
2016 09 22 10 24 51 276.4  7.8
2016 09 22 10 25 19 283.5  8.8
2016 09 22 10 25 48 274.4  8.2
2016 09 22 10 26 16 276.7  8.6
2016 09 22 10 26 44 281.0  8.0
2016 09 22 10 27 15 275.3  8.2
2016 09 22 10 27 43 278.7  7.9
2016 09 22 10 28 11 274.9  7.7
2016 09 22 10 28 40 279.1  8.3
2016 09 22 10 29 08 276.0  7.7
2016 09 22 10 29 36 275.0  8.2
2016 09 22 10 30 05 277.8  8.3
2016 09 22 10 30 33 274.0  8.7
2016 09 22 10 31 02 284.6  8.1
2016 09 22 10 31 30 278.1  7.9
2016 09 22 10 31 58 280.3  8.1
2016 09 22 10 32 27 275.9  8.1
2016 09 22 10 32 55 280.0  8.1
2016 09 22 10 33 25 278.6  8.6
2016 09 22 10 33 54 275.9  9.3
2016 09 22 10 34 22 275.9  7.7
2016 09 22 10 34 51 273.3  8.4
2016 09 22 10 35 19 275.1  8.4
2016 09 22 10 35 47 279.6  9.2
2016 09 22 10 36 16 274.9  8.3
2016 09 22 10 36 44 280.2  8.9
2016 09 22 10 37 13 281.9  9.0
2016 09 22 10 37 41 277.3  8.3
2016 09 22 10 38 09 276.1  8.4
2016 09 22 10 38 38 273.1  8.6
2016 09 22 10 39 08 280.0  8.3
2016 09 22 10 39 36 275.7  8.3
2016 09 22 10 40 05 271.7  8.1
2016 09 22 10 40 33 274.6  8.5
2016 09 22 10 41 02 279.3  8.5
2016 09 22 10 41 30 274.7  8.4
2016 09 22 10 41 59 276.8  8.8
2016 09 22 10 42 27 277.1  8.4
2016 09 22 10 42 55 276.2  8.7
2016 09 22 10 43 24 276.9  8.2
2016 09 22 10 43 52 277.4  9.0
2016 09 22 10 44 20 278.4  8.9
2016 09 22 10 44 49 276.8  8.4
2016 09 22 10 45 19 282.5  8.5
2016 09 22 10 45 47 275.6  8.2
2016 09 22 10 46 16 279.3  8.5
2016 09 22 10 46 44 272.2  8.8
2016 09 22 10 47 13 276.3  8.3
2016 09 22 10 47 41 273.9  8.2
2016 09 22 10 48 09 280.0  8.5
2016 09 22 10 48 38 273.3  8.4
2016 09 22 10 49 06 277.3  7.9
2016 09 22 10 49 34 274.8  8.5
2016 09 22 10 50 03 279.8  8.9
2016 09 22 10 50 31 277.7  8.7
2016 09 22 10 50 60 275.4  8.4
2016 09 22 10 51 30 272.6  9.0
2016 09 22 10 51 58 279.8  8.9
2016 09 22 10 52 26 282.4  9.4
2016 09 22 10 52 55 273.4  8.4
2016 09 22 10 53 23 279.1  8.6
2016 09 22 10 53 52 278.2  9.5
2016 09 22 10 54 20 272.5  8.7
2016 09 22 10 54 48 277.1  8.5
2016 09 22 10 55 17 272.9  9.2
2016 09 22 10 55 45 277.0  8.8
2016 09 22 10 56 14 281.3  8.5
2016 09 22 10 56 42 278.3  9.1
2016 09 22 10 57 10 277.8  8.9
2016 09 22 10 57 41 273.1  8.6
2016 09 22 10 58 09 278.5  8.2
2016 09 22 10 58 37 278.1  8.8
2016 09 22 10 59 06 278.2  9.3
2016 09 22 10 59 34 279.5  9.0
2016 09 22 11 00 02 278.0  9.3
2016 09 22 11 00 31 275.7  9.0
2016 09 22 11 00 59 278.0  8.5
2016 09 22 11 01 28 272.3  8.9
2016 09 22 11 01 56 274.8  8.5
2016 09 22 11 02 25 274.4  8.9
2016 09 22 11 02 53 274.9  8.8
2016 09 22 11 03 23 274.9  8.3
2016 09 22 11 03 51 280.2  8.9
2016 09 22 11 04 20 276.4  8.7
2016 09 22 11 04 48 278.9  9.0
2016 09 22 11 05 17 276.9  8.9
2016 09 22 11 05 45 277.6  9.0
2016 09 22 11 06 13 275.4  8.9
2016 09 22 11 06 42 278.7  9.6
2016 09 22 11 07 10 278.5  8.8
2016 09 22 11 07 39 278.8  9.4
2016 09 22 11 08 07 276.7  8.2
2016 09 22 11 08 35 272.4  8.6
2016 09 22 11 09 04 278.3  8.9
2016 09 22 11 09 34 275.5  8.7
2016 09 22 11 10 02 274.2  9.1
2016 09 22 11 10 31 278.7  9.2
2016 09 22 11 10 59 276.1  8.7
2016 09 22 11 11 28 280.7  9.8
2016 09 22 11 11 57 280.6  9.3
2016 09 22 11 12 25 278.4  9.2
2016 09 22 11 12 54 276.6  8.8
2016 09 22 11 13 22 277.5  8.6
2016 09 22 11 13 50 277.0  9.2
2016 09 22 11 14 19 276.6  9.1
2016 09 22 11 14 47 278.4  8.9
2016 09 22 11 15 15 277.8  9.2
2016 09 22 11 15 46 281.4  9.8
2016 09 22 11 16 15 280.7  8.8
2016 09 22 11 16 43 276.1  8.8
2016 09 22 11 17 12 279.1  9.2
2016 09 22 11 17 40 275.9  9.0
2016 09 22 11 18 09 277.7  9.2
2016 09 22 11 18 37 275.1  9.3
2016 09 22 11 19 05 276.7  9.5
2016 09 22 11 19 34 277.3  9.0
2016 09 22 11 20 02 278.3  8.7
2016 09 22 11 20 31 276.9  8.6
2016 09 22 11 20 59 277.6  9.5
2016 09 22 11 21 28 268.9  8.9
2016 09 22 11 21 58 279.6  9.4
2016 09 22 11 22 26 274.6  8.7
2016 09 22 11 22 55 278.5  9.3
2016 09 22 11 23 23 274.6  9.0
2016 09 22 11 23 52 273.8  8.9
2016 09 22 11 24 20 275.2  9.3
2016 09 22 11 24 49 273.6  9.0
2016 09 22 11 25 17 274.0  9.0
2016 09 22 11 25 45 275.5  9.2
2016 09 22 11 26 14 280.1  9.3
2016 09 22 11 26 42 281.2  9.7
2016 09 22 11 27 11 274.1  9.3
2016 09 22 11 27 41 281.9  9.6
2016 09 22 11 28 09 275.1  9.2
2016 09 22 11 28 38 276.4  9.0
2016 09 22 11 29 06 276.7  9.7
2016 09 22 11 29 35 278.0  9.3
2016 09 22 11 30 04 275.9  9.3
2016 09 22 11 30 32 276.4  9.7
2016 09 22 11 31 00 277.9  9.6
2016 09 22 11 31 29 280.3  9.4
2016 09 22 11 31 57 276.3  9.6
2016 09 22 11 32 26 275.4  9.0
2016 09 22 11 32 54 273.8  9.2
2016 09 22 11 33 23 278.2  9.7
2016 09 22 11 33 53 280.6  9.2
2016 09 22 11 34 21 276.0  9.0
2016 09 22 11 34 49 276.9  9.8
2016 09 22 11 35 18 278.8  9.6
2016 09 22 11 35 46 275.4  9.0
2016 09 22 11 36 15 275.9  9.3
2016 09 22 11 36 43 278.3  9.4
2016 09 22 11 37 12 276.8  9.7
2016 09 22 11 37 40 278.8  9.1
2016 09 22 11 38 09 273.2  9.6
2016 09 22 11 38 37 276.6  9.2
2016 09 22 11 39 06 274.9  9.5
2016 09 22 11 39 34 276.6  9.3
2016 09 22 11 40 04 275.0 10.2
2016 09 22 11 40 33 280.8  9.1
2016 09 22 11 41 02 277.7  9.8
2016 09 22 11 41 30 274.0  9.1
2016 09 22 11 41 58 274.4  9.6
2016 09 22 11 42 27 279.0  9.5
2016 09 22 11 42 55 276.4  9.9
2016 09 22 11 43 24 275.6  9.3
2016 09 22 11 43 52 275.9  9.5
2016 09 22 11 44 21 273.8 10.1
2016 09 22 11 44 49 272.1  9.4
2016 09 22 11 45 17 279.1 10.2
2016 09 22 11 45 46 277.4  9.2
2016 09 22 11 46 16 278.9  9.7
2016 09 22 11 46 44 274.4  9.7
2016 09 22 11 47 13 276.7  9.4
2016 09 22 11 47 41 282.2  9.4
2016 09 22 11 48 10 279.4 10.1
2016 09 22 11 48 38 274.1  9.7
2016 09 22 11 49 07 278.0 10.0
2016 09 22 11 49 35 278.5  9.7
2016 09 22 11 50 04 276.6  9.1
2016 09 22 11 50 32 275.2  9.2
2016 09 22 11 51 00 279.7  9.7
2016 09 22 11 51 29 278.1 10.0
2016 09 22 11 51 59 280.1  9.1
2016 09 22 11 52 27 276.6 10.6
2016 09 22 11 52 56 279.4  9.8
2016 09 22 11 53 24 276.5  9.7
2016 09 22 11 53 53 279.9 10.0
2016 09 22 11 54 21 274.7  9.4
2016 09 22 11 54 49 275.0  9.5
2016 09 22 11 55 18 277.7 10.1
2016 09 22 11 55 46 281.0  9.5
2016 09 22 11 56 15 277.4  9.4
2016 09 22 11 56 43 278.5  9.5
2016 09 22 11 57 11 279.9  9.2
2016 09 22 11 57 40 282.6  9.9
2016 09 22 11 58 10 276.5  9.5
2016 09 22 11 58 38 276.6  9.4
2016 09 22 11 59 07 277.9  9.8
2016 09 22 11 59 35 275.8  9.3
2016 09 22 12 00 04 279.7 10.1
2016 09 22 12 00 32 279.6 10.2
2016 09 22 12 01 01 275.9  9.2
2016 09 22 12 01 29 277.8  9.8
2016 09 22 12 01 58 278.0 10.1
2016 09 22 12 02 26 282.1 10.0
2016 09 22 12 02 55 278.2  9.9
2016 09 22 12 03 23 278.3  9.6
2016 09 22 12 03 52 273.6  9.4
2016 09 22 12 04 22 277.0  9.5
2016 09 22 12 04 50 276.6  9.7
2016 09 22 12 05 19 271.8  9.6
2016 09 22 12 05 47 276.8 10.1
2016 09 22 12 06 16 275.7  9.6
2016 09 22 12 06 44 273.5  9.9
2016 09 22 12 07 13 280.0 10.1
2016 09 22 12 07 41 275.5  9.4
2016 09 22 12 08 10 282.7 10.5
2016 09 22 12 08 38 278.6 10.2
2016 09 22 12 09 07 278.8  9.4
2016 09 22 12 09 35 279.3  9.3
2016 09 22 12 10 04 278.0  9.7
2016 09 22 12 10 34 278.2  9.9
2016 09 22 12 11 03 274.2  9.7
2016 09 22 12 11 31 276.2  9.5
2016 09 22 12 11 60 278.6  9.8
2016 09 22 12 12 28 279.7  9.5
2016 09 22 12 12 57 276.1 10.0
2016 09 22 12 13 25 277.1  9.9
2016 09 22 12 13 53 275.7  9.9
2016 09 22 12 14 22 279.2 10.2
2016 09 22 12 14 50 275.7 10.0
2016 09 22 12 15 19 277.3 10.4
2016 09 22 12 15 47 277.6  9.5
2016 09 22 12 16 18 277.8  9.4
2016 09 22 12 16 46 277.4  9.8
2016 09 22 12 17 15 272.7 10.0
2016 09 22 12 17 43 278.7 10.0
2016 09 22 12 18 12 279.2  9.7
2016 09 22 12 18 40 277.6  9.9
2016 09 22 12 19 08 281.4  9.5
2016 09 22 12 19 37 278.1  9.8
2016 09 22 12 20 05 279.4  9.8
2016 09 22 12 20 34 278.9  9.4
2016 09 22 12 21 02 273.8  9.5
2016 09 22 12 21 31 280.0 10.2
2016 09 22 12 21 59 278.0  9.8
2016 09 22 12 22 30 279.1 10.0
2016 09 22 12 22 58 273.7  9.4
2016 09 22 12 23 27 281.8 10.4
2016 09 22 12 23 55 282.0 10.0
2016 09 22 12 24 24 273.5  9.5
2016 09 22 12 24 52 276.9 10.2
2016 09 22 12 25 21 280.6  9.9
2016 09 22 12 25 49 280.9  9.9
2016 09 22 12 26 18 275.7  9.9
2016 09 22 12 26 46 276.0  9.6
2016 09 22 12 27 14 273.3 10.0
2016 09 22 12 27 43 275.1  9.7
2016 09 22 12 28 11 276.5 10.0
2016 09 22 12 28 41 276.5 10.5
2016 09 22 12 29 10 276.7 10.3
2016 09 22 12 29 39 282.4 10.1
2016 09 22 12 30 07 281.4  9.9
2016 09 22 12 30 35 275.4 10.0
2016 09 22 12 31 04 278.0  9.6
2016 09 22 12 31 32 277.9  9.7
2016 09 22 12 32 01 275.3 10.1
2016 09 22 12 32 30 281.3 10.2
2016 09 22 12 32 58 277.3 10.2
2016 09 22 12 33 26 279.9 10.2
2016 09 22 12 33 55 282.0 10.2
2016 09 22 12 34 23 275.0 10.3
2016 09 22 12 34 54 278.7 10.1
2016 09 22 12 35 22 278.9  9.8
2016 09 22 12 35 50 278.9 10.2
2016 09 22 12 36 19 277.2 10.0
2016 09 22 12 36 47 279.9  9.9
2016 09 22 12 37 16 278.4  9.8
2016 09 22 12 37 44 271.3  9.9
2016 09 22 12 38 13 273.7 10.5
2016 09 22 12 38 41 277.1 10.3
2016 09 22 12 39 10 276.8 10.2
2016 09 22 12 39 38 276.6  9.7
2016 09 22 12 40 07 279.1 10.3
2016 09 22 12 40 37 274.3  9.8
2016 09 22 12 41 05 279.2 10.3
2016 09 22 12 41 34 277.4 10.1
2016 09 22 12 42 02 278.1 10.2
2016 09 22 12 42 31 275.6  9.9
2016 09 22 12 42 60 277.0  9.9
2016 09 22 12 43 28 277.6 10.2
2016 09 22 12 43 57 275.6 10.2
2016 09 22 12 44 25 281.1 10.6
2016 09 22 12 44 54 278.5  9.9
2016 09 22 12 45 22 278.0  9.9
2016 09 22 12 45 51 275.9 10.0
2016 09 22 12 46 19 280.3 10.3
2016 09 22 12 46 49 282.6  9.8
2016 09 22 12 47 18 279.9 10.5
2016 09 22 12 47 46 278.6 10.6
2016 09 22 12 48 15 277.1  9.4
2016 09 22 12 48 44 275.1  9.3
2016 09 22 12 49 12 276.9  9.7
2016 09 22 12 49 41 276.2 10.6
2016 09 22 12 50 09 278.4  9.6
2016 09 22 12 50 38 275.1  9.9
2016 09 22 12 51 06 285.9 11.3
2016 09 22 12 51 35 281.0 10.4
2016 09 22 12 52 03 279.2  9.9
2016 09 22 12 52 32 282.3 10.2
2016 09 22 12 53 02 275.4 10.1
2016 09 22 12 53 31 279.0 10.8
2016 09 22 12 53 59 281.9 10.0
2016 09 22 12 54 28 278.6 10.5
2016 09 22 12 54 56 277.1 10.1
2016 09 22 12 55 25 279.4 10.0
2016 09 22 12 55 54 279.8 10.1
2016 09 22 12 56 22 276.6 10.1
2016 09 22 12 56 51 280.0 10.0
2016 09 22 12 57 19 279.9 10.4
2016 09 22 12 57 47 279.0  9.9
2016 09 22 12 58 16 283.9 10.5
2016 09 22 12 58 44 275.1  9.9
2016 09 22 12 59 15 279.7  9.6
2016 09 22 12 59 43 277.0 10.7
2016 09 22 13 00 12 277.7 10.4
2016 09 22 13 00 40 273.2 10.0
2016 09 22 13 01 08 278.0 10.1
2016 09 22 13 01 38 282.0 10.5
2016 09 22 13 02 06 284.4 10.1
2016 09 22 13 02 35 280.3 10.2
2016 09 22 13 03 03 276.1 10.2
2016 09 22 13 03 32 283.1  9.9
2016 09 22 13 04 00 278.0 10.0
2016 09 22 13 04 29 277.2 10.3
2016 09 22 13 04 59 276.4 10.1
2016 09 22 13 05 27 282.4 10.2
2016 09 22 13 05 56 276.4  9.9
2016 09 22 13 06 24 278.0 10.2
2016 09 22 13 06 53 277.7  9.7
2016 09 22 13 07 21 277.2  9.6
2016 09 22 13 07 50 273.8  9.8
2016 09 22 13 08 18 277.2 10.2
2016 09 22 13 08 47 280.2 10.0
2016 09 22 13 09 15 282.9 10.1
2016 09 22 13 09 44 282.3 10.4
2016 09 22 13 10 12 277.3 10.6
2016 09 22 13 10 41 281.4 10.0
2016 09 22 13 11 11 280.7 10.7
2016 09 22 13 11 39 282.7 10.1
2016 09 22 13 12 08 276.8  9.8
2016 09 22 13 12 36 272.9 10.5
2016 09 22 13 13 05 281.0 10.2
2016 09 22 13 13 34 278.3 10.0
2016 09 22 13 14 02 278.9  9.4
2016 09 22 13 14 30 279.1  9.9
2016 09 22 13 14 59 278.2  9.8
2016 09 22 13 15 27 278.9  9.9
2016 09 22 13 15 56 278.4 10.1
2016 09 22 13 16 24 276.2  9.4
2016 09 22 13 16 53 277.6  9.6
2016 09 22 13 17 24 278.6 10.3
2016 09 22 13 17 52 280.3 10.1
2016 09 22 13 18 21 281.6 10.1
2016 09 22 13 18 49 277.9 10.5
2016 09 22 13 19 18 275.5 10.7
2016 09 22 13 19 46 282.6 10.3
2016 09 22 13 20 15 280.4 10.0
2016 09 22 13 20 43 276.6  9.8
2016 09 22 13 21 11 280.1 10.2
2016 09 22 13 21 40 279.0 10.4
2016 09 22 13 22 08 280.4  9.7
2016 09 22 13 22 37 277.5 10.6
2016 09 22 13 23 05 278.1 10.2
2016 09 22 13 23 36 277.5 10.2
2016 09 22 13 24 04 279.1 10.2
2016 09 22 13 24 33 277.9 10.4
2016 09 22 13 25 01 279.8 10.1
2016 09 22 13 25 30 278.6 10.1
2016 09 22 13 25 59 281.5 10.9
2016 09 22 13 26 28 282.3 10.3
2016 09 22 13 26 56 279.4 10.1
2016 09 22 13 27 25 279.5 10.2
2016 09 22 13 27 53 277.0  9.9
2016 09 22 13 28 22 283.3  9.9
2016 09 22 13 28 50 277.3  9.5
2016 09 22 13 29 21 278.7  9.8
2016 09 22 13 29 49 275.6  9.9
2016 09 22 13 30 18 277.6 10.0
2016 09 22 13 30 46 282.3 10.5
2016 09 22 13 31 15 275.2  9.4
2016 09 22 13 31 43 278.5  9.8
2016 09 22 13 32 13 280.8 10.3
2016 09 22 13 32 42 277.7  9.4
2016 09 22 13 33 10 278.3 10.1
2016 09 22 13 33 40 279.2 10.3
2016 09 22 13 34 08 279.5  9.7
2016 09 22 13 34 37 280.7 10.1
2016 09 22 13 35 06 281.0 10.2
2016 09 22 13 35 36 274.8 10.2
2016 09 22 13 36 04 276.7 10.6
2016 09 22 13 36 33 275.0 10.1
2016 09 22 13 37 02 277.9 10.5
2016 09 22 13 37 30 278.2 10.7
2016 09 22 13 37 58 272.5  9.8
2016 09 22 13 38 27 278.2  9.5
2016 09 22 13 38 55 277.3 10.1
2016 09 22 13 39 24 284.4 10.0
2016 09 22 13 39 52 274.3  9.2
2016 09 22 13 40 21 281.8 10.9
2016 09 22 13 40 49 280.3  9.4
2016 09 22 13 41 18 275.2 10.1
2016 09 22 13 41 48 281.1  9.8
2016 09 22 13 42 17 278.0 10.0
2016 09 22 13 42 45 275.6  9.8
2016 09 22 13 43 14 275.8  9.7
2016 09 22 13 43 42 281.6 10.1
2016 09 22 13 44 11 278.0 10.5
2016 09 22 13 44 39 275.6  9.8
2016 09 22 13 45 08 276.8  9.8
2016 09 22 13 45 36 277.1 10.0
2016 09 22 13 46 05 280.0  9.7
2016 09 22 13 46 33 278.5  9.9
2016 09 22 13 47 02 277.0 10.1
2016 09 22 13 47 30 278.0  9.8
2016 09 22 13 48 01 277.8  9.9
2016 09 22 13 48 29 279.6 10.1
2016 09 22 13 48 58 281.4  9.9
2016 09 22 13 49 26 280.8  9.7
2016 09 22 13 49 55 282.4 10.1
2016 09 22 13 50 23 283.5 10.2
2016 09 22 13 50 52 281.8 10.4
2016 09 22 13 51 20 276.2  9.7
2016 09 22 13 51 49 279.4  9.8
2016 09 22 13 52 18 275.9  9.9
2016 09 22 13 52 46 277.0  9.8
2016 09 22 13 53 15 281.2  9.9
2016 09 22 13 53 45 279.0 10.6
2016 09 22 13 54 13 277.1 10.1
2016 09 22 13 54 42 279.2  9.7
2016 09 22 13 55 10 276.6 10.1
2016 09 22 13 55 39 277.1 10.0
2016 09 22 13 56 08 279.9  9.6
2016 09 22 13 56 36 282.1  9.5
2016 09 22 13 57 05 273.6  9.9
2016 09 22 13 57 33 279.6  9.8
2016 09 22 13 58 02 281.1  9.9
2016 09 22 13 58 30 277.1  9.3
2016 09 22 13 58 59 272.8  9.8
2016 09 22 13 59 27 281.7  9.7
2016 09 22 13 59 58 283.0 10.0
2016 09 22 14 00 26 281.5  9.9
2016 09 22 14 00 55 278.1  9.4
2016 09 22 14 01 23 279.5  9.5
2016 09 22 14 01 52 276.5  9.8
2016 09 22 14 02 20 275.9  9.4
2016 09 22 14 02 49 282.7 10.0
2016 09 22 14 03 17 281.6  9.8
2016 09 22 14 03 46 279.9  9.4
2016 09 22 14 04 14 279.1  9.7
2016 09 22 14 04 43 278.4  9.8
2016 09 22 14 05 11 279.9 10.2
2016 09 22 14 05 40 278.5  9.4
2016 09 22 14 06 10 273.3  9.5
2016 09 22 14 06 39 278.7  9.4
2016 09 22 14 07 07 276.0  9.6
2016 09 22 14 07 36 279.7 10.1
2016 09 22 14 08 05 281.7  9.6
2016 09 22 14 08 33 282.7 10.1
2016 09 22 14 09 02 276.1  9.5
2016 09 22 14 09 30 279.4 10.2
2016 09 22 14 09 59 276.7  9.5
2016 09 22 14 10 27 278.4  9.6
2016 09 22 14 10 56 281.3  9.6
2016 09 22 14 11 24 280.9 10.1
2016 09 22 14 11 53 278.1 10.5
2016 09 22 14 12 23 272.7  9.6
2016 09 22 14 12 51 280.3  9.4
2016 09 22 14 13 20 279.2  9.2
2016 09 22 14 13 48 278.4  9.8
2016 09 22 14 14 17 283.1  9.8
2016 09 22 14 14 45 280.3  9.8
2016 09 22 14 15 14 278.2  9.5
2016 09 22 14 15 42 285.4 10.0
2016 09 22 14 16 11 278.2 10.0
2016 09 22 14 16 39 276.5 10.6
2016 09 22 14 17 08 274.2  9.3
2016 09 22 14 17 36 276.2  9.5
2016 09 22 14 18 07 278.6  9.4
2016 09 22 14 18 35 282.4  9.7
2016 09 22 14 19 04 278.6  9.6
2016 09 22 14 19 32 279.6  9.8
2016 09 22 14 20 01 278.7 10.1
2016 09 22 14 20 30 281.1  9.9
2016 09 22 14 20 58 281.4  9.5
2016 09 22 14 21 27 279.8  9.2
2016 09 22 14 21 56 283.1  9.9
2016 09 22 14 22 24 280.9  9.7
2016 09 22 14 22 53 276.8  9.3
2016 09 22 14 23 21 280.5  9.9
2016 09 22 14 23 50 275.0  8.8
2016 09 22 14 24 20 278.0  9.6
2016 09 22 14 24 48 279.9  9.4
2016 09 22 14 25 17 278.2  9.3
2016 09 22 14 25 45 278.4  9.2
2016 09 22 14 26 14 278.3  9.1
2016 09 22 14 26 43 278.5  9.4
2016 09 22 14 27 11 273.6  9.7
2016 09 22 14 27 40 281.5  9.9
2016 09 22 14 28 08 282.6  9.5
2016 09 22 14 28 38 280.6  9.0
2016 09 22 14 29 06 278.7  9.6
2016 09 22 14 29 35 284.0 10.0
2016 09 22 14 30 03 284.6  9.8
2016 09 22 14 30 34 284.2  9.3
2016 09 22 14 31 02 282.3 10.1
2016 09 22 14 31 31 280.0  9.2
2016 09 22 14 31 60 278.8  8.9
2016 09 22 14 32 28 278.8  9.5
2016 09 22 14 32 57 278.2  9.4
2016 09 22 14 33 25 277.9 10.2
2016 09 22 14 33 54 282.4  9.6
2016 09 22 14 34 22 282.1  9.6
2016 09 22 14 34 51 281.9  9.6
2016 09 22 14 35 20 279.8  9.5
2016 09 22 14 35 48 274.3  9.1
2016 09 22 14 36 17 281.8  9.5
2016 09 22 14 36 47 276.7  9.3
2016 09 22 14 37 15 284.6  9.9
2016 09 22 14 37 44 281.0  9.1
2016 09 22 14 38 12 277.6  9.0
2016 09 22 14 38 41 279.6  9.3
2016 09 22 14 39 09 283.7  9.1
2016 09 22 14 39 38 279.8  9.3
2016 09 22 14 40 07 279.0  9.1
2016 09 22 14 40 35 277.5  9.2
2016 09 22 14 41 04 281.8  9.5
2016 09 22 14 41 32 280.2  9.6
2016 09 22 14 42 01 279.6  8.8
2016 09 22 14 42 31 277.7  9.4
2016 09 22 14 42 60 273.4  9.5
2016 09 22 14 43 28 282.8  9.3
2016 09 22 14 43 58 283.6  9.3
2016 09 22 14 44 26 279.8  9.1
2016 09 22 14 44 55 280.0  9.3
2016 09 22 14 45 23 282.5  9.2
2016 09 22 14 45 52 283.0  9.7
2016 09 22 14 46 20 280.6  8.9
2016 09 22 14 46 49 283.5  9.9
2016 09 22 14 47 18 281.5  9.4
2016 09 22 14 47 46 281.3  8.9
2016 09 22 14 48 15 279.0  9.1
2016 09 22 14 48 45 279.9  8.8
2016 09 22 14 49 13 280.4  9.3
2016 09 22 14 49 42 283.8  9.1
2016 09 22 14 50 10 277.7  9.0
2016 09 22 14 50 39 282.0  9.0
2016 09 22 14 51 08 281.0  9.3
2016 09 22 14 51 36 277.0  8.9
2016 09 22 14 52 05 275.8  9.2
2016 09 22 14 52 34 280.0  8.6
2016 09 22 14 53 02 281.6  9.0
2016 09 22 14 53 31 282.1  8.9
2016 09 22 14 53 59 281.1  9.4
2016 09 22 14 54 28 279.3  8.8
2016 09 22 14 54 58 277.8  9.6
2016 09 22 14 55 27 276.9  8.6
2016 09 22 14 55 55 280.3  8.9
2016 09 22 14 56 24 284.3  9.6
2016 09 22 14 56 52 275.7  8.9
2016 09 22 14 57 21 280.0  9.2
2016 09 22 14 57 50 280.3  8.6
2016 09 22 14 58 18 283.3  9.1
2016 09 22 14 58 47 275.8  9.3
2016 09 22 14 59 15 283.1  8.7
2016 09 22 14 59 44 278.1  8.9
2016 09 22 15 00 13 281.3  9.0
2016 09 22 15 00 42 281.3  8.7
2016 09 22 15 01 12 275.9  9.0
2016 09 22 15 01 40 282.4  8.8
2016 09 22 15 02 09 278.2  8.7
2016 09 22 15 02 37 283.3  9.8
2016 09 22 15 03 06 276.9  8.4
2016 09 22 15 03 35 282.5  9.2
2016 09 22 15 04 03 285.6  9.0
2016 09 22 15 04 32 277.7  8.3
2016 09 22 15 05 00 279.8  8.9
2016 09 22 15 05 29 281.4  9.0
2016 09 22 15 05 57 281.0  8.1
2016 09 22 15 06 26 276.8  8.7
2016 09 22 15 06 56 283.8  8.8
2016 09 22 15 07 25 274.3  8.3
2016 09 22 15 07 54 280.5  8.9
2016 09 22 15 08 22 280.2  8.4
2016 09 22 15 08 51 282.2  9.7
2016 09 22 15 09 19 281.1  9.3
2016 09 22 15 09 48 283.9  9.2
2016 09 22 15 10 17 279.4  8.3
2016 09 22 15 10 45 277.6  8.3
2016 09 22 15 11 14 281.9  9.1
2016 09 22 15 11 42 281.5  9.0
2016 09 22 15 12 11 278.3  9.0
2016 09 22 15 12 40 282.9  8.7
2016 09 22 15 13 10 276.8  8.5
2016 09 22 15 13 38 278.0  8.2
2016 09 22 15 14 07 275.4  8.7
2016 09 22 15 14 36 277.4  8.4
2016 09 22 15 15 04 281.7  8.4
2016 09 22 15 15 33 281.5  8.7
2016 09 22 15 16 01 280.7  8.5
2016 09 22 15 16 30 280.4  8.6
2016 09 22 15 16 59 284.2  9.1
2016 09 22 15 17 28 280.4  8.1
2016 09 22 15 17 57 274.8  9.0
2016 09 22 15 18 26 276.6  8.7
2016 09 22 15 18 54 278.8  8.5
2016 09 22 15 19 24 281.6  9.1
2016 09 22 15 19 53 280.1  8.8
2016 09 22 15 20 22 272.4  8.0
2016 09 22 15 20 50 286.3  8.7
2016 09 22 15 21 19 276.5  7.8
2016 09 22 15 21 47 277.5  8.4
2016 09 22 15 22 16 282.5  9.1
2016 09 22 15 22 44 281.9  8.6
2016 09 22 15 23 13 283.5  8.6
2016 09 22 15 23 41 276.9  8.7
2016 09 22 15 24 10 276.2  8.4
2016 09 22 15 24 39 277.6  8.5
2016 09 22 15 25 07 281.7  8.7
2016 09 22 15 25 37 277.7  9.1
2016 09 22 15 26 06 276.7  8.1
2016 09 22 15 26 35 281.8  8.9
2016 09 22 15 27 03 275.2  8.9
2016 09 22 15 27 32 277.8  8.0
2016 09 22 15 28 01 283.3  8.8
2016 09 22 15 28 29 271.8  8.3
2016 09 22 15 28 58 277.0  7.9
2016 09 22 15 29 26 283.8  8.3
2016 09 22 15 29 56 281.9  8.5
2016 09 22 15 30 25 281.8  8.3
2016 09 22 15 30 54 279.3  8.9
2016 09 22 15 31 24 272.9  8.1
2016 09 22 15 31 53 280.1  9.2
2016 09 22 15 32 22 273.7  8.2
2016 09 22 15 32 50 284.1  8.2
2016 09 22 15 33 19 285.5  8.2
2016 09 22 15 33 47 283.2  8.7
2016 09 22 15 34 16 279.7  8.1
2016 09 22 15 34 45 280.8  8.5
2016 09 22 15 35 13 275.6  8.5
2016 09 22 15 35 42 277.0  8.6
2016 09 22 15 36 10 276.6  8.2
2016 09 22 15 36 39 280.5  8.7
2016 09 22 15 37 07 284.8  8.8
2016 09 22 15 37 38 275.1  8.0
2016 09 22 15 38 07 278.9  8.2
2016 09 22 15 38 35 282.2  7.9
2016 09 22 15 39 04 278.6  7.6
2016 09 22 15 39 32 281.2  8.4
2016 09 22 15 40 01 276.3  8.6
2016 09 22 15 40 30 282.5  8.7
2016 09 22 15 40 58 278.3  7.9
2016 09 22 15 41 27 280.2  8.2
2016 09 22 15 41 56 282.5  8.4
2016 09 22 15 42 24 283.4  8.2
2016 09 22 15 42 53 278.4  8.0
2016 09 22 15 43 21 283.5  8.3
2016 09 22 15 43 51 276.5  8.0
2016 09 22 15 44 20 281.5  8.0
2016 09 22 15 44 49 283.9  9.4
2016 09 22 15 45 18 282.4  8.1
2016 09 22 15 45 46 280.9  7.9
2016 09 22 15 46 15 277.2  7.4
2016 09 22 15 46 43 284.1  8.3
2016 09 22 15 47 12 282.3  8.6
2016 09 22 15 47 41 285.7  8.3
2016 09 22 15 48 10 284.4  7.9
2016 09 22 15 48 38 284.7  8.2
2016 09 22 15 49 07 276.7  8.0
2016 09 22 15 49 35 278.0  7.5
2016 09 22 15 50 06 283.2  7.9
2016 09 22 15 50 34 281.9  7.3
2016 09 22 15 51 03 278.1  7.4
2016 09 22 15 51 31 278.1  7.6
2016 09 22 15 52 00 278.7  8.6
2016 09 22 15 52 29 275.6  7.7
2016 09 22 15 52 57 281.0  7.4
2016 09 22 15 53 26 280.9  8.3
2016 09 22 15 53 54 286.5  8.3
2016 09 22 15 54 23 283.1  7.7
2016 09 22 15 54 52 280.0  8.0
2016 09 22 15 55 20 280.1  7.8
2016 09 22 15 55 50 280.5  8.1
2016 09 22 15 56 19 280.5  7.6
2016 09 22 15 56 47 283.4  7.5
2016 09 22 15 57 16 283.0  7.9
2016 09 22 15 57 45 277.5  7.4
2016 09 22 15 58 13 276.6  7.4
2016 09 22 15 58 42 277.5  8.6
2016 09 22 15 59 10 285.4  7.1
2016 09 22 15 59 39 277.5  7.6
2016 09 22 16 00 08 275.3  7.8
2016 09 22 16 00 36 277.7  7.6
2016 09 22 16 01 05 275.6  7.1
2016 09 22 16 01 34 281.3  7.4
2016 09 22 16 02 04 286.1  7.7
2016 09 22 16 02 33 283.5  7.9
2016 09 22 16 03 01 276.2  6.9
2016 09 22 16 03 30 274.7  7.5
2016 09 22 16 03 58 288.4  7.8
2016 09 22 16 04 27 279.8  7.9
2016 09 22 16 04 56 279.5  7.8
2016 09 22 16 05 25 283.2  7.4
2016 09 22 16 05 53 274.2  7.5
2016 09 22 16 06 22 280.2  7.6
2016 09 22 16 06 50 275.1  7.3
2016 09 22 16 07 19 283.2  7.7
2016 09 22 16 07 48 281.7  7.2
2016 09 22 16 08 18 277.0  7.6
2016 09 22 16 08 47 276.6  8.0
2016 09 22 16 09 16 278.7  7.0
2016 09 22 16 09 44 277.4  7.1
2016 09 22 16 10 13 280.3  7.6
2016 09 22 16 10 42 283.7  7.4
2016 09 22 16 11 10 286.5  7.7
2016 09 22 16 11 39 277.9  8.1
2016 09 22 16 12 08 281.4  7.7
2016 09 22 16 12 36 273.9  7.0
2016 09 22 16 13 05 283.4  7.2
2016 09 22 16 13 33 275.6  8.3
2016 09 22 16 14 02 277.4  6.9
2016 09 22 16 14 34 279.6  7.2
2016 09 22 16 15 03 280.0  6.9
2016 09 22 16 15 32 279.3  7.4
2016 09 22 16 16 01 278.7  7.2
2016 09 22 16 16 30 288.5  7.5
2016 09 22 16 16 58 280.4  7.5
2016 09 22 16 17 27 282.3  7.1
2016 09 22 16 17 55 277.0  7.2
2016 09 22 16 18 24 275.7  7.3
2016 09 22 16 18 53 275.0  7.5
2016 09 22 16 19 21 277.2  7.2
2016 09 22 16 19 50 281.8  7.4
2016 09 22 16 20 20 275.0  7.1
2016 09 22 16 20 49 276.3  6.9
2016 09 22 16 21 19 271.4  7.4
2016 09 22 16 21 47 291.9  7.7
2016 09 22 16 22 16 281.5  8.2
2016 09 22 16 22 44 289.5  7.1
2016 09 22 16 23 13 287.8  7.2
2016 09 22 16 23 42 282.0  6.9
2016 09 22 16 24 10 290.2  6.7
2016 09 22 16 24 39 284.6  7.8
2016 09 22 16 25 08 284.5  6.6
2016 09 22 16 25 36 280.6  7.5
2016 09 22 16 26 05 278.6  6.3
2016 09 22 16 26 35 278.8  8.0
2016 09 22 16 27 04 278.4  7.1
2016 09 22 16 27 32 279.7  6.9
2016 09 22 16 28 01 299.0  9.5
2016 09 22 16 28 30 290.5  9.1
2016 09 22 16 28 58 299.2 10.3
2016 09 22 16 29 27 279.6  7.1
2016 09 22 16 29 56 277.8  7.5
2016 09 22 16 30 24 273.5  7.2
2016 09 22 16 30 54 289.6  7.4
2016 09 22 16 31 22 282.9  6.9
2016 09 22 16 31 51 283.6  7.0
2016 09 22 16 32 20 281.1  7.9
2016 09 22 16 32 50 277.9  7.0
2016 09 22 16 33 19 298.9  8.3
2016 09 22 16 33 47 273.2  7.0
2016 09 22 16 34 16 291.7  7.2
2016 09 22 16 34 44 292.6  8.0
2016 09 22 16 35 13 279.5  7.4
2016 09 22 16 35 42 284.2  8.0
2016 09 22 16 36 10 282.0  7.2
2016 09 22 16 36 39 290.3  7.5
2016 09 22 16 37 07 287.1  7.7
2016 09 22 16 37 36 264.8  6.7
2016 09 22 16 38 05 281.3  6.6
2016 09 22 16 38 34 278.6  7.1
2016 09 22 16 39 04 290.8  8.1
2016 09 22 16 39 33 275.7  7.8
2016 09 22 16 40 01 283.9  7.1
2016 09 22 16 40 30 277.9  7.0
2016 09 22 16 40 58 282.0  8.0
2016 09 22 16 41 27 273.0  6.7
2016 09 22 16 41 56 280.2  7.2
2016 09 22 16 42 24 282.6  7.0
2016 09 22 16 42 53 277.6  7.5
2016 09 22 16 43 22 283.8  7.3
2016 09 22 16 43 50 294.7  8.6
2016 09 22 16 44 19 278.6  6.5
2016 09 22 16 44 49 290.6  7.4
2016 09 22 16 45 18 288.0  7.9
2016 09 22 16 45 46 288.8  7.2
2016 09 22 16 46 15 281.2  7.6
2016 09 22 16 46 44 285.2  7.3
2016 09 22 16 47 12 278.7  6.6
2016 09 22 16 47 41 289.3  6.9
2016 09 22 16 48 10 280.6  8.0
2016 09 22 16 48 38 286.3  6.3
2016 09 22 16 49 07 298.4  8.2
2016 09 22 16 49 36 279.9  6.6
2016 09 22 16 50 04 277.9  7.0
2016 09 22 16 50 33 283.7  7.6
2016 09 22 16 51 04 286.5  8.0
2016 09 22 16 51 32 271.7  7.5
2016 09 22 16 52 02 275.7  7.0
2016 09 22 16 52 30 279.2  7.0
2016 09 22 16 52 59 292.2  8.1
2016 09 22 16 53 28 288.6  7.1
2016 09 22 16 53 56 279.7  7.1
2016 09 22 16 54 25 274.4  6.5
2016 09 22 16 54 53 290.5  7.3
2016 09 22 16 55 22 290.8  6.6
2016 09 22 16 55 51 282.5  6.7
2016 09 22 16 56 20 289.8  7.3
2016 09 22 16 56 48 302.1 10.8
2016 09 22 16 57 19 281.9  7.2
2016 09 22 16 57 47 278.3  7.6
2016 09 22 16 58 20 283.0  7.7
2016 09 22 16 58 49 298.6  8.2
2016 09 22 16 59 18 305.9  7.8
2016 09 22 16 59 46 285.7  7.4
2016 09 22 17 00 15 287.7  9.5
2016 09 22 17 00 44 283.7  8.4
2016 09 22 17 01 12 298.2  8.6
2016 09 22 17 01 41 284.4  7.9
2016 09 22 17 02 09 289.9  7.3
2016 09 22 17 02 38 283.6  8.1
2016 09 22 17 03 07 312.8 11.4
2016 09 22 17 04 06 272.8  7.5
2016 09 22 17 04 34 280.8  8.6
2016 09 22 17 05 03 285.2  8.6
2016 09 22 17 05 31 293.6 10.2
2016 09 22 17 06 00 281.7  9.0
2016 09 22 17 06 29 284.3  8.0
2016 09 22 17 06 58 318.3 11.3
2016 09 22 17 07 26 276.3  8.0
2016 09 22 17 07 56 281.8  6.3
2016 09 22 17 08 54 286.4  7.9
2016 09 22 17 09 24 302.6  9.2
2016 09 22 17 09 53 288.4 10.2
2016 09 22 17 10 22 266.3  7.7
2016 09 22 17 10 50 281.1  9.0
2016 09 22 17 11 47 300.3 10.8
2016 09 22 17 12 45 289.9  8.0
2016 09 22 17 13 14 259.9  8.4
2016 09 22 17 14 40 272.3 10.1
2016 09 22 17 15 09 312.5 11.1
2016 09 22 17 16 08 288.4 10.2
2016 09 22 17 16 37 281.3  8.9
2016 09 22 17 17 34 277.0  8.4
2016 09 22 17 18 03 287.2 10.1
2016 09 22 17 19 00 291.2 11.0
2016 09 22 17 19 57 293.5 10.4
2016 09 22 17 20 26 272.1 10.0
2016 09 22 17 21 24 284.2 11.3
2016 09 22 17 21 54 293.9 11.1
2016 09 22 17 25 15 271.0 11.6
