%AVODOR ozone retrieval from direct irradiance
%4 8 2017 Luca Egli (Format: Date/Time, TO3, Crit.) range: 305 -340 nm, with wl-shift
%Using Ozonesonde ozonsonde/ozonesonde_16092111.24Z.csv
%Effective ozone temperature 229.1 K
%Effective ozone height 24.5 km 
%Using ozone x-sections bremen
2016 09 25 08 36 02 274.3  8.6
2016 09 25 08 37 27 293.2 11.7
2016 09 25 08 38 59 280.6 10.2
2016 09 25 08 39 28 274.8 10.1
2016 09 25 08 41 21 266.9  9.4
2016 09 25 08 41 49 293.1 11.4
2016 09 25 08 43 14 304.6 10.4
2016 09 25 08 44 11 284.2  8.5
2016 09 25 08 44 39 288.2 10.0
2016 09 25 08 45 09 303.6 11.0
2016 09 25 08 46 06 282.1  9.0
2016 09 25 08 46 34 318.5 11.6
2016 09 25 08 47 03 268.3  7.4
2016 09 25 08 47 59 290.3  9.6
2016 09 25 08 48 28 284.2  8.1
2016 09 25 08 48 56 290.8  8.3
2016 09 25 08 49 24 280.7  9.1
2016 09 25 08 50 21 293.8  9.0
2016 09 25 08 50 49 304.9  9.2
2016 09 25 08 51 19 280.8  8.5
2016 09 25 08 51 47 288.6  8.0
2016 09 25 08 52 16 300.2  9.3
2016 09 25 08 52 44 288.2  8.2
2016 09 25 08 53 12 272.6  7.3
2016 09 25 08 53 41 295.9  9.1
2016 09 25 08 54 09 292.3  7.2
2016 09 25 08 54 37 283.9  7.1
2016 09 25 08 55 06 292.2  7.9
2016 09 25 08 55 34 268.3  7.7
2016 09 25 08 56 02 271.9  7.2
2016 09 25 08 56 31 282.0  9.6
2016 09 25 08 57 00 297.2  7.4
2016 09 25 08 57 29 285.6  7.4
2016 09 25 08 57 57 280.7  9.8
2016 09 25 08 58 25 265.7  7.4
2016 09 25 08 58 54 269.8  8.5
2016 09 25 08 59 22 276.8  6.7
2016 09 25 08 59 50 279.8  8.5
2016 09 25 09 00 19 301.6  9.2
2016 09 25 09 00 47 281.2  6.2
2016 09 25 09 01 15 282.3  8.1
2016 09 25 09 01 44 268.0  7.3
2016 09 25 09 02 17 288.7  9.1
2016 09 25 09 02 45 291.1  8.5
2016 09 25 09 03 15 278.5  6.9
2016 09 25 09 03 44 261.5  7.3
2016 09 25 09 04 12 293.7  9.1
2016 09 25 09 04 40 274.8  6.6
2016 09 25 09 05 09 289.2  7.6
2016 09 25 09 05 37 269.3  6.7
2016 09 25 09 06 05 264.7  7.1
2016 09 25 09 06 34 283.4  7.4
2016 09 25 09 07 02 283.1  7.5
2016 09 25 09 07 30 279.4  5.7
2016 09 25 09 07 59 275.5  6.0
2016 09 25 09 08 27 278.9  7.2
2016 09 25 09 08 55 286.4  7.3
2016 09 25 09 09 25 266.6  6.5
2016 09 25 09 09 54 277.8  7.1
2016 09 25 09 10 22 269.8  7.1
2016 09 25 09 10 51 279.1  7.1
2016 09 25 09 11 19 285.6  7.2
2016 09 25 09 11 48 277.2  6.9
2016 09 25 09 12 16 289.3  6.8
2016 09 25 09 12 44 280.3  7.6
2016 09 25 09 13 13 269.3  6.7
2016 09 25 09 13 41 282.9  7.2
2016 09 25 09 14 10 284.5  8.0
2016 09 25 09 14 38 276.0  7.1
2016 09 25 09 15 06 295.2  8.2
2016 09 25 09 15 36 277.1  7.2
2016 09 25 09 16 05 287.8  8.0
2016 09 25 09 16 33 281.2  7.9
2016 09 25 09 17 01 282.2  7.0
2016 09 25 09 17 30 274.9  6.7
2016 09 25 09 17 58 277.0  7.0
2016 09 25 09 18 26 275.0  7.2
2016 09 25 09 18 55 278.8  7.3
2016 09 25 09 19 23 275.2  6.3
2016 09 25 09 19 51 281.9  6.7
2016 09 25 09 20 20 270.9  8.0
2016 09 25 09 20 48 290.5  8.6
2016 09 25 09 21 18 277.0  6.4
2016 09 25 09 21 46 280.0  6.5
2016 09 25 09 22 15 284.6  6.7
2016 09 25 09 22 43 285.2  7.5
2016 09 25 09 23 11 274.7  6.0
2016 09 25 09 23 40 271.4  6.5
2016 09 25 09 24 08 271.6  6.5
2016 09 25 09 24 36 277.3  6.4
2016 09 25 09 25 05 281.1  8.0
2016 09 25 09 25 33 285.5  8.2
2016 09 25 09 26 02 281.0  7.3
2016 09 25 09 26 31 265.1  6.2
2016 09 25 09 26 59 280.9  8.2
2016 09 25 09 27 29 281.3  7.1
2016 09 25 09 27 58 278.7  7.4
2016 09 25 09 28 26 272.7  7.1
2016 09 25 09 28 55 288.6  7.9
2016 09 25 09 29 23 269.7  6.7
2016 09 25 09 29 51 278.7  7.5
2016 09 25 09 30 20 280.4  7.2
2016 09 25 09 30 48 276.6  6.8
2016 09 25 09 31 16 276.5  7.1
2016 09 25 09 31 45 283.5  6.6
2016 09 25 09 32 13 277.0  7.0
2016 09 25 09 32 42 276.7  8.5
2016 09 25 09 33 10 277.0  7.9
2016 09 25 09 33 40 271.9  6.5
2016 09 25 09 34 08 274.6  7.6
2016 09 25 09 34 36 280.3  7.0
2016 09 25 09 35 05 282.1  8.7
2016 09 25 09 35 33 280.7  7.3
2016 09 25 09 36 01 274.4  7.2
2016 09 25 09 36 30 276.4  6.4
2016 09 25 09 36 58 276.3  6.5
2016 09 25 09 37 27 287.6  7.9
2016 09 25 09 37 55 276.0  7.6
2016 09 25 09 38 23 282.7  7.2
2016 09 25 09 38 52 284.0  7.6
2016 09 25 09 39 20 276.4  6.8
2016 09 25 09 39 50 280.2  7.4
2016 09 25 09 40 19 274.9  6.5
2016 09 25 09 40 47 279.0  7.1
2016 09 25 09 41 15 278.1  6.5
2016 09 25 09 41 44 275.1  6.8
2016 09 25 09 42 12 280.3  7.7
2016 09 25 09 42 41 281.7  7.7
2016 09 25 09 43 09 280.5  6.8
2016 09 25 09 43 37 270.0  7.2
2016 09 25 09 44 06 273.0  7.6
2016 09 25 09 44 34 271.8  6.6
2016 09 25 09 45 02 275.9  6.9
2016 09 25 09 45 32 274.1  7.6
2016 09 25 09 46 01 267.8  7.5
2016 09 25 09 46 29 278.9  7.4
2016 09 25 09 46 57 283.0  7.1
2016 09 25 09 47 26 274.6  7.6
2016 09 25 09 47 54 271.8  7.7
2016 09 25 09 48 22 280.1  7.5
2016 09 25 09 48 51 278.6  7.5
2016 09 25 09 49 19 275.2  7.1
2016 09 25 09 49 48 275.4  7.3
2016 09 25 09 50 16 273.1  7.3
2016 09 25 09 50 44 282.0  7.7
2016 09 25 09 51 13 275.1  7.7
2016 09 25 09 51 43 274.2  7.4
2016 09 25 09 52 11 268.1  7.3
2016 09 25 09 52 40 275.5  7.6
2016 09 25 09 53 10 275.1  7.3
2016 09 25 09 53 38 278.9  7.2
2016 09 25 09 54 06 274.8  6.9
2016 09 25 09 54 35 281.2  7.5
2016 09 25 09 55 03 274.0  7.7
2016 09 25 09 55 32 270.1  7.6
2016 09 25 09 56 00 280.6  7.5
2016 09 25 09 56 29 273.7  8.3
2016 09 25 09 56 57 277.9  7.2
2016 09 25 09 57 25 272.7  7.3
2016 09 25 09 57 56 274.4  7.1
2016 09 25 09 58 25 275.4  7.6
2016 09 25 09 58 53 277.0  7.3
2016 09 25 09 59 21 276.5  7.7
2016 09 25 09 59 50 279.7  7.6
2016 09 25 10 00 18 272.4  7.4
2016 09 25 10 00 47 271.9  7.1
2016 09 25 10 01 15 277.1  7.5
2016 09 25 10 01 43 282.0  7.6
2016 09 25 10 02 12 269.7  7.7
2016 09 25 10 02 40 273.0  8.2
2016 09 25 10 03 08 276.0  8.5
2016 09 25 10 03 37 280.4  7.5
2016 09 25 10 04 07 279.4  7.7
2016 09 25 10 04 35 280.3  7.7
2016 09 25 10 05 04 273.1  8.2
2016 09 25 10 05 32 279.8  7.6
2016 09 25 10 06 01 279.7  8.1
2016 09 25 10 06 29 288.8  8.9
2016 09 25 10 06 57 278.1  8.0
2016 09 25 10 07 26 277.8  7.8
2016 09 25 10 07 54 278.0  8.4
2016 09 25 10 08 22 278.3  7.9
2016 09 25 10 08 51 269.4  7.1
2016 09 25 10 09 19 274.1  8.5
2016 09 25 10 09 49 285.1  8.5
2016 09 25 10 10 18 279.7  7.7
2016 09 25 10 10 46 281.2  8.2
2016 09 25 10 11 14 278.0  7.8
2016 09 25 10 11 43 272.0  7.7
2016 09 25 10 12 11 277.5  8.0
2016 09 25 10 12 39 279.8  7.9
2016 09 25 10 13 08 285.2  7.9
2016 09 25 10 13 36 278.2  7.9
2016 09 25 10 14 05 279.6  8.6
2016 09 25 10 14 34 274.5  8.6
2016 09 25 10 15 03 267.4  7.9
2016 09 25 10 15 31 279.3  7.9
2016 09 25 10 16 01 272.3  7.2
2016 09 25 10 16 29 274.2  8.2
2016 09 25 10 16 58 270.0  7.8
2016 09 25 10 17 26 279.6  8.3
2016 09 25 10 17 55 274.5  8.2
2016 09 25 10 18 23 273.4  7.8
2016 09 25 10 18 51 282.8  8.5
2016 09 25 10 19 20 275.4  7.8
2016 09 25 10 19 48 280.6  8.4
2016 09 25 10 20 17 277.2  8.3
2016 09 25 10 20 45 278.6  8.8
2016 09 25 10 21 13 271.5  7.8
2016 09 25 10 21 42 275.5  8.5
2016 09 25 10 22 12 276.2  7.8
2016 09 25 10 22 40 277.5  7.8
2016 09 25 10 23 08 272.9  8.2
2016 09 25 10 23 37 271.8  8.3
2016 09 25 10 24 05 275.5  8.0
2016 09 25 10 24 34 274.3  7.5
2016 09 25 10 25 03 273.4  8.3
2016 09 25 10 25 31 276.4  8.7
2016 09 25 10 26 00 283.2  8.4
2016 09 25 10 26 29 272.3  8.0
2016 09 25 10 26 57 275.9  8.9
2016 09 25 10 27 25 270.8  8.3
2016 09 25 10 27 54 273.2  7.7
2016 09 25 10 28 24 277.9  8.0
2016 09 25 10 28 52 271.4  9.0
2016 09 25 10 29 21 278.7  8.8
2016 09 25 10 29 49 276.7  8.4
2016 09 25 10 30 17 273.4  8.5
2016 09 25 10 30 46 273.5  7.9
2016 09 25 10 31 14 272.1  8.5
2016 09 25 10 31 43 278.2  8.1
2016 09 25 10 32 11 276.6  8.3
2016 09 25 10 32 39 276.3  8.0
2016 09 25 10 33 08 278.5  8.5
2016 09 25 10 33 36 279.3  8.9
2016 09 25 10 34 06 277.9  7.9
2016 09 25 10 34 35 274.6  8.2
2016 09 25 10 35 03 272.7  8.6
2016 09 25 10 35 31 281.4  9.1
2016 09 25 10 35 60 271.7  8.6
2016 09 25 10 36 28 275.4  8.0
2016 09 25 10 36 56 283.2  8.9
2016 09 25 10 37 25 274.0  8.0
2016 09 25 10 37 53 273.7  8.5
2016 09 25 10 38 22 277.3  8.9
2016 09 25 10 38 50 271.9  8.3
2016 09 25 10 39 18 277.5  8.4
2016 09 25 10 39 47 277.5  8.7
2016 09 25 10 40 17 273.4  8.8
2016 09 25 10 40 45 272.2  8.9
2016 09 25 10 41 14 278.6  8.5
2016 09 25 10 41 42 277.0  8.9
2016 09 25 10 42 10 272.7  8.8
2016 09 25 10 42 39 273.8  8.3
2016 09 25 10 43 07 272.2  8.7
2016 09 25 10 43 36 275.0  8.9
2016 09 25 10 44 05 274.0  8.6
2016 09 25 10 44 33 274.4  8.8
2016 09 25 10 45 01 272.5  8.4
2016 09 25 10 45 30 280.2  8.8
2016 09 25 10 45 58 281.8  9.5
2016 09 25 10 46 28 279.1  8.6
2016 09 25 10 46 57 270.5  8.2
2016 09 25 10 47 25 274.6  9.1
2016 09 25 10 47 54 274.0  8.8
2016 09 25 10 48 22 273.7  8.5
2016 09 25 10 48 50 275.9  8.4
2016 09 25 10 49 19 279.6  9.4
2016 09 25 10 49 47 280.6  9.0
2016 09 25 10 50 15 274.9  9.3
2016 09 25 10 50 44 280.0  8.7
2016 09 25 10 51 12 280.4  9.2
2016 09 25 10 51 41 275.7  8.2
2016 09 25 10 52 09 275.2  8.9
2016 09 25 10 52 39 277.1  8.9
2016 09 25 10 53 07 274.1  8.5
2016 09 25 10 53 36 272.8  8.8
2016 09 25 10 54 04 278.5  9.0
2016 09 25 10 54 33 280.3  8.9
2016 09 25 10 55 01 270.8  8.9
2016 09 25 10 55 30 277.7  8.7
2016 09 25 10 55 58 270.9  8.8
2016 09 25 10 56 27 276.7  8.2
2016 09 25 10 56 55 277.5  8.7
2016 09 25 10 57 24 277.5  8.8
2016 09 25 10 57 52 272.0  8.9
2016 09 25 10 58 22 278.0  9.0
2016 09 25 10 58 50 273.6  8.6
2016 09 25 10 59 19 273.8  8.3
2016 09 25 10 59 47 275.1  8.9
2016 09 25 11 00 16 277.0  9.1
2016 09 25 11 00 44 276.7  9.2
2016 09 25 11 01 13 274.2  9.0
2016 09 25 11 01 41 269.1  8.2
2016 09 25 11 02 10 281.8  9.6
2016 09 25 11 02 38 271.1  9.0
2016 09 25 11 03 06 274.4  8.6
2016 09 25 11 03 35 275.0  8.4
2016 09 25 11 04 03 274.8  8.6
2016 09 25 11 04 33 274.8  8.9
2016 09 25 11 05 02 282.8  9.3
2016 09 25 11 05 31 274.6  8.7
2016 09 25 11 05 59 273.5  9.0
2016 09 25 11 06 28 275.5  9.3
2016 09 25 11 06 56 275.5  9.2
2016 09 25 11 07 24 277.4  8.8
2016 09 25 11 07 53 278.2  9.0
2016 09 25 11 08 21 277.5  9.4
2016 09 25 11 08 50 272.4  9.1
2016 09 25 11 09 18 274.3  8.7
2016 09 25 11 09 46 272.9  8.8
2016 09 25 11 10 15 277.7  9.5
2016 09 25 11 10 45 275.2  8.9
2016 09 25 11 11 13 276.3  8.8
2016 09 25 11 11 42 277.4  9.2
2016 09 25 11 12 10 279.2  9.4
2016 09 25 11 12 39 273.1  8.9
2016 09 25 11 13 07 281.2  8.8
2016 09 25 11 13 35 273.5  9.0
2016 09 25 11 14 04 274.6  9.1
2016 09 25 11 14 32 271.4  9.1
2016 09 25 11 15 01 276.3  9.0
2016 09 25 11 15 29 276.1  8.7
2016 09 25 11 15 57 278.6  9.1
2016 09 25 11 16 26 278.4  8.9
2016 09 25 11 16 56 271.6  8.8
2016 09 25 11 17 24 272.9  8.9
2016 09 25 11 17 53 280.7  9.5
2016 09 25 11 18 21 272.4  9.4
2016 09 25 11 18 49 272.4  8.5
2016 09 25 11 19 18 280.2  9.4
2016 09 25 11 19 46 277.9  9.7
2016 09 25 11 20 15 277.0  9.1
2016 09 25 11 20 43 279.0  9.3
2016 09 25 11 21 11 273.9  8.9
2016 09 25 11 21 40 271.9  8.9
2016 09 25 11 22 08 275.5  9.4
2016 09 25 11 22 38 276.8  9.0
2016 09 25 11 23 07 278.4  9.5
2016 09 25 11 23 35 276.7  9.3
2016 09 25 11 24 04 276.1  9.1
2016 09 25 11 24 33 279.3  9.3
2016 09 25 11 25 01 272.3  9.0
2016 09 25 11 25 29 279.7  9.6
2016 09 25 11 25 58 276.9  9.2
2016 09 25 11 26 26 272.3  9.2
2016 09 25 11 26 55 272.7  8.8
2016 09 25 11 27 23 279.9 10.0
2016 09 25 11 27 51 276.7  9.6
2016 09 25 11 28 20 274.3  8.7
2016 09 25 11 28 50 274.3  9.3
2016 09 25 11 29 19 277.3  9.4
2016 09 25 11 29 47 276.6  9.1
2016 09 25 11 30 16 273.3  9.6
2016 09 25 11 30 44 273.6  8.9
2016 09 25 11 31 13 275.1  9.2
2016 09 25 11 31 41 277.3  8.9
2016 09 25 11 32 09 273.3  8.9
2016 09 25 11 32 38 271.1  9.3
2016 09 25 11 33 06 280.2  9.7
2016 09 25 11 33 35 281.6  9.4
2016 09 25 11 34 04 278.3  9.2
2016 09 25 11 34 32 277.6  9.8
2016 09 25 11 35 02 277.1  9.4
2016 09 25 11 35 30 276.3  9.5
2016 09 25 11 35 59 277.4  9.5
2016 09 25 11 36 28 269.7  9.7
2016 09 25 11 36 56 276.6  9.5
2016 09 25 11 37 25 281.3  9.7
2016 09 25 11 37 53 278.8  9.8
2016 09 25 11 38 22 281.6  8.8
2016 09 25 11 38 50 272.7  9.3
2016 09 25 11 39 18 282.3 10.2
2016 09 25 11 39 47 273.6  9.0
2016 09 25 11 40 15 278.1  9.5
2016 09 25 11 40 44 282.5  9.6
2016 09 25 11 41 14 276.8  9.6
2016 09 25 11 41 42 275.5  9.6
2016 09 25 11 42 11 277.0  9.9
2016 09 25 11 42 39 276.1  9.9
2016 09 25 11 43 08 275.6  9.6
2016 09 25 11 43 36 277.3  9.8
2016 09 25 11 44 04 276.1 10.2
2016 09 25 11 44 33 278.8  9.3
2016 09 25 11 45 01 275.6 10.2
2016 09 25 11 45 30 277.9  9.6
2016 09 25 11 45 59 275.3  9.8
2016 09 25 11 46 27 275.8  9.2
2016 09 25 11 46 57 278.7  9.6
2016 09 25 11 47 25 279.9  9.9
2016 09 25 11 47 54 277.2  9.7
2016 09 25 11 48 23 274.0  9.5
2016 09 25 11 48 51 280.7  9.6
2016 09 25 11 49 21 282.0  9.6
2016 09 25 11 49 49 275.2  9.3
2016 09 25 11 50 17 276.8  9.1
2016 09 25 11 50 46 279.8  9.8
2016 09 25 11 51 14 281.1  9.9
2016 09 25 11 51 43 279.6  9.5
2016 09 25 11 52 11 277.9  9.9
2016 09 25 11 52 40 274.2  9.7
2016 09 25 11 53 10 277.2  9.4
2016 09 25 11 53 38 280.3  9.9
2016 09 25 11 54 07 274.8  9.7
2016 09 25 11 54 35 277.5  9.5
2016 09 25 11 55 04 279.9 10.3
2016 09 25 11 55 32 273.1  9.2
2016 09 25 11 56 01 281.1  9.4
2016 09 25 11 56 30 273.7 10.3
2016 09 25 11 56 59 282.5  9.8
2016 09 25 11 57 27 273.7  9.3
2016 09 25 11 57 56 277.9 10.4
2016 09 25 11 58 24 277.0  9.6
2016 09 25 11 58 52 281.2  9.1
2016 09 25 11 59 22 274.3  9.4
2016 09 25 11 59 51 277.6  9.9
2016 09 25 12 00 19 278.1  9.5
2016 09 25 12 00 48 274.8  9.5
2016 09 25 12 01 16 278.6  9.7
2016 09 25 12 01 45 278.5 10.5
2016 09 25 12 02 13 279.9  9.7
2016 09 25 12 02 41 280.4 10.1
2016 09 25 12 03 10 279.4 10.1
2016 09 25 12 03 38 278.1 10.3
2016 09 25 12 04 07 275.4 10.2
2016 09 25 12 04 35 276.0 10.6
2016 09 25 12 05 04 277.8  9.5
2016 09 25 12 05 34 275.5  9.2
2016 09 25 12 06 02 278.0  9.7
2016 09 25 12 06 31 277.9  9.7
2016 09 25 12 06 59 276.6  9.5
2016 09 25 12 07 28 281.3 10.0
2016 09 25 12 07 56 273.2  9.6
2016 09 25 12 08 24 279.6 10.0
2016 09 25 12 08 53 281.8 10.2
2016 09 25 12 09 21 280.7 10.3
2016 09 25 12 09 50 274.5  9.9
2016 09 25 12 10 18 276.9  9.8
2016 09 25 12 10 47 277.3  9.5
2016 09 25 12 11 17 279.7  9.8
2016 09 25 12 11 45 277.2  9.9
2016 09 25 12 12 14 276.2  9.4
2016 09 25 12 12 42 279.0  9.9
2016 09 25 12 13 11 275.7  9.2
2016 09 25 12 13 39 276.2  9.5
2016 09 25 12 14 08 275.0  9.7
2016 09 25 12 14 36 278.2  9.8
2016 09 25 12 15 05 280.1  9.8
2016 09 25 12 15 33 273.5  9.2
2016 09 25 12 16 02 277.1  9.7
2016 09 25 12 16 30 277.8  9.7
2016 09 25 12 16 58 275.9  9.5
2016 09 25 12 17 29 276.1  9.5
2016 09 25 12 17 57 276.6 10.1
2016 09 25 12 18 25 275.1 10.0
2016 09 25 12 18 54 277.6 10.3
2016 09 25 12 19 22 278.2 10.0
2016 09 25 12 19 51 283.6 10.1
2016 09 25 12 20 19 278.6 10.2
2016 09 25 12 20 48 275.7 10.1
2016 09 25 12 21 16 282.2  9.6
2016 09 25 12 21 46 280.5 10.1
2016 09 25 12 22 14 272.9 10.0
2016 09 25 12 22 42 279.3 10.4
2016 09 25 12 23 11 275.6 10.4
2016 09 25 12 23 41 273.6 10.2
2016 09 25 12 24 10 276.9 10.0
2016 09 25 12 24 38 281.0  9.9
2016 09 25 12 25 06 279.3  9.5
2016 09 25 12 25 35 276.4  9.8
2016 09 25 12 26 03 277.8 10.4
2016 09 25 12 26 32 280.0 10.4
2016 09 25 12 27 00 282.5  9.6
2016 09 25 12 27 29 275.3 10.2
2016 09 25 12 27 57 279.8 10.5
2016 09 25 12 28 26 279.0  9.9
2016 09 25 12 28 55 278.3 10.3
2016 09 25 12 29 24 278.4  9.8
2016 09 25 12 29 54 276.9  9.9
2016 09 25 12 30 22 277.8 10.0
2016 09 25 12 30 51 280.3  9.7
2016 09 25 12 31 20 277.8 10.3
2016 09 25 12 31 48 272.1  9.8
2016 09 25 12 32 17 275.2 10.3
2016 09 25 12 32 45 277.6  9.9
2016 09 25 12 33 14 276.8 10.2
2016 09 25 12 33 42 275.3 10.1
2016 09 25 12 34 11 280.2 10.7
2016 09 25 12 34 39 272.4 10.0
2016 09 25 12 35 08 280.9 10.3
2016 09 25 12 35 39 279.2 10.5
2016 09 25 12 36 07 279.1 10.3
2016 09 25 12 36 35 278.4 10.4
2016 09 25 12 37 04 273.2  9.7
2016 09 25 12 37 32 279.1 10.7
2016 09 25 12 38 01 274.4  9.5
2016 09 25 12 38 29 275.9 10.3
2016 09 25 12 38 58 280.3 10.2
2016 09 25 12 39 27 278.1  9.8
2016 09 25 12 39 55 278.8  9.9
2016 09 25 12 40 24 281.4 10.3
2016 09 25 12 40 52 280.0  9.8
2016 09 25 12 41 20 279.1  9.9
2016 09 25 12 41 51 276.5 10.1
2016 09 25 12 42 19 278.6 10.3
2016 09 25 12 42 47 274.7  9.7
2016 09 25 12 43 16 278.7 10.7
2016 09 25 12 43 44 280.7 10.3
2016 09 25 12 44 13 277.8  9.7
2016 09 25 12 44 41 280.8 10.3
2016 09 25 12 45 10 275.5  9.9
2016 09 25 12 45 38 278.6 10.7
2016 09 25 12 46 07 277.1  9.8
2016 09 25 12 46 35 277.8  9.9
2016 09 25 12 47 04 278.4 10.7
2016 09 25 12 47 32 276.1 10.2
2016 09 25 12 48 03 276.6 10.4
2016 09 25 12 48 31 272.2  9.8
2016 09 25 12 48 60 274.2  9.9
2016 09 25 12 49 28 281.1 10.0
2016 09 25 12 49 56 280.9 10.2
2016 09 25 12 50 25 279.9 10.0
2016 09 25 12 50 53 276.5  9.8
2016 09 25 12 51 22 279.3 10.0
2016 09 25 12 51 50 281.1 10.1
2016 09 25 12 52 19 280.1  9.5
2016 09 25 12 52 47 277.1 10.4
2016 09 25 12 53 16 278.0  9.9
2016 09 25 12 53 44 279.7 10.3
2016 09 25 12 54 14 279.9 10.4
2016 09 25 12 54 43 281.1 10.4
2016 09 25 12 55 11 281.1 10.6
2016 09 25 12 55 40 280.5 10.2
2016 09 25 12 56 08 279.0 10.3
2016 09 25 12 56 37 274.8  9.7
2016 09 25 12 57 05 278.7 10.0
2016 09 25 12 57 34 274.1 10.4
2016 09 25 12 58 02 276.9 10.4
2016 09 25 12 58 31 274.2  9.6
2016 09 25 12 58 59 281.9 10.5
2016 09 25 12 59 28 278.1  9.9
2016 09 25 12 59 58 279.1 10.3
2016 09 25 13 00 27 276.1 10.2
2016 09 25 13 00 55 278.0 10.0
2016 09 25 13 01 24 279.1 10.2
2016 09 25 13 01 52 280.3 10.5
2016 09 25 13 02 20 283.5 10.5
2016 09 25 13 02 49 277.0 10.1
2016 09 25 13 03 17 277.3 10.0
2016 09 25 13 03 46 283.9 10.3
2016 09 25 13 04 14 281.2 10.9
2016 09 25 13 04 43 274.9  9.7
2016 09 25 13 05 11 273.3 10.3
2016 09 25 13 05 40 279.3 10.8
2016 09 25 13 06 10 278.5  9.8
2016 09 25 13 06 39 278.3 10.2
2016 09 25 13 07 07 280.6  9.7
2016 09 25 13 07 36 278.8 10.4
2016 09 25 13 08 04 279.8 10.3
2016 09 25 13 08 33 275.8  9.9
2016 09 25 13 09 01 279.7  9.8
2016 09 25 13 09 30 279.7 10.5
2016 09 25 13 09 58 279.5  9.9
2016 09 25 13 10 27 278.9 10.5
2016 09 25 13 10 55 275.1  9.9
2016 09 25 13 11 24 276.7  9.7
2016 09 25 13 11 52 282.1 10.7
2016 09 25 13 12 23 278.1 10.1
2016 09 25 13 12 51 277.0  9.9
2016 09 25 13 13 19 280.7 10.1
2016 09 25 13 13 48 271.7 10.2
2016 09 25 13 14 16 279.9 10.0
2016 09 25 13 14 45 279.3 10.8
2016 09 25 13 15 13 279.7 10.0
2016 09 25 13 15 42 275.1  9.9
2016 09 25 13 16 10 272.4  9.7
2016 09 25 13 16 39 276.2  9.9
2016 09 25 13 17 07 280.1 10.1
2016 09 25 13 17 36 274.8  9.5
2016 09 25 13 18 04 276.9  9.7
2016 09 25 13 18 35 273.9 10.0
2016 09 25 13 19 03 274.9  9.6
2016 09 25 13 19 32 279.2 10.2
2016 09 25 13 20 00 280.0 10.0
2016 09 25 13 20 29 279.6 10.0
2016 09 25 13 20 57 280.0  9.6
2016 09 25 13 21 25 276.8  9.9
2016 09 25 13 21 54 275.5  9.9
2016 09 25 13 22 22 278.4 10.0
2016 09 25 13 22 51 278.8 10.4
2016 09 25 13 23 19 278.1  9.9
2016 09 25 13 23 48 278.9 10.0
2016 09 25 13 24 18 275.3  9.8
2016 09 25 13 24 47 280.6  9.7
2016 09 25 13 25 15 279.8  9.9
2016 09 25 13 25 44 280.8 10.3
2016 09 25 13 26 12 278.6 10.4
2016 09 25 13 26 41 275.6  9.8
2016 09 25 13 27 09 276.2  9.9
2016 09 25 13 27 38 278.2 10.5
2016 09 25 13 28 06 282.6 10.5
2016 09 25 13 28 35 279.4 10.1
2016 09 25 13 29 03 279.6  9.8
2016 09 25 13 29 32 273.5 10.1
2016 09 25 13 30 00 280.0  9.6
2016 09 25 13 30 30 277.7 10.2
2016 09 25 13 30 59 279.8 10.1
2016 09 25 13 31 27 278.8 10.1
2016 09 25 13 31 56 278.2  9.9
2016 09 25 13 32 24 277.7  9.7
2016 09 25 13 32 53 278.6 10.4
2016 09 25 13 33 21 282.1 10.2
2016 09 25 13 33 50 274.3 10.1
2016 09 25 13 34 18 276.3  9.4
2016 09 25 13 34 47 279.8  9.5
2016 09 25 13 35 15 277.6 10.3
2016 09 25 13 35 44 279.7  9.8
2016 09 25 13 36 12 276.7 10.1
2016 09 25 13 36 43 279.7 10.0
2016 09 25 13 37 11 280.3  9.8
2016 09 25 13 37 39 277.7 10.0
2016 09 25 13 38 13 279.1 10.0
2016 09 25 13 38 41 278.8 10.2
2016 09 25 13 39 10 278.1  9.5
2016 09 25 13 39 38 278.6  9.7
2016 09 25 13 40 07 279.3  9.9
2016 09 25 13 40 35 277.9  9.9
2016 09 25 13 41 03 274.5 10.3
2016 09 25 13 41 32 278.6 10.3
2016 09 25 13 42 00 279.8  9.8
2016 09 25 13 42 29 279.2  9.8
2016 09 25 13 42 59 278.2 10.1
2016 09 25 13 43 28 280.2  9.5
2016 09 25 13 43 56 282.2  9.7
2016 09 25 13 44 25 277.8  9.3
2016 09 25 13 44 53 276.3  9.7
2016 09 25 13 45 22 277.4  9.9
2016 09 25 13 45 50 280.3 10.7
2016 09 25 13 46 19 277.9  9.6
2016 09 25 13 46 47 280.2  9.7
2016 09 25 13 47 16 280.8  9.8
2016 09 25 13 47 44 277.8 10.1
2016 09 25 13 48 13 277.0  9.5
2016 09 25 13 48 43 283.6 10.3
2016 09 25 13 49 11 273.3  9.8
2016 09 25 13 49 40 275.6 10.4
2016 09 25 13 50 08 280.0  9.6
2016 09 25 13 50 37 278.6  9.8
2016 09 25 13 51 05 277.0 10.3
2016 09 25 13 51 34 276.2 10.0
2016 09 25 13 52 02 277.0  9.8
2016 09 25 13 52 31 281.7 10.1
2016 09 25 13 52 60 280.1  9.5
2016 09 25 13 53 28 275.3  9.7
2016 09 25 13 53 57 280.2  9.6
2016 09 25 13 54 25 276.7  9.6
2016 09 25 13 54 55 277.4  9.5
2016 09 25 13 55 24 281.3  9.8
2016 09 25 13 55 52 280.3 10.0
2016 09 25 13 56 21 279.3 10.5
2016 09 25 13 56 49 279.7  9.9
2016 09 25 13 57 18 277.1  9.5
2016 09 25 13 57 46 281.4 10.3
2016 09 25 13 58 15 281.6 10.1
2016 09 25 13 58 44 278.2  9.5
2016 09 25 13 59 12 277.7 10.1
2016 09 25 13 59 41 280.0  9.5
2016 09 25 14 00 09 276.6  9.6
2016 09 25 14 00 38 279.6  9.6
2016 09 25 14 01 08 285.3 10.0
2016 09 25 14 01 37 278.2  9.3
2016 09 25 14 02 05 280.5 10.6
2016 09 25 14 02 34 275.0 10.1
2016 09 25 14 03 02 281.6  9.8
2016 09 25 14 03 31 278.1  9.8
2016 09 25 14 03 59 275.6  9.3
2016 09 25 14 04 28 276.4  9.5
2016 09 25 14 04 56 279.7 10.0
2016 09 25 14 05 25 280.7  9.8
2016 09 25 14 05 53 278.4  9.6
2016 09 25 14 06 22 278.1  9.8
2016 09 25 14 06 50 281.4  9.8
2016 09 25 14 07 21 278.4  9.3
2016 09 25 14 07 49 278.6  9.9
2016 09 25 14 08 18 279.4  9.9
2016 09 25 14 08 46 278.6  9.7
2016 09 25 14 09 15 277.6  9.1
2016 09 25 14 09 43 277.5 10.0
2016 09 25 14 10 12 280.2  9.8
2016 09 25 14 10 40 276.8  9.9
2016 09 25 14 11 09 277.6  9.9
2016 09 25 14 11 37 276.4  9.4
2016 09 25 14 12 06 281.2  9.6
2016 09 25 14 12 34 281.1  9.8
2016 09 25 14 13 05 278.0  9.6
2016 09 25 14 13 33 277.9  9.5
2016 09 25 14 14 02 283.8 10.0
2016 09 25 14 14 30 278.3  9.7
2016 09 25 14 14 59 278.2 10.0
2016 09 25 14 15 27 278.0  9.9
2016 09 25 14 15 56 271.9  9.2
2016 09 25 14 16 24 276.8  9.6
2016 09 25 14 16 53 275.4 10.1
2016 09 25 14 17 22 278.2  9.3
2016 09 25 14 17 51 277.6  9.4
2016 09 25 14 18 19 283.4  9.6
2016 09 25 14 18 48 276.1  9.0
2016 09 25 14 19 18 279.1  9.3
2016 09 25 14 19 47 279.5  9.5
2016 09 25 14 20 15 279.3  9.6
2016 09 25 14 20 44 281.6  9.6
2016 09 25 14 21 12 280.5 10.3
2016 09 25 14 21 41 281.9  9.4
2016 09 25 14 22 09 277.8  9.4
2016 09 25 14 22 38 283.9  9.8
2016 09 25 14 23 06 281.5  9.4
2016 09 25 14 23 35 283.6  9.4
2016 09 25 14 24 03 275.9  9.3
2016 09 25 14 24 32 273.5  9.1
2016 09 25 14 25 00 282.2  9.7
2016 09 25 14 25 31 275.2  9.5
2016 09 25 14 25 59 275.6  9.1
2016 09 25 14 26 28 276.8  9.4
2016 09 25 14 26 56 282.4  9.7
2016 09 25 14 27 25 273.9  8.9
2016 09 25 14 27 54 275.2  9.6
2016 09 25 14 28 22 277.3  9.2
2016 09 25 14 28 51 282.0  9.5
2016 09 25 14 29 19 278.5  9.5
2016 09 25 14 29 48 276.6  9.3
2016 09 25 14 30 16 283.4  9.3
2016 09 25 14 30 45 279.3  8.9
2016 09 25 14 31 14 280.8  9.6
2016 09 25 14 31 44 280.2  9.6
2016 09 25 14 32 12 277.8  9.5
2016 09 25 14 32 41 279.0  9.3
2016 09 25 14 33 10 280.7  9.6
2016 09 25 14 33 38 275.0  9.2
2016 09 25 14 34 07 278.3  9.6
2016 09 25 14 34 35 276.6  9.4
2016 09 25 14 35 04 275.4  9.2
2016 09 25 14 35 32 278.4  9.2
2016 09 25 14 36 01 280.0  9.4
2016 09 25 14 36 29 282.0  9.2
2016 09 25 14 36 58 280.3  9.1
2016 09 25 14 37 28 281.4  9.1
2016 09 25 14 37 57 275.7  9.4
2016 09 25 14 38 25 279.1  9.6
2016 09 25 14 38 54 276.7  9.5
2016 09 25 14 39 23 281.6  9.6
2016 09 25 14 39 51 276.9  9.1
2016 09 25 14 40 20 281.9  9.3
2016 09 25 14 40 48 273.2  8.9
2016 09 25 14 41 17 279.8  9.6
2016 09 25 14 41 45 276.8  9.3
2016 09 25 14 42 14 276.8  9.1
2016 09 25 14 42 42 274.4  9.0
2016 09 25 14 43 11 277.8  9.1
2016 09 25 14 43 41 280.7  9.9
2016 09 25 14 44 09 280.1  8.8
2016 09 25 14 44 38 275.3  9.6
2016 09 25 14 45 06 283.8  9.4
2016 09 25 14 45 35 280.2  9.1
2016 09 25 14 46 04 279.6  9.3
2016 09 25 14 46 32 281.6  9.6
2016 09 25 14 47 01 278.7  9.2
2016 09 25 14 47 29 280.7  9.4
2016 09 25 14 47 58 275.8  8.8
2016 09 25 14 48 26 277.6  9.5
2016 09 25 14 48 55 278.5  8.7
2016 09 25 14 49 23 280.5 10.6
2016 09 25 14 49 53 281.2  8.7
2016 09 25 14 50 22 280.8  9.4
2016 09 25 14 50 51 279.2  8.9
2016 09 25 14 51 19 276.4  8.8
2016 09 25 14 51 48 277.2  8.7
2016 09 25 14 52 16 279.5  9.6
2016 09 25 14 52 45 278.9  8.8
2016 09 25 14 53 13 275.6  9.3
2016 09 25 14 53 42 280.8  9.2
2016 09 25 14 54 10 279.5  9.2
2016 09 25 14 54 39 279.1  8.9
2016 09 25 14 55 08 277.2  8.8
2016 09 25 14 55 36 278.0  9.0
2016 09 25 14 56 06 274.8  9.1
2016 09 25 14 56 35 274.9  8.9
2016 09 25 14 57 03 278.0  8.5
2016 09 25 14 57 32 278.1  9.0
2016 09 25 14 58 00 278.3  9.3
2016 09 25 14 58 29 281.2  8.5
2016 09 25 14 58 58 280.0  9.2
2016 09 25 14 59 26 279.2  8.5
2016 09 25 14 59 55 280.0  8.7
2016 09 25 15 00 23 280.9  8.6
2016 09 25 15 00 52 279.7  8.4
2016 09 25 15 01 21 281.1  9.4
2016 09 25 15 01 51 274.3  9.0
2016 09 25 15 02 19 278.4  9.2
2016 09 25 15 02 48 278.9  8.7
2016 09 25 15 03 17 279.3  8.3
2016 09 25 15 03 45 271.0  9.0
2016 09 25 15 04 14 279.1  9.1
2016 09 25 15 04 42 276.9  8.5
2016 09 25 15 05 11 282.5  9.0
2016 09 25 15 05 39 285.0  9.4
2016 09 25 15 06 08 274.8  8.6
2016 09 25 15 06 36 274.3  8.5
2016 09 25 15 07 05 278.9  8.5
2016 09 25 15 07 34 280.2  8.5
2016 09 25 15 08 04 279.8  9.0
2016 09 25 15 08 32 274.6  9.0
2016 09 25 15 09 01 283.6  9.1
2016 09 25 15 09 30 276.5  8.6
2016 09 25 15 09 59 280.2  8.3
2016 09 25 15 10 27 279.3  8.3
2016 09 25 15 10 56 277.4  9.0
2016 09 25 15 11 24 280.8  8.6
2016 09 25 15 11 53 274.5  9.1
2016 09 25 15 12 22 277.0  8.6
2016 09 25 15 12 50 273.7  8.1
2016 09 25 15 13 19 277.4  8.0
2016 09 25 15 13 47 278.8  7.7
2016 09 25 15 14 18 286.7  9.3
2016 09 25 15 14 46 281.9  8.3
2016 09 25 15 15 15 283.4  8.5
2016 09 25 15 15 43 285.7  9.2
2016 09 25 15 16 12 276.5  7.9
2016 09 25 15 16 41 279.9  9.1
2016 09 25 15 17 09 277.6  8.3
2016 09 25 15 17 38 278.2  8.9
2016 09 25 15 18 07 280.5  8.6
2016 09 25 15 18 35 274.9  8.6
2016 09 25 15 19 04 279.7  8.6
2016 09 25 15 19 32 279.3  8.5
2016 09 25 15 20 01 283.1  8.2
2016 09 25 15 20 31 276.7  8.2
2016 09 25 15 21 00 274.8  8.3
2016 09 25 15 21 29 279.7  8.5
2016 09 25 15 21 57 281.6  8.0
2016 09 25 15 22 26 281.5  8.7
2016 09 25 15 22 55 279.9  8.1
2016 09 25 15 23 23 278.4  8.3
2016 09 25 15 23 52 279.1  8.0
2016 09 25 15 24 20 281.4  8.5
2016 09 25 15 24 49 278.6  8.3
2016 09 25 15 25 17 280.9  8.1
2016 09 25 15 25 46 279.3  9.3
2016 09 25 15 26 16 275.7  8.2
2016 09 25 15 26 45 279.0  7.7
2016 09 25 15 27 14 285.7  8.6
2016 09 25 15 27 42 283.2  8.1
2016 09 25 15 28 11 275.8  8.1
2016 09 25 15 28 39 281.4  8.3
2016 09 25 15 29 08 276.8  7.9
2016 09 25 15 29 37 279.8  8.1
2016 09 25 15 30 05 273.9  7.9
2016 09 25 15 30 34 278.0  8.7
2016 09 25 15 31 02 278.5  8.6
2016 09 25 15 31 31 276.8  7.7
2016 09 25 15 31 60 279.0  7.9
2016 09 25 15 32 30 274.9  7.9
2016 09 25 15 32 58 277.9  8.6
2016 09 25 15 33 27 277.8  7.6
2016 09 25 15 33 56 273.7  7.7
2016 09 25 15 34 24 278.8  8.5
2016 09 25 15 34 53 278.9  8.1
2016 09 25 15 35 22 280.1  7.9
2016 09 25 15 35 50 280.6  7.9
2016 09 25 15 36 19 274.0  8.0
2016 09 25 15 36 48 280.4  8.7
2016 09 25 15 37 16 276.0  7.7
2016 09 25 15 37 45 283.3  8.1
2016 09 25 15 38 13 283.8  7.5
2016 09 25 15 38 44 278.9  8.7
2016 09 25 15 39 12 280.0  8.8
2016 09 25 15 39 41 279.6  8.6
2016 09 25 15 40 10 276.1  8.2
2016 09 25 15 40 38 276.4  8.1
2016 09 25 15 41 07 274.7  7.8
2016 09 25 15 41 35 276.5  8.2
2016 09 25 15 42 04 283.1  8.6
2016 09 25 15 42 32 277.6  7.9
2016 09 25 15 43 01 280.6  8.7
2016 09 25 15 43 30 285.8  8.9
2016 09 25 15 43 58 274.6  7.5
2016 09 25 15 44 27 276.8  7.9
2016 09 25 15 44 57 278.1  8.3
2016 09 25 15 45 26 276.3  8.5
2016 09 25 15 45 54 274.7  8.3
2016 09 25 15 46 23 277.6  7.4
2016 09 25 15 46 51 278.6  8.4
2016 09 25 15 47 21 282.3  8.0
2016 09 25 15 47 49 279.2  7.8
2016 09 25 15 48 18 278.3  8.1
2016 09 25 15 48 47 275.7  7.8
2016 09 25 15 49 15 277.4  7.6
2016 09 25 15 49 44 278.9  8.2
2016 09 25 15 50 12 280.8  7.5
2016 09 25 15 50 43 287.5  8.0
2016 09 25 15 51 11 277.9  7.4
2016 09 25 15 51 41 277.0  7.7
2016 09 25 15 52 10 276.3  7.8
2016 09 25 15 52 38 275.6  8.3
2016 09 25 15 53 07 281.5  8.1
2016 09 25 15 53 35 278.2  7.7
2016 09 25 15 54 04 274.8  7.7
2016 09 25 15 54 33 274.5  7.7
2016 09 25 15 55 01 285.0  8.5
2016 09 25 15 55 30 277.0  7.8
2016 09 25 15 55 59 280.0  7.7
2016 09 25 15 56 27 279.3  7.8
2016 09 25 15 56 57 275.4  7.4
2016 09 25 15 57 26 272.8  7.4
2016 09 25 15 57 55 272.6  7.3
2016 09 25 15 58 23 280.1  7.6
2016 09 25 15 58 52 274.4  8.1
2016 09 25 15 59 21 276.8  7.2
2016 09 25 15 59 49 275.0  7.1
2016 09 25 16 00 18 282.7  7.5
2016 09 25 16 00 47 281.8  8.0
2016 09 25 16 01 15 280.9  7.8
2016 09 25 16 01 44 282.7  7.3
2016 09 25 16 02 13 279.7  7.3
2016 09 25 16 02 41 274.2  7.4
2016 09 25 16 03 12 282.8  7.1
2016 09 25 16 03 41 283.8  8.4
2016 09 25 16 04 09 277.0  7.0
2016 09 25 16 04 39 274.9  7.6
2016 09 25 16 05 08 273.2  6.9
2016 09 25 16 05 37 277.2  7.1
2016 09 25 16 06 05 282.3  7.3
2016 09 25 16 06 34 272.1  6.9
2016 09 25 16 07 03 281.5  7.0
2016 09 25 16 07 31 286.6  7.9
2016 09 25 16 07 60 280.4  7.3
2016 09 25 16 08 29 284.9  8.0
2016 09 25 16 08 57 287.0  8.0
2016 09 25 16 09 28 276.3  7.4
2016 09 25 16 09 56 275.7  7.3
2016 09 25 16 10 26 275.6  7.6
2016 09 25 16 10 55 277.7  7.5
2016 09 25 16 11 24 282.6  7.3
2016 09 25 16 11 52 279.0  8.3
2016 09 25 16 12 21 273.5  7.3
2016 09 25 16 12 49 270.8  6.8
2016 09 25 16 13 18 276.0  7.4
2016 09 25 16 13 47 279.3  7.8
2016 09 25 16 14 15 277.0  7.1
2016 09 25 16 14 44 279.6  7.3
2016 09 25 16 15 15 276.1  7.1
2016 09 25 16 15 43 285.0  7.3
2016 09 25 16 16 12 282.9  7.3
2016 09 25 16 16 41 286.2  7.4
2016 09 25 16 17 09 281.0  7.1
2016 09 25 16 17 38 277.0  7.1
2016 09 25 16 18 07 279.5  7.9
2016 09 25 16 18 35 289.3  6.9
2016 09 25 16 19 04 283.9  7.6
2016 09 25 16 19 33 287.2  8.1
2016 09 25 16 20 01 279.8  7.2
2016 09 25 16 20 30 273.8  7.3
2016 09 25 16 20 59 280.3  7.4
2016 09 25 16 21 29 281.4  7.2
2016 09 25 16 21 58 276.3  7.4
2016 09 25 16 22 27 274.3  6.2
2016 09 25 16 22 55 281.1  7.3
2016 09 25 16 23 24 283.3  6.8
2016 09 25 16 23 52 275.1  6.3
2016 09 25 16 24 21 286.0  8.9
2016 09 25 16 24 50 293.6  6.9
2016 09 25 16 25 18 276.3  7.0
2016 09 25 16 25 47 283.4  6.9
2016 09 25 16 26 15 283.2  7.4
2016 09 25 16 26 44 287.2  8.5
2016 09 25 16 27 13 286.5  7.5
2016 09 25 16 27 43 282.0  8.6
2016 09 25 16 28 12 272.2  6.8
2016 09 25 16 28 40 285.6  7.4
2016 09 25 16 29 09 273.0  6.8
2016 09 25 16 29 37 276.5  7.6
2016 09 25 16 30 06 274.3  7.3
2016 09 25 16 30 35 282.3  7.7
2016 09 25 16 31 03 280.9  6.6
2016 09 25 16 31 32 278.3  6.7
2016 09 25 16 32 01 286.4  7.2
2016 09 25 16 32 29 282.3  6.3
2016 09 25 16 32 58 278.6  6.8
2016 09 25 16 33 27 276.2  6.5
2016 09 25 16 33 57 282.2  7.3
2016 09 25 16 34 25 285.0  6.9
2016 09 25 16 34 55 281.9  6.4
2016 09 25 16 35 24 280.8  7.3
2016 09 25 16 35 52 280.5  8.3
2016 09 25 16 36 21 279.8  7.3
2016 09 25 16 36 49 277.1  6.3
2016 09 25 16 37 18 281.7  7.0
2016 09 25 16 37 47 285.9  7.2
2016 09 25 16 38 15 274.6  6.3
2016 09 25 16 38 44 286.7  7.1
2016 09 25 16 39 13 279.1  7.7
2016 09 25 16 39 43 272.7  6.6
2016 09 25 16 40 12 284.6  7.6
2016 09 25 16 40 40 285.3  7.1
2016 09 25 16 41 09 275.9  6.2
2016 09 25 16 41 37 279.7  5.9
2016 09 25 16 42 06 268.4  6.7
2016 09 25 16 42 35 279.5  6.5
2016 09 25 16 43 03 301.0  8.0
2016 09 25 16 43 32 276.1  6.9
2016 09 25 16 44 01 275.0  7.3
2016 09 25 16 44 29 282.1  6.9
2016 09 25 16 44 58 278.8  6.3
2016 09 25 16 45 27 279.7  7.0
2016 09 25 16 45 57 280.6  6.6
2016 09 25 16 46 26 287.5  7.5
2016 09 25 16 46 55 275.9  6.7
2016 09 25 16 47 23 281.6  7.9
2016 09 25 16 47 52 278.0  6.9
2016 09 25 16 48 21 290.7  7.2
2016 09 25 16 48 49 279.7  6.8
2016 09 25 16 49 19 292.8  7.8
2016 09 25 16 49 47 282.4  6.7
2016 09 25 16 50 16 284.9  7.2
2016 09 25 16 50 45 274.4  7.5
2016 09 25 16 51 13 276.2  6.9
2016 09 25 16 51 42 281.5  6.8
2016 09 25 16 52 12 283.5  8.1
2016 09 25 16 52 41 275.4  6.4
2016 09 25 16 53 10 283.9  7.3
2016 09 25 16 53 38 296.9 10.2
2016 09 25 16 54 07 275.0  6.4
2016 09 25 16 54 36 286.0  6.6
2016 09 25 16 55 04 293.8  9.4
2016 09 25 16 55 33 295.2 10.8
2016 09 25 16 56 01 291.6  7.7
2016 09 25 16 56 30 289.6  7.3
2016 09 25 16 56 59 299.2 11.7
2016 09 25 16 57 27 278.6  6.9
2016 09 25 16 57 56 297.8 11.5
2016 09 25 16 58 26 278.1  6.9
2016 09 25 16 58 55 272.5  7.4
2016 09 25 16 59 24 304.7  9.9
2016 09 25 17 00 21 286.0  7.4
2016 09 25 17 00 49 298.6  8.7
2016 09 25 17 01 18 278.5  7.6
2016 09 25 17 01 47 267.9  8.7
2016 09 25 17 02 15 275.1  6.8
2016 09 25 17 03 13 306.1  9.8
2016 09 25 17 03 42 276.7  8.0
2016 09 25 17 04 12 281.5  7.6
2016 09 25 17 04 41 292.3  9.0
2016 09 25 17 05 10 297.9  8.5
2016 09 25 17 05 38 284.7  9.0
2016 09 25 17 06 07 277.1  7.8
2016 09 25 17 07 33 282.9  9.6
2016 09 25 17 08 30 305.6  9.0
2016 09 25 17 09 56 283.7  6.9
2016 09 25 17 10 27 273.5  7.6
2016 09 25 17 10 55 289.9  8.3
2016 09 25 17 11 24 284.4  9.5
2016 09 25 17 11 53 294.7  7.7
2016 09 25 17 12 22 271.3  8.8
2016 09 25 17 12 50 313.7 11.4
2016 09 25 17 16 11 283.4  9.9
2016 09 25 17 18 36 296.5  8.4
2016 09 25 17 19 33 271.5  9.8
2016 09 25 17 24 50 287.4 11.9
