%AVODOR ozone retrieval from direct irradiance
%4 8 2017 Luca Egli (Format: Date/Time, TO3, Crit.) range: 305 -340 nm, with wl-shift
%Using Ozonesonde ozonsonde/ozonesonde_16092111.24Z.csv
%Effective ozone temperature 229.1 K
%Effective ozone height 24.5 km 
%Using ozone x-sections bremen
2016 09 21 08 30 30 285.2 10.4
2016 09 21 08 34 17 289.9 11.1
2016 09 21 08 36 12 294.8 11.4
2016 09 21 08 43 28 282.7  8.3
2016 09 21 08 43 56 290.4  8.7
2016 09 21 08 44 25 294.0 10.8
2016 09 21 08 44 53 280.7  8.9
2016 09 21 08 45 50 296.5  8.6
2016 09 21 08 46 18 298.2 10.4
2016 09 21 08 46 46 299.6 11.0
2016 09 21 08 47 15 272.8  6.4
2016 09 21 08 47 43 295.2  8.3
2016 09 21 08 48 11 302.3  9.6
2016 09 21 08 48 40 272.1  8.0
2016 09 21 08 50 04 313.6  9.6
2016 09 21 08 50 32 299.0 11.1
2016 09 21 08 51 00 287.9  7.8
2016 09 21 08 51 29 287.0  9.6
2016 09 21 08 52 26 287.2 10.1
2016 09 21 08 52 54 276.3  7.9
2016 09 21 08 53 23 300.7 10.0
2016 09 21 08 53 51 288.5  8.2
2016 09 21 08 54 19 268.6  7.6
2016 09 21 08 54 48 267.2  7.7
2016 09 21 08 55 16 285.2  7.2
2016 09 21 08 55 47 288.5  8.8
2016 09 21 08 56 15 287.2  9.2
2016 09 21 08 56 43 278.3  6.3
2016 09 21 08 57 12 287.6  9.0
2016 09 21 08 57 40 287.4  7.8
2016 09 21 08 58 08 273.9  6.2
2016 09 21 08 58 37 280.4  6.6
2016 09 21 08 59 05 291.2  8.4
2016 09 21 08 59 34 271.6  7.2
2016 09 21 09 00 02 292.4  7.2
2016 09 21 09 00 30 285.1  7.4
2016 09 21 09 00 59 284.1  8.4
2016 09 21 09 01 27 279.1  7.3
2016 09 21 09 01 58 296.1  9.0
2016 09 21 09 02 26 287.2  7.1
2016 09 21 09 02 54 266.6  6.6
2016 09 21 09 03 23 283.7  5.9
2016 09 21 09 03 51 278.7  7.3
2016 09 21 09 04 19 295.9  7.1
2016 09 21 09 04 48 284.8  6.7
2016 09 21 09 05 16 282.5  6.9
2016 09 21 09 05 44 278.5  7.3
2016 09 21 09 06 13 271.2  6.6
2016 09 21 09 06 41 282.4  7.3
2016 09 21 09 07 10 271.8  6.5
2016 09 21 09 07 38 283.9  6.9
2016 09 21 09 08 08 288.2  7.4
2016 09 21 09 08 36 282.6  6.9
2016 09 21 09 09 05 284.0  7.9
2016 09 21 09 09 33 284.1  6.5
2016 09 21 09 10 01 275.3  7.5
2016 09 21 09 10 31 296.0  8.4
2016 09 21 09 10 59 293.8  8.3
2016 09 21 09 11 28 284.4  8.0
2016 09 21 09 11 56 276.4  6.8
2016 09 21 09 12 24 282.0  6.7
2016 09 21 09 12 53 274.7  6.5
2016 09 21 09 13 21 277.9  6.4
2016 09 21 09 13 52 283.4  6.4
2016 09 21 09 14 20 283.0  6.5
2016 09 21 09 14 49 282.6  7.0
2016 09 21 09 15 17 270.0  5.8
2016 09 21 09 15 45 285.9  6.8
2016 09 21 09 16 14 279.9  6.9
2016 09 21 09 16 42 279.8  6.8
2016 09 21 09 17 10 291.1  8.1
2016 09 21 09 17 39 283.3  5.9
2016 09 21 09 18 07 274.2  6.1
2016 09 21 09 18 36 285.2  7.2
2016 09 21 09 19 04 289.7  7.6
2016 09 21 09 19 32 280.8  6.6
2016 09 21 09 20 03 285.4  6.7
2016 09 21 09 20 31 279.0  7.3
2016 09 21 09 20 60 275.8  6.6
2016 09 21 09 21 30 273.1  6.7
2016 09 21 09 21 59 287.3  6.9
2016 09 21 09 22 27 279.3  7.0
2016 09 21 09 22 56 287.9  7.7
2016 09 21 09 23 24 275.3  6.6
2016 09 21 09 23 52 280.9  6.6
2016 09 21 09 24 21 283.8  7.1
2016 09 21 09 24 49 283.3  7.1
2016 09 21 09 25 17 281.8  6.9
2016 09 21 09 25 46 280.3  6.1
2016 09 21 09 26 16 273.9  6.7
2016 09 21 09 26 44 278.4  6.6
2016 09 21 09 27 13 287.2  6.7
2016 09 21 09 27 41 276.5  5.9
2016 09 21 09 28 09 276.0  7.1
2016 09 21 09 28 38 286.4  7.1
2016 09 21 09 29 07 268.5  6.7
2016 09 21 09 29 35 282.4  8.3
2016 09 21 09 30 04 282.9  7.8
2016 09 21 09 30 32 282.6  6.5
2016 09 21 09 31 00 282.8  7.1
2016 09 21 09 31 29 278.8  6.8
2016 09 21 09 31 57 281.5  6.8
2016 09 21 09 32 28 281.2  6.6
2016 09 21 09 32 56 280.1  6.2
2016 09 21 09 33 24 277.3  7.3
2016 09 21 09 33 53 286.6  6.9
2016 09 21 09 34 21 274.9  6.7
2016 09 21 09 34 50 288.9  7.8
2016 09 21 09 35 18 278.3  7.5
2016 09 21 09 35 46 279.9  7.1
2016 09 21 09 36 15 274.1  6.6
2016 09 21 09 36 43 279.9  6.4
2016 09 21 09 37 12 285.2  6.9
2016 09 21 09 37 40 281.7  7.2
2016 09 21 09 38 10 275.7  6.5
2016 09 21 09 38 39 279.9  6.8
2016 09 21 09 39 07 275.5  6.9
2016 09 21 09 39 35 272.7  6.7
2016 09 21 09 40 04 287.4  6.7
2016 09 21 09 40 32 276.7  6.8
2016 09 21 09 41 01 283.2  6.8
2016 09 21 09 41 29 275.3  6.8
2016 09 21 09 41 57 279.5  7.0
2016 09 21 09 42 26 273.1  7.0
2016 09 21 09 42 54 274.3  6.6
2016 09 21 09 43 22 275.1  7.2
2016 09 21 09 43 51 280.1  8.0
2016 09 21 09 44 21 271.4  6.8
2016 09 21 09 44 49 274.3  6.9
2016 09 21 09 45 18 274.5  7.0
2016 09 21 09 45 46 279.2  6.9
2016 09 21 09 46 14 280.1  7.6
2016 09 21 09 46 43 273.6  7.3
2016 09 21 09 47 11 279.0  6.6
2016 09 21 09 47 40 279.9  6.7
2016 09 21 09 48 08 271.8  7.3
2016 09 21 09 48 37 279.6  7.4
2016 09 21 09 49 06 278.3  7.3
2016 09 21 09 49 34 275.5  7.5
2016 09 21 09 50 03 276.9  6.7
2016 09 21 09 50 33 279.3  7.7
2016 09 21 09 51 02 279.3  7.7
2016 09 21 09 51 30 272.6  7.0
2016 09 21 09 51 59 279.8  7.8
2016 09 21 09 52 27 279.8  7.2
2016 09 21 09 52 55 279.7  7.5
2016 09 21 09 53 25 278.7  6.7
2016 09 21 09 53 54 284.2  7.4
2016 09 21 09 54 23 284.8  7.3
2016 09 21 09 54 51 280.9  7.0
2016 09 21 09 55 19 281.3  7.6
2016 09 21 09 55 48 274.6  6.5
2016 09 21 09 56 16 280.5  7.7
2016 09 21 09 56 46 277.5  7.4
2016 09 21 09 57 15 277.3  6.5
2016 09 21 09 57 43 275.4  7.2
2016 09 21 09 58 12 276.6  6.7
2016 09 21 09 58 40 282.0  7.2
2016 09 21 09 59 09 274.3  7.1
2016 09 21 09 59 37 274.4  6.9
2016 09 21 10 00 06 274.5  7.3
2016 09 21 10 00 34 278.3  7.2
2016 09 21 10 01 03 278.1  7.5
2016 09 21 10 01 31 278.1  7.6
2016 09 21 10 01 59 281.4  7.3
2016 09 21 10 02 30 271.6  7.2
2016 09 21 10 02 58 281.4  6.8
2016 09 21 10 03 27 279.3  7.2
2016 09 21 10 03 55 277.8  7.5
2016 09 21 10 04 24 278.5  7.7
2016 09 21 10 04 52 277.4  7.1
2016 09 21 10 05 20 281.1  8.1
2016 09 21 10 05 51 273.7  7.2
2016 09 21 10 06 20 277.0  7.6
2016 09 21 10 06 48 275.4  7.5
2016 09 21 10 07 17 280.4  7.6
2016 09 21 10 07 45 278.5  7.5
2016 09 21 10 08 14 275.0  8.0
2016 09 21 10 08 44 277.1  7.8
2016 09 21 10 09 12 276.2  7.0
2016 09 21 10 09 41 274.4  7.7
2016 09 21 10 10 09 278.6  7.5
2016 09 21 10 10 38 277.1  7.7
2016 09 21 10 11 06 272.6  7.6
2016 09 21 10 11 35 274.9  7.7
2016 09 21 10 12 03 277.6  7.6
2016 09 21 10 12 31 282.4  8.2
2016 09 21 10 12 60 278.1  7.9
2016 09 21 10 13 28 278.2  8.2
2016 09 21 10 13 57 269.9  7.5
2016 09 21 10 14 25 276.0  7.4
2016 09 21 10 14 56 276.0  7.6
2016 09 21 10 15 24 278.4  7.7
2016 09 21 10 15 52 280.8  7.9
2016 09 21 10 16 22 278.4  7.3
2016 09 21 10 16 50 277.6  7.4
2016 09 21 10 17 18 275.6  7.7
2016 09 21 10 17 47 279.7  7.6
2016 09 21 10 18 15 275.6  7.3
2016 09 21 10 18 44 278.3  8.3
2016 09 21 10 19 12 279.3  7.5
2016 09 21 10 19 41 277.8  7.5
2016 09 21 10 20 09 277.4  8.1
2016 09 21 10 20 37 279.8  8.1
2016 09 21 10 21 07 277.8  7.8
2016 09 21 10 21 36 282.1  8.1
2016 09 21 10 22 04 276.6  8.3
2016 09 21 10 22 33 279.1  7.5
2016 09 21 10 23 01 278.8  7.2
2016 09 21 10 23 30 277.7  8.2
2016 09 21 10 23 58 277.8  8.4
2016 09 21 10 24 27 278.3  8.0
2016 09 21 10 24 55 275.2  7.8
2016 09 21 10 25 23 277.5  8.0
2016 09 21 10 25 52 279.5  7.6
2016 09 21 10 26 20 278.8  8.2
2016 09 21 10 26 50 279.2  7.7
2016 09 21 10 27 19 275.6  7.9
2016 09 21 10 27 47 276.4  7.9
2016 09 21 10 28 16 277.7  7.7
2016 09 21 10 28 44 278.1  8.3
2016 09 21 10 29 13 273.7  7.8
2016 09 21 10 29 41 273.9  7.7
2016 09 21 10 30 09 277.2  8.0
2016 09 21 10 30 38 281.8  8.3
2016 09 21 10 31 06 281.7  8.0
2016 09 21 10 31 35 277.5  8.0
2016 09 21 10 32 04 279.4  7.8
2016 09 21 10 32 32 276.7  8.2
2016 09 21 10 33 02 278.2  8.1
2016 09 21 10 33 30 277.3  8.0
2016 09 21 10 33 59 270.7  7.8
2016 09 21 10 34 27 278.7  8.2
2016 09 21 10 34 56 277.3  7.9
2016 09 21 10 35 24 274.7  7.9
2016 09 21 10 35 52 273.4  8.4
2016 09 21 10 36 21 282.0  8.0
2016 09 21 10 36 49 278.8  7.7
2016 09 21 10 37 18 277.3  7.7
2016 09 21 10 37 46 276.6  7.9
2016 09 21 10 38 15 275.5  7.5
2016 09 21 10 38 43 277.2  8.2
2016 09 21 10 39 14 276.6  8.1
2016 09 21 10 39 42 280.3  8.1
2016 09 21 10 40 11 281.2  7.8
2016 09 21 10 40 39 278.0  7.7
2016 09 21 10 41 07 279.4  7.9
2016 09 21 10 41 36 281.5  8.5
2016 09 21 10 42 04 275.1  8.3
2016 09 21 10 42 33 275.0  7.9
2016 09 21 10 43 01 276.8  8.5
2016 09 21 10 43 30 280.4  7.8
2016 09 21 10 43 58 277.5  8.4
2016 09 21 10 44 26 279.0  8.2
2016 09 21 10 44 55 278.8  8.6
2016 09 21 10 45 25 279.7  7.8
2016 09 21 10 45 54 274.3  8.2
2016 09 21 10 46 22 278.2  8.7
2016 09 21 10 46 51 274.3  8.1
2016 09 21 10 47 19 282.7  8.1
2016 09 21 10 47 48 277.2  8.2
2016 09 21 10 48 16 275.2  8.3
2016 09 21 10 48 45 275.8  8.3
2016 09 21 10 49 13 281.5  8.7
2016 09 21 10 49 42 278.4  8.3
2016 09 21 10 50 10 279.1  7.9
2016 09 21 10 50 39 275.2  8.2
2016 09 21 10 51 09 277.7  8.1
2016 09 21 10 51 37 277.7  8.5
2016 09 21 10 52 06 279.3  9.0
2016 09 21 10 52 34 276.4  8.0
2016 09 21 10 53 03 277.8  9.0
2016 09 21 10 53 31 276.3  7.9
2016 09 21 10 53 59 275.7  8.3
2016 09 21 10 54 28 278.0  8.0
2016 09 21 10 54 56 274.1  8.2
2016 09 21 10 55 25 275.6  8.4
2016 09 21 10 55 53 280.1  8.7
2016 09 21 10 56 21 278.0  8.3
2016 09 21 10 56 50 279.3  8.7
2016 09 21 10 57 20 276.5  8.7
2016 09 21 10 57 48 282.9  8.5
2016 09 21 10 58 17 276.3  8.6
2016 09 21 10 58 45 277.6 10.0
2016 09 21 10 59 14 278.9  7.7
2016 09 21 10 59 42 274.2  8.3
2016 09 21 11 00 11 275.0  8.2
2016 09 21 11 00 39 280.7  8.6
2016 09 21 11 01 07 277.7  9.8
2016 09 21 11 01 36 279.6  9.0
2016 09 21 11 02 04 285.5  8.4
2016 09 21 11 02 33 278.1  8.5
2016 09 21 11 03 01 278.8  8.3
2016 09 21 11 03 32 273.7  8.6
2016 09 21 11 04 00 279.4  9.0
2016 09 21 11 04 28 277.7  8.4
2016 09 21 11 04 57 278.7  8.8
2016 09 21 11 05 25 276.0  8.3
2016 09 21 11 05 54 273.0  8.4
2016 09 21 11 06 22 284.9  9.4
2016 09 21 11 06 51 279.0  8.8
2016 09 21 11 07 19 277.5  8.8
2016 09 21 11 07 48 275.6  9.0
2016 09 21 11 08 16 276.5  8.9
2016 09 21 11 08 45 281.6  9.0
2016 09 21 11 09 14 277.8  9.0
2016 09 21 11 09 44 278.5  8.8
2016 09 21 11 10 12 277.3  8.6
2016 09 21 11 10 41 278.7  8.6
2016 09 21 11 11 09 281.3  8.4
2016 09 21 11 11 38 276.7  8.4
2016 09 21 11 12 06 279.5  9.0
2016 09 21 11 12 35 276.7  8.5
2016 09 21 11 13 03 281.7  8.3
2016 09 21 11 13 31 276.5  8.5
2016 09 21 11 13 60 276.6  8.6
2016 09 21 11 14 28 276.3  8.3
2016 09 21 11 14 57 278.0  8.7
2016 09 21 11 15 28 280.2  8.6
2016 09 21 11 15 56 281.6  8.4
2016 09 21 11 16 25 275.7  8.8
2016 09 21 11 16 53 277.2  8.9
2016 09 21 11 17 21 274.1  8.7
2016 09 21 11 17 50 280.5  8.9
2016 09 21 11 18 18 275.9  9.1
2016 09 21 11 18 47 276.5  9.5
2016 09 21 11 19 15 274.3  8.8
2016 09 21 11 19 44 278.7  8.7
2016 09 21 11 20 12 277.3  8.8
2016 09 21 11 20 41 279.6  8.8
2016 09 21 11 21 09 276.5  8.7
2016 09 21 11 21 40 277.8  9.1
2016 09 21 11 22 08 278.4  8.9
2016 09 21 11 22 37 275.8  8.7
2016 09 21 11 23 05 281.3  8.1
2016 09 21 11 23 33 276.9  9.0
2016 09 21 11 24 02 276.5  8.7
2016 09 21 11 24 33 277.4  8.8
2016 09 21 11 25 02 283.1  9.0
2016 09 21 11 25 30 277.9  8.7
2016 09 21 11 25 59 278.2  9.2
2016 09 21 11 26 27 273.9  8.9
2016 09 21 11 26 55 275.5  8.3
2016 09 21 11 27 24 278.4  9.2
2016 09 21 11 27 54 274.4  8.8
2016 09 21 11 28 23 277.0  8.9
2016 09 21 11 28 51 278.4  8.6
2016 09 21 11 29 20 281.0  8.9
2016 09 21 11 29 48 272.5  8.6
2016 09 21 11 30 17 279.9  8.5
2016 09 21 11 30 45 276.7  8.5
2016 09 21 11 31 13 273.4  8.7
2016 09 21 11 31 42 272.8  8.6
2016 09 21 11 32 10 277.0  9.0
2016 09 21 11 32 39 277.9  8.9
2016 09 21 11 33 07 280.4  9.6
2016 09 21 11 33 36 271.7  9.0
2016 09 21 11 34 06 278.0  9.1
2016 09 21 11 34 35 276.8  9.0
2016 09 21 11 35 04 279.8  9.0
2016 09 21 11 35 33 278.0  9.0
2016 09 21 11 36 01 278.7  9.2
2016 09 21 11 36 29 278.6  9.1
2016 09 21 11 36 58 275.5  8.9
2016 09 21 11 37 26 280.6  9.5
2016 09 21 11 37 55 277.4  9.1
2016 09 21 11 38 26 275.4  9.5
2016 09 21 11 38 55 275.7  9.2
2016 09 21 11 39 24 275.8  9.1
2016 09 21 11 39 54 276.4  9.0
2016 09 21 11 40 22 274.3  9.2
2016 09 21 11 40 51 276.8  9.4
2016 09 21 11 41 19 272.9  8.5
2016 09 21 11 41 48 278.1  9.4
2016 09 21 11 42 16 277.8  9.3
2016 09 21 11 42 45 281.2  9.2
2016 09 21 11 43 13 278.9  9.2
2016 09 21 11 43 42 277.7  9.4
2016 09 21 11 44 10 278.4  9.1
2016 09 21 11 44 40 276.6  9.9
2016 09 21 11 45 08 277.3  9.2
2016 09 21 11 45 37 273.9  9.0
2016 09 21 11 46 07 276.5  9.5
2016 09 21 11 46 36 277.7  8.8
2016 09 21 11 47 04 275.6  9.1
2016 09 21 11 47 32 274.5  9.3
2016 09 21 11 48 01 278.0  9.0
2016 09 21 11 48 29 274.0  9.4
2016 09 21 11 48 58 275.8  9.3
2016 09 21 11 49 26 274.0  9.0
2016 09 21 11 49 55 278.0  9.1
2016 09 21 12 57 09 277.4 10.7
2016 09 21 12 57 38 274.9 10.1
2016 09 21 12 58 07 278.5 10.1
2016 09 21 12 58 35 275.6  9.8
2016 09 21 12 59 04 278.0  9.6
2016 09 21 12 59 32 276.8  9.8
2016 09 21 13 00 00 275.1  9.8
2016 09 21 13 00 29 276.8  9.3
2016 09 21 13 00 57 280.2  9.3
2016 09 21 13 01 26 276.1  9.8
2016 09 21 13 01 54 277.2  9.8
2016 09 21 13 02 23 277.0  9.5
2016 09 21 13 02 51 277.3  9.5
2016 09 21 13 03 21 278.0  9.4
2016 09 21 13 03 50 278.1  9.8
2016 09 21 13 04 18 277.9  9.4
2016 09 21 13 04 47 273.6  8.9
2016 09 21 13 05 15 280.4  9.4
2016 09 21 13 05 43 277.2  9.0
2016 09 21 13 06 12 275.6  9.4
2016 09 21 13 06 41 277.6  9.7
2016 09 21 13 07 09 279.4  9.6
2016 09 21 13 07 38 275.6  8.9
2016 09 21 13 08 06 277.7  9.4
2016 09 21 13 08 35 280.5  8.8
2016 09 21 13 09 05 280.7  9.4
2016 09 21 13 09 34 273.9  9.2
2016 09 21 13 10 02 276.2  9.6
2016 09 21 13 10 30 275.7  9.6
2016 09 21 13 10 59 279.5  9.6
2016 09 21 13 11 27 276.8  9.6
2016 09 21 13 11 56 278.0  9.4
2016 09 21 13 12 24 278.8  9.5
2016 09 21 13 12 53 275.3  9.0
2016 09 21 13 13 21 273.9 10.2
2016 09 21 13 13 50 274.6  9.5
2016 09 21 13 14 18 281.8  9.2
2016 09 21 13 14 46 279.2  9.6
2016 09 21 13 15 17 281.5 10.0
2016 09 21 13 15 45 282.8  9.8
2016 09 21 13 16 13 276.3  9.1
2016 09 21 13 16 42 277.7  9.1
2016 09 21 13 17 10 278.4  9.6
2016 09 21 13 17 39 276.9  9.5
2016 09 21 13 18 07 272.7  9.3
2016 09 21 13 18 36 279.4  9.6
2016 09 21 13 19 05 274.2  9.9
2016 09 21 13 19 33 274.4  9.0
2016 09 21 13 20 01 278.4 10.0
2016 09 21 13 20 30 273.9  9.0
2016 09 21 13 20 59 273.4  9.2
2016 09 21 13 21 29 280.3  9.3
2016 09 21 13 21 57 276.7  9.5
2016 09 21 13 22 26 275.2  9.3
2016 09 21 13 22 55 277.5  9.7
2016 09 21 13 23 23 273.6  9.0
2016 09 21 13 23 52 275.8  9.2
2016 09 21 13 24 20 278.4  9.4
2016 09 21 13 24 49 272.8  9.0
2016 09 21 13 25 17 277.1  9.7
2016 09 21 13 25 46 274.4  9.4
2016 09 21 13 26 14 274.5  9.4
2016 09 21 13 26 42 276.6  9.4
2016 09 21 13 27 11 274.1  9.5
2016 09 21 13 27 41 275.1  9.1
2016 09 21 13 28 09 280.5  9.5
2016 09 21 13 28 38 277.7 10.1
2016 09 21 13 32 00 273.8  9.0
2016 09 21 13 32 30 277.1  9.4
2016 09 21 13 32 60 279.3  9.4
2016 09 21 13 33 28 278.9  9.5
2016 09 21 13 33 57 277.1 10.0
2016 09 21 13 34 25 278.2  9.7
2016 09 21 13 34 54 279.0  9.4
2016 09 21 13 35 22 279.3  9.5
2016 09 21 13 35 50 274.7  9.9
2016 09 21 13 36 19 278.8  9.3
2016 09 21 13 36 47 278.1  9.2
2016 09 21 13 37 16 271.5  9.7
2016 09 21 13 37 46 279.2  9.7
2016 09 21 13 38 15 273.4 10.0
2016 09 21 13 38 43 274.3  8.8
2016 09 21 13 39 11 276.7  9.3
2016 09 21 13 39 40 274.8  8.9
2016 09 21 13 40 08 272.6  9.3
2016 09 21 13 40 37 277.5  9.8
2016 09 21 13 41 05 277.7  9.6
2016 09 21 13 41 34 279.2  8.9
2016 09 21 13 42 02 278.5  9.3
2016 09 21 13 42 31 277.4  9.5
2016 09 21 13 42 59 279.1  9.3
2016 09 21 13 43 27 281.0  9.5
2016 09 21 13 43 58 280.2  9.4
2016 09 21 13 44 26 279.3  9.3
2016 09 21 13 44 54 272.9  9.6
2016 09 21 13 45 23 274.2  8.9
2016 09 21 13 45 51 279.2  9.7
2016 09 21 13 46 20 277.4  8.9
2016 09 21 13 46 49 275.5  9.2
2016 09 21 13 47 17 280.8  9.8
2016 09 21 13 47 45 274.5  9.1
2016 09 21 13 48 14 278.4 10.1
2016 09 21 13 48 43 279.7  9.3
2016 09 21 13 49 11 274.6  9.2
2016 09 21 13 49 39 274.8  9.0
2016 09 21 13 50 10 275.5  9.6
2016 09 21 13 50 38 275.6  9.4
2016 09 21 13 51 06 275.7  9.2
2016 09 21 13 51 35 276.3  9.5
2016 09 21 13 52 03 278.1  9.0
2016 09 21 13 52 32 277.3  9.3
2016 09 21 13 53 01 280.9  9.3
2016 09 21 13 53 29 278.2  9.5
2016 09 21 13 53 58 279.1  9.8
2016 09 21 13 54 26 281.0  9.2
2016 09 21 13 54 54 278.7  9.6
2016 09 21 13 55 23 270.6  8.9
2016 09 21 13 55 51 279.3  9.7
2016 09 21 13 56 22 271.0  9.3
2016 09 21 13 56 50 277.1  9.1
2016 09 21 13 57 19 279.6  9.7
2016 09 21 13 57 47 278.8  9.1
2016 09 21 13 58 15 278.1  9.0
2016 09 21 13 58 44 284.1  9.7
2016 09 21 13 59 12 278.1  9.2
2016 09 21 13 59 41 278.1  9.2
2016 09 21 14 00 09 278.6  9.5
2016 09 21 14 00 41 274.7  9.4
2016 09 21 14 01 10 274.6  9.3
2016 09 21 14 01 39 276.5  9.6
2016 09 21 14 02 09 276.2  9.0
2016 09 21 14 02 38 278.9  9.8
2016 09 21 14 03 06 276.9  9.5
2016 09 21 14 03 34 278.0  8.9
2016 09 21 14 04 03 275.6  9.1
2016 09 21 14 04 31 277.1  9.5
2016 09 21 14 04 60 275.1  9.1
2016 09 21 14 05 28 281.3  9.5
2016 09 21 14 05 57 271.4  8.9
2016 09 21 14 06 25 275.8  9.4
2016 09 21 14 06 54 278.7  9.3
2016 09 21 14 07 22 279.6  9.7
2016 09 21 14 07 50 273.8  9.3
2016 09 21 14 08 21 279.0  8.9
2016 09 21 14 08 49 273.4  9.3
2016 09 21 14 09 18 274.9  9.5
2016 09 21 14 09 46 279.6  9.6
2016 09 21 14 10 15 281.6  9.4
2016 09 21 14 10 43 280.4  9.1
2016 09 21 14 11 12 278.8  9.1
2016 09 21 14 11 41 274.9  9.1
2016 09 21 14 12 09 277.4  8.6
2016 09 21 14 22 20 278.5  9.4
2016 09 21 14 22 49 277.6  9.2
2016 09 21 14 23 18 275.5  9.2
2016 09 21 14 23 46 279.0  9.0
2016 09 21 14 24 15 278.8  8.7
2016 09 21 14 24 43 278.0  9.2
2016 09 21 14 25 12 279.3  9.5
2016 09 21 14 25 41 271.3  9.0
2016 09 21 14 26 09 273.2  9.5
2016 09 21 14 26 38 278.3  9.0
2016 09 21 14 27 06 278.5  9.0
2016 09 21 14 27 35 277.5  9.4
2016 09 21 14 28 04 275.9  9.1
2016 09 21 14 28 58 277.0  9.0
2016 09 21 14 29 27 277.6  9.3
2016 09 21 14 29 56 272.6  8.5
2016 09 21 14 30 25 279.8  9.0
2016 09 21 14 30 53 278.0  9.0
2016 09 21 14 31 22 275.2  8.9
2016 09 21 14 31 50 277.3  9.2
2016 09 21 14 32 19 273.1  8.3
2016 09 21 14 32 47 276.2  8.6
2016 09 21 14 33 16 274.5  9.1
2016 09 21 14 33 44 273.6  8.6
2016 09 21 14 34 13 274.4  8.5
2016 09 21 14 34 43 274.3  8.9
2016 09 21 14 35 11 280.1  8.3
2016 09 21 14 35 40 284.9  9.0
2016 09 21 14 36 08 276.8  8.7
2016 09 21 14 36 37 281.2  8.8
2016 09 21 14 37 05 277.8  8.4
2016 09 21 14 37 34 275.8  8.7
2016 09 21 14 38 02 280.1  9.1
2016 09 21 14 38 31 276.0  8.5
2016 09 21 14 38 59 276.4  8.9
2016 09 21 14 39 28 278.2  8.5
2016 09 21 14 39 56 275.0  8.7
2016 09 21 14 40 25 276.5  8.2
2016 09 21 14 40 55 280.2  9.3
2016 09 21 14 41 23 276.9  8.3
2016 09 21 14 41 52 278.9  8.5
2016 09 21 14 42 20 276.1  8.6
2016 09 21 14 42 49 275.1  8.7
2016 09 21 14 43 17 282.3  9.2
2016 09 21 14 43 46 274.7  8.3
2016 09 21 14 44 14 274.2  9.0
2016 09 21 14 44 43 275.2  8.7
2016 09 21 14 45 11 280.7  9.2
2016 09 21 14 45 40 274.5  8.8
2016 09 21 14 46 08 282.2  9.0
2016 09 21 14 46 37 279.9  8.7
2016 09 21 14 47 07 277.8  8.5
2016 09 21 14 47 35 276.0  8.7
2016 09 21 14 48 04 278.6  9.1
2016 09 21 14 48 32 278.2  8.6
2016 09 21 14 49 01 276.5  8.4
2016 09 21 14 49 29 276.4  8.1
2016 09 21 14 49 58 276.1  8.7
2016 09 21 14 50 26 280.3  8.7
2016 09 21 14 50 55 276.3  8.1
2016 09 21 14 51 24 276.8  8.6
2016 09 21 14 51 53 278.2  9.2
2016 09 21 14 52 21 276.0  8.6
2016 09 21 14 52 49 276.2  8.5
2016 09 21 14 53 20 277.8  8.5
2016 09 21 14 53 49 276.9  8.1
2016 09 21 14 54 17 279.2  8.4
2016 09 21 14 54 45 275.2  8.7
2016 09 21 14 55 14 273.1  8.6
2016 09 21 14 55 42 277.3  8.9
2016 09 21 14 56 11 279.0  9.1
2016 09 21 14 56 39 273.9  8.2
2016 09 21 14 57 08 277.0  8.5
2016 09 21 14 57 36 273.9  7.9
2016 09 21 14 58 05 277.1  8.2
2016 09 21 14 58 33 279.1  8.2
2016 09 21 14 59 04 279.7  8.3
2016 09 21 14 59 32 277.7  8.4
2016 09 21 15 00 01 274.4  8.4
2016 09 21 15 00 29 273.4  8.4
2016 09 21 15 00 58 275.1  8.4
2016 09 21 15 01 26 275.0  8.7
2016 09 21 15 01 55 272.0  8.4
2016 09 21 15 02 24 276.6  8.1
2016 09 21 15 02 52 274.7  8.7
2016 09 21 15 03 21 277.9  8.6
2016 09 21 15 03 49 275.8  8.8
2016 09 21 15 04 18 279.4  8.9
2016 09 21 15 04 46 275.6  8.4
2016 09 21 15 05 17 272.2  7.8
2016 09 21 15 05 45 276.8  7.9
2016 09 21 15 06 13 276.9  8.4
2016 09 21 15 06 42 277.6  8.1
2016 09 21 15 07 10 278.2  8.4
2016 09 21 15 07 39 280.3  9.1
2016 09 21 15 08 07 279.0  8.1
2016 09 21 15 08 36 276.4  8.7
2016 09 21 15 09 04 278.1  8.5
2016 09 21 15 09 33 274.5  8.3
2016 09 21 15 10 01 277.1  8.4
2016 09 21 15 10 30 276.6  8.4
2016 09 21 15 10 58 272.6  8.0
2016 09 21 15 11 28 278.0  7.9
2016 09 21 15 11 57 278.5  8.4
2016 09 21 15 12 25 277.2  8.1
2016 09 21 15 12 54 272.4  8.2
2016 09 21 15 13 22 281.3  8.7
2016 09 21 15 13 51 274.5  8.3
2016 09 21 15 14 19 277.1  8.1
2016 09 21 15 14 48 279.8  9.3
2016 09 21 15 15 16 276.6  7.9
2016 09 21 15 15 45 281.7  8.3
2016 09 21 15 16 13 276.3  8.4
2016 09 21 15 16 42 280.0  8.4
2016 09 21 15 17 10 276.1  8.1
2016 09 21 15 17 41 280.8  8.3
2016 09 21 15 18 09 277.0  8.2
2016 09 21 15 18 38 283.3  8.0
2016 09 21 15 19 06 276.1  8.3
2016 09 21 15 19 35 271.2  8.3
2016 09 21 15 20 04 277.8  8.0
2016 09 21 15 20 32 279.2  8.0
2016 09 21 15 21 01 282.6  8.1
2016 09 21 15 21 29 274.7  7.7
2016 09 21 15 21 58 277.3  8.3
2016 09 21 15 22 26 275.8  7.6
2016 09 21 15 22 56 279.4  7.9
2016 09 21 15 23 26 275.5  8.0
2016 09 21 15 23 55 280.0  8.5
2016 09 21 15 24 23 280.0  8.3
2016 09 21 15 24 52 276.8  7.9
2016 09 21 15 25 20 277.1  7.8
2016 09 21 15 25 50 277.6  7.7
2016 09 21 15 26 18 273.0  8.2
2016 09 21 15 26 47 282.1  8.4
2016 09 21 15 27 15 269.4  8.0
2016 09 21 15 27 44 274.1  7.6
2016 09 21 15 28 12 277.9  7.9
2016 09 21 15 28 41 277.4  7.8
2016 09 21 15 29 10 277.3  8.1
2016 09 21 15 29 40 277.1  7.8
2016 09 21 15 30 08 275.9  8.1
2016 09 21 15 30 37 275.1  7.6
2016 09 21 15 31 06 277.7  8.0
2016 09 21 15 31 34 279.5  8.3
2016 09 21 15 32 03 276.6  7.6
2016 09 21 15 32 31 275.3  7.5
2016 09 21 15 32 60 277.9  8.2
2016 09 21 15 33 28 275.0  8.4
2016 09 21 15 33 57 276.3  7.6
2016 09 21 15 34 25 278.5  7.5
2016 09 21 15 34 54 275.5  8.1
2016 09 21 15 35 22 275.4  7.3
2016 09 21 15 35 53 281.5  7.9
2016 09 21 15 36 21 277.9  7.6
2016 09 21 15 36 50 283.2  7.7
2016 09 21 15 37 19 275.1  7.6
2016 09 21 15 37 47 279.3  7.7
2016 09 21 15 38 16 279.8  8.3
2016 09 21 15 38 44 281.1  7.6
2016 09 21 15 39 13 276.4  7.2
2016 09 21 15 39 41 279.4  7.7
2016 09 21 15 40 10 278.0  7.2
2016 09 21 15 40 38 284.9  7.8
2016 09 21 15 41 07 277.0  8.2
2016 09 21 15 41 35 277.7  8.5
2016 09 21 15 42 06 277.9  7.8
2016 09 21 15 42 34 276.9  7.7
2016 09 21 15 43 03 282.6  8.5
2016 09 21 15 43 32 279.4  7.8
2016 09 21 15 44 00 274.2  7.8
2016 09 21 15 44 29 272.7  7.4
2016 09 21 15 44 57 276.9  8.1
2016 09 21 15 45 26 279.7  7.3
2016 09 21 15 45 54 276.7  7.3
2016 09 21 15 46 23 276.9  8.1
2016 09 21 15 46 51 273.1  7.3
2016 09 21 15 47 20 276.5  7.2
2016 09 21 15 47 51 275.5  7.1
2016 09 21 15 48 19 282.5  8.2
2016 09 21 15 48 48 280.3  8.1
2016 09 21 15 49 16 278.5  8.2
2016 09 21 15 49 45 282.4  7.3
2016 09 21 15 50 13 277.3  7.8
2016 09 21 15 50 42 282.3  7.3
2016 09 21 15 51 11 276.8  7.5
2016 09 21 15 51 39 274.8  7.0
2016 09 21 15 52 08 273.2  7.2
2016 09 21 15 52 37 271.2  7.3
2016 09 21 15 53 05 279.3  8.0
2016 09 21 15 53 34 269.6  7.4
2016 09 21 15 54 04 272.6  6.9
2016 09 21 15 54 33 284.6  7.9
2016 09 21 15 55 01 274.0  7.6
2016 09 21 15 55 30 280.1  7.6
2016 09 21 15 55 58 277.9  7.9
2016 09 21 15 56 27 275.6  7.2
2016 09 21 15 56 56 279.4  7.3
2016 09 21 15 57 24 278.3  7.0
2016 09 21 15 57 53 274.3  6.5
2016 09 21 15 58 21 282.5  8.0
2016 09 21 15 58 50 277.7  6.8
2016 09 21 15 59 19 277.0  7.3
2016 09 21 15 59 47 280.6  7.4
2016 09 21 16 00 18 274.9  6.4
2016 09 21 16 00 46 280.1  7.3
2016 09 21 16 01 15 280.6  7.7
2016 09 21 16 01 43 272.4  7.7
2016 09 21 16 02 12 277.2  6.9
2016 09 21 16 02 41 275.8  7.0
2016 09 21 16 03 09 275.7  7.1
2016 09 21 16 03 38 281.0  7.5
2016 09 21 16 04 06 281.4  8.0
2016 09 21 16 04 35 281.2  7.4
2016 09 21 16 05 03 277.6  7.4
2016 09 21 16 05 33 270.7  6.3
2016 09 21 16 06 02 280.1  6.9
2016 09 21 16 06 32 276.7  7.4
2016 09 21 16 07 01 275.7  7.4
2016 09 21 16 07 29 275.1  7.1
2016 09 21 16 07 58 273.4  7.3
2016 09 21 16 08 27 272.8  7.1
2016 09 21 16 08 55 278.5  7.5
2016 09 21 16 09 24 277.6  6.9
2016 09 21 16 09 53 273.0  7.2
2016 09 21 16 10 21 274.3  7.4
2016 09 21 16 10 50 278.1  6.8
2016 09 21 16 11 18 275.0  7.0
2016 09 21 16 11 47 268.3  7.6
2016 09 21 16 12 17 273.3  6.4
2016 09 21 16 12 46 271.9  6.6
2016 09 21 16 13 14 273.7  6.9
2016 09 21 16 13 43 280.3  6.9
2016 09 21 16 14 12 282.9  6.4
2016 09 21 16 14 40 275.8  7.7
2016 09 21 16 15 09 287.4  7.4
2016 09 21 16 15 37 281.4  7.7
2016 09 21 16 16 06 280.7  7.6
2016 09 21 16 16 35 276.8  6.7
2016 09 21 16 17 03 286.3  8.0
2016 09 21 16 17 32 279.5  8.0
2016 09 21 16 18 00 277.4  6.5
2016 09 21 16 18 30 273.7  7.7
2016 09 21 16 18 59 275.0  7.2
2016 09 21 16 19 27 279.3  7.0
2016 09 21 16 19 56 274.5  7.4
2016 09 21 16 20 25 283.0  6.5
2016 09 21 16 20 53 281.7  6.5
2016 09 21 16 21 22 283.3  6.9
2016 09 21 16 21 51 281.1  6.6
2016 09 21 16 22 19 275.8  6.4
2016 09 21 16 22 48 278.2  7.7
2016 09 21 16 23 16 285.0  8.1
2016 09 21 16 23 45 269.1  6.6
2016 09 21 16 24 14 277.2  6.7
2016 09 21 16 24 44 276.8  6.1
2016 09 21 16 25 13 269.3  6.8
2016 09 21 16 25 41 279.0  6.9
2016 09 21 16 26 10 274.1  6.5
2016 09 21 16 26 39 272.4  7.5
2016 09 21 16 27 07 275.1  6.5
2016 09 21 16 27 36 272.1  6.5
2016 09 21 16 28 04 280.2  7.3
2016 09 21 16 28 33 270.7  6.0
2016 09 21 16 29 01 274.6  6.1
2016 09 21 16 29 30 278.3  6.9
2016 09 21 16 29 58 276.7  6.7
2016 09 21 16 30 27 284.0  7.2
2016 09 21 16 30 57 272.7  6.8
2016 09 21 16 31 26 275.2  6.3
2016 09 21 16 31 54 275.5  6.3
2016 09 21 16 32 23 282.6  7.1
2016 09 21 16 32 52 274.3  7.1
2016 09 21 16 33 20 280.6  6.7
2016 09 21 16 33 49 275.9  7.7
2016 09 21 16 34 17 279.1  6.1
2016 09 21 16 34 46 282.6  7.1
2016 09 21 16 35 14 271.1  6.9
2016 09 21 16 35 43 275.6  7.0
2016 09 21 16 36 12 275.2  7.0
2016 09 21 16 36 42 296.4  9.0
2016 09 21 16 37 11 276.8  6.7
2016 09 21 16 37 39 276.6  6.3
2016 09 21 16 38 08 276.6  7.2
2016 09 21 16 38 37 277.4  7.9
2016 09 21 16 39 05 293.0  9.0
2016 09 21 16 39 34 282.2  8.0
2016 09 21 16 40 03 278.7  7.4
2016 09 21 16 40 31 276.2  7.1
2016 09 21 16 40 60 287.7  6.6
2016 09 21 16 41 28 284.1  6.9
2016 09 21 16 41 57 268.7  6.6
2016 09 21 16 42 25 279.6  6.9
2016 09 21 16 42 56 297.2 11.2
2016 09 21 16 43 25 277.8  6.2
2016 09 21 16 43 53 271.7  5.8
2016 09 21 16 44 22 284.7  7.6
2016 09 21 16 44 51 274.6  6.1
2016 09 21 16 45 19 272.0  5.9
2016 09 21 16 45 48 276.2  6.4
2016 09 21 16 46 16 275.6  7.0
2016 09 21 16 46 45 268.2  6.3
2016 09 21 16 47 13 273.0  5.9
2016 09 21 16 47 42 279.7  8.1
2016 09 21 16 48 10 280.6  6.3
2016 09 21 16 48 39 285.3  7.6
2016 09 21 16 49 09 273.3  6.4
2016 09 21 16 49 38 267.8  7.0
2016 09 21 16 50 07 281.7  8.1
2016 09 21 16 50 35 283.5  7.0
2016 09 21 16 51 04 275.6  7.5
2016 09 21 16 51 32 279.8  6.9
2016 09 21 16 52 01 271.8  6.6
2016 09 21 16 52 30 298.6  9.3
2016 09 21 16 52 58 275.7  6.3
2016 09 21 16 53 27 271.1  6.6
2016 09 21 16 53 55 272.0  7.0
2016 09 21 16 54 24 271.9  6.1
2016 09 21 16 54 52 282.2  6.4
2016 09 21 16 55 23 276.3  6.5
2016 09 21 16 55 51 272.6  6.5
2016 09 21 16 56 20 268.1  7.1
2016 09 21 16 56 49 286.3  7.0
2016 09 21 16 57 17 282.0  6.7
2016 09 21 16 57 46 292.7  8.2
2016 09 21 16 58 15 283.3  6.6
2016 09 21 16 58 43 285.9  7.1
2016 09 21 16 59 12 292.8  8.0
2016 09 21 16 59 41 277.1  8.6
2016 09 21 17 00 09 287.1  9.9
2016 09 21 17 00 38 280.0  6.3
2016 09 21 17 01 09 285.6  6.8
2016 09 21 17 01 37 290.6 10.0
2016 09 21 17 02 06 275.6  7.0
2016 09 21 17 02 35 276.2  6.5
2016 09 21 17 03 03 287.9  6.9
2016 09 21 17 03 32 281.4  7.7
2016 09 21 17 04 01 276.1  6.2
2016 09 21 17 04 29 289.5  9.2
2016 09 21 17 04 58 286.6  8.0
2016 09 21 17 05 27 292.8  8.8
2016 09 21 17 05 55 291.2  8.8
2016 09 21 17 06 24 278.6  8.1
2016 09 21 17 06 53 285.2 10.7
2016 09 21 17 07 23 284.0  7.6
2016 09 21 17 08 20 287.5  8.4
2016 09 21 17 08 49 277.8  8.2
2016 09 21 17 09 17 284.1  8.0
2016 09 21 17 09 46 281.1  9.2
2016 09 21 17 10 15 300.0  9.3
2016 09 21 17 10 43 287.1  7.8
2016 09 21 17 11 12 301.8  9.1
2016 09 21 17 11 40 290.2  9.0
2016 09 21 17 12 09 273.3  7.6
2016 09 21 17 12 38 270.5  9.5
2016 09 21 17 13 37 274.3  8.2
2016 09 21 17 14 05 275.3  6.4
2016 09 21 17 14 34 293.3  9.6
2016 09 21 17 16 00 299.0 10.7
2016 09 21 17 16 29 314.7 11.8
2016 09 21 17 16 57 275.7  7.5
2016 09 21 17 17 55 293.2  8.4
2016 09 21 17 18 52 283.5  7.8
2016 09 21 17 19 51 282.9 10.7
2016 09 21 17 20 48 284.0 10.4
2016 09 21 17 21 45 269.9  7.5
2016 09 21 17 22 14 287.0  8.8
2016 09 21 17 22 43 290.1 10.1
2016 09 21 17 25 37 278.0 11.4
2016 09 21 17 28 00 292.4 11.2
2016 09 21 17 30 52 282.6 11.2
