%AVODOR ozone retrieval from direct irradiance
%4 8 2017 Luca Egli (Format: Date/Time, TO3, Crit.) range: 305 -340 nm, with wl-shift
%Using Ozonesonde ozonsonde/ozonesonde_16092111.24Z.csv
%Effective ozone temperature 229.1 K
%Effective ozone height 24.5 km 
%Using ozone x-sections bremen
2016 09 23 08 19 48 248.0 11.1
2016 09 23 08 27 23 254.3  9.2
2016 09 23 08 32 08 277.3 10.9
2016 09 23 08 34 29 287.8 10.4
2016 09 23 08 34 58 267.1  8.2
2016 09 23 08 35 56 298.6 11.6
2016 09 23 08 36 24 314.2 10.9
2016 09 23 08 37 49 309.1  9.7
2016 09 23 08 38 18 274.5  8.2
2016 09 23 08 38 46 313.3 11.0
2016 09 23 08 39 15 290.9  9.3
2016 09 23 08 39 44 279.6  8.8
2016 09 23 08 40 40 269.1  9.0
2016 09 23 08 42 35 282.6 10.1
2016 09 23 08 43 04 282.7  6.5
2016 09 23 08 43 32 303.3 10.5
2016 09 23 08 44 29 277.8  8.3
2016 09 23 08 44 57 285.7 10.2
2016 09 23 08 45 54 279.2  9.1
2016 09 23 08 46 22 287.4  9.2
2016 09 23 08 46 51 291.1  8.8
2016 09 23 08 47 19 267.4  8.3
2016 09 23 08 47 49 294.5 10.1
2016 09 23 08 48 17 316.4 11.2
2016 09 23 08 48 46 288.6  7.9
2016 09 23 08 49 15 277.9  7.0
2016 09 23 08 49 44 287.6  8.1
2016 09 23 08 50 12 283.9  8.0
2016 09 23 08 50 41 292.1  8.2
2016 09 23 08 51 09 285.4  9.1
2016 09 23 08 51 37 291.4  8.4
2016 09 23 08 52 06 280.5  7.9
2016 09 23 08 52 34 285.2  7.2
2016 09 23 08 53 03 299.5 11.5
2016 09 23 08 53 31 259.4  6.2
2016 09 23 08 54 01 283.7  7.2
2016 09 23 08 54 29 295.6  8.7
2016 09 23 08 54 57 287.0  7.0
2016 09 23 08 55 26 310.6  9.2
2016 09 23 08 55 54 302.7 11.2
2016 09 23 08 56 22 296.7  9.9
2016 09 23 08 56 51 284.8  7.1
2016 09 23 08 57 47 289.3  8.1
2016 09 23 08 58 16 282.7  9.4
2016 09 23 08 58 44 268.8  7.1
2016 09 23 08 59 12 284.8  7.7
2016 09 23 08 59 41 281.2  7.1
2016 09 23 09 00 11 275.2  7.5
2016 09 23 09 00 39 288.1  7.8
2016 09 23 09 01 07 299.9  8.5
2016 09 23 09 01 36 294.9 10.4
2016 09 23 09 02 04 287.7  7.3
2016 09 23 09 02 33 303.1  7.6
2016 09 23 09 03 01 287.3  8.2
2016 09 23 09 03 29 272.9  6.4
2016 09 23 09 03 58 278.6  7.1
2016 09 23 09 04 26 284.2  6.4
2016 09 23 09 04 55 271.3  7.1
2016 09 23 09 05 23 282.4  7.7
2016 09 23 09 05 53 278.1  7.6
2016 09 23 09 06 21 287.3  7.2
2016 09 23 09 06 50 278.6  7.0
2016 09 23 09 07 18 281.2  7.9
2016 09 23 09 07 46 283.1  6.6
2016 09 23 09 08 15 281.3  7.1
2016 09 23 09 08 43 292.2  7.9
2016 09 23 09 09 11 276.1  7.4
2016 09 23 09 09 40 278.5  7.4
2016 09 23 09 10 08 279.5  6.4
2016 09 23 09 10 36 280.8  7.4
2016 09 23 09 11 05 279.1  6.5
2016 09 23 09 11 33 283.2  6.4
2016 09 23 09 12 03 283.4  7.7
2016 09 23 09 12 31 276.4  6.6
2016 09 23 09 12 59 292.6  8.2
2016 09 23 09 13 28 276.0  7.2
2016 09 23 09 13 56 284.8  7.9
2016 09 23 09 14 24 287.1  7.8
2016 09 23 09 14 53 279.8  7.3
2016 09 23 09 15 21 277.6  7.1
2016 09 23 09 15 49 283.3  6.3
2016 09 23 09 16 18 279.6  7.8
2016 09 23 09 16 46 279.2  7.0
2016 09 23 09 17 14 277.7  7.0
2016 09 23 09 17 43 281.9  7.0
2016 09 23 09 18 13 280.1  6.3
2016 09 23 09 18 41 283.2  7.4
2016 09 23 09 19 09 266.6  6.5
2016 09 23 09 19 38 274.9  6.6
2016 09 23 09 20 06 278.5  6.9
2016 09 23 09 20 35 278.1  6.9
2016 09 23 09 21 03 273.2  7.4
2016 09 23 09 21 31 282.2  8.5
2016 09 23 09 21 60 286.6  6.9
2016 09 23 09 22 28 288.5  7.8
2016 09 23 09 22 56 289.2  6.7
2016 09 23 09 23 25 280.3  6.9
2016 09 23 09 23 53 289.8  7.5
2016 09 23 09 24 23 279.3  6.8
2016 09 23 09 24 52 275.3  7.1
2016 09 23 09 25 20 286.9  6.7
2016 09 23 09 25 49 285.4  8.2
2016 09 23 09 26 17 273.7  6.5
2016 09 23 09 26 45 276.8  6.6
2016 09 23 09 27 14 284.0  7.2
2016 09 23 09 27 42 272.0  6.3
2016 09 23 09 28 10 281.0  7.0
2016 09 23 09 28 39 285.0  7.9
2016 09 23 09 29 07 280.7  7.4
2016 09 23 09 29 35 279.5  7.2
2016 09 23 09 30 05 287.0  6.9
2016 09 23 09 30 34 285.5  6.9
2016 09 23 09 31 02 271.6  7.2
2016 09 23 09 31 30 279.0  7.4
2016 09 23 09 31 59 282.0  7.8
2016 09 23 09 32 27 282.9  7.1
2016 09 23 09 32 55 285.6  7.1
2016 09 23 09 33 24 281.2  6.5
2016 09 23 09 33 52 273.0  6.9
2016 09 23 09 34 21 279.8  7.1
2016 09 23 09 34 49 283.9  6.9
2016 09 23 09 35 17 288.5  7.5
2016 09 23 09 35 46 287.6  6.7
2016 09 23 09 36 16 281.3  6.8
2016 09 23 09 36 45 281.9  7.0
2016 09 23 09 37 13 288.9  8.8
2016 09 23 09 37 41 286.8  8.3
2016 09 23 09 38 10 281.4  6.8
2016 09 23 09 38 38 285.8  7.6
2016 09 23 09 39 07 273.2  7.2
2016 09 23 09 39 35 284.4  7.6
2016 09 23 09 40 03 274.8  6.7
2016 09 23 09 40 32 274.4  6.9
2016 09 23 09 41 00 282.4  6.5
2016 09 23 09 41 29 284.7  7.5
2016 09 23 09 41 57 284.8  7.8
2016 09 23 09 42 27 281.7  7.2
2016 09 23 09 42 55 278.8  7.2
2016 09 23 09 43 24 275.3  7.2
2016 09 23 09 43 52 275.1  7.5
2016 09 23 09 44 21 279.4  7.4
2016 09 23 09 44 49 284.9  7.2
2016 09 23 09 45 17 281.7  7.9
2016 09 23 09 45 46 287.0  8.0
2016 09 23 09 46 14 280.6  7.4
2016 09 23 09 46 43 271.1  7.4
2016 09 23 09 47 11 283.7  7.9
2016 09 23 09 47 39 277.7  6.9
2016 09 23 09 48 08 277.1  6.9
2016 09 23 09 48 39 278.9  6.5
2016 09 23 09 49 07 285.5  7.8
2016 09 23 09 49 35 286.2  8.7
2016 09 23 09 50 04 280.3  7.4
2016 09 23 09 50 32 272.7  7.5
2016 09 23 09 51 01 284.1  8.8
2016 09 23 09 51 29 279.6  6.8
2016 09 23 09 51 57 278.3  7.3
2016 09 23 09 52 26 281.9  8.2
2016 09 23 09 52 54 281.3  7.6
2016 09 23 09 53 23 274.5  7.4
2016 09 23 09 53 51 278.9  7.4
2016 09 23 09 54 21 277.4  7.3
2016 09 23 09 54 49 274.1  7.2
2016 09 23 09 55 18 280.2  7.9
2016 09 23 09 55 47 283.0  7.3
2016 09 23 09 56 15 286.0  8.3
2016 09 23 09 56 43 277.9  7.1
2016 09 23 09 57 12 280.5  7.5
2016 09 23 09 57 40 281.3  7.4
2016 09 23 09 58 09 282.9  7.9
2016 09 23 09 58 37 279.8  7.6
2016 09 23 09 59 05 273.1  7.0
2016 09 23 09 59 34 279.0  7.4
2016 09 23 10 00 02 277.3  7.0
2016 09 23 10 00 32 282.7  7.6
2016 09 23 10 01 01 280.1  7.6
2016 09 23 10 01 29 277.8  7.4
2016 09 23 10 01 57 281.4  7.9
2016 09 23 10 02 26 275.2  7.9
2016 09 23 10 02 54 280.5  7.4
2016 09 23 10 03 23 278.4  8.0
2016 09 23 10 03 51 275.0  7.7
2016 09 23 10 04 19 281.1  8.0
2016 09 23 10 04 48 277.8  8.5
2016 09 23 10 05 16 280.6  7.9
2016 09 23 10 05 45 279.6  8.2
2016 09 23 10 06 13 279.9  7.5
2016 09 23 10 06 43 279.1  7.6
2016 09 23 10 07 11 280.8  7.7
2016 09 23 10 07 40 278.1  7.8
2016 09 23 10 08 08 275.2  7.8
2016 09 23 10 08 37 278.8  7.8
2016 09 23 10 09 05 280.7  8.1
2016 09 23 10 09 33 280.4  7.6
2016 09 23 10 10 02 285.7  8.6
2016 09 23 10 10 31 273.4  7.6
2016 09 23 10 10 59 280.5  7.5
2016 09 23 10 11 27 283.8  8.1
2016 09 23 10 11 56 281.9  8.2
2016 09 23 10 12 24 286.2  9.6
2016 09 23 10 12 54 275.5  7.8
2016 09 23 10 13 23 284.0  8.1
2016 09 23 10 13 51 276.8  8.0
2016 09 23 10 14 19 278.9  8.1
2016 09 23 10 14 48 280.2  8.1
2016 09 23 10 15 16 277.9  8.2
2016 09 23 10 15 45 272.1  7.8
2016 09 23 10 16 13 281.5  8.3
2016 09 23 10 16 41 275.8  7.9
2016 09 23 10 17 10 282.0  8.0
2016 09 23 10 17 38 283.2  8.2
2016 09 23 10 18 07 283.4  8.1
2016 09 23 10 18 37 279.7  7.8
2016 09 23 10 19 05 280.4  8.0
2016 09 23 10 19 33 276.9  8.2
2016 09 23 10 20 02 276.6  8.7
2016 09 23 10 20 30 279.3  7.4
2016 09 23 10 20 59 279.6  7.9
2016 09 23 10 21 27 277.2  8.3
2016 09 23 10 21 55 282.6  7.3
2016 09 23 10 22 24 274.6  8.0
2016 09 23 10 22 52 279.2  7.9
2016 09 23 10 23 21 282.8  8.5
2016 09 23 10 23 49 278.7  8.6
2016 09 23 10 24 17 285.2  8.5
2016 09 23 10 24 48 278.9  7.9
2016 09 23 10 25 16 285.7  8.4
2016 09 23 10 25 44 277.1  7.9
2016 09 23 10 26 13 274.5  8.5
2016 09 23 10 26 41 281.9  8.1
2016 09 23 10 27 11 282.9  7.8
2016 09 23 10 27 39 283.1  8.0
2016 09 23 10 28 07 282.8  8.0
2016 09 23 10 28 36 280.7  8.9
2016 09 23 10 29 04 280.9  8.3
2016 09 23 10 29 33 282.6  8.1
2016 09 23 10 30 01 278.0  8.3
2016 09 23 10 30 30 282.2  8.0
2016 09 23 10 30 60 279.8  8.5
2016 09 23 10 31 28 273.9  8.2
2016 09 23 10 31 56 283.8  8.5
2016 09 23 10 32 25 280.1  8.3
2016 09 23 10 32 53 281.5  8.1
2016 09 23 10 33 22 276.0  7.9
2016 09 23 10 33 50 282.7  8.8
2016 09 23 10 34 18 285.6  9.0
2016 09 23 10 34 47 281.9  8.5
2016 09 23 10 35 15 281.1  8.3
2016 09 23 10 35 44 277.5  8.5
2016 09 23 10 36 12 278.1  8.9
2016 09 23 10 36 40 279.4  8.5
2016 09 23 10 37 10 271.5  7.8
2016 09 23 10 37 39 283.5  8.0
2016 09 23 10 38 07 279.6  8.5
2016 09 23 10 38 35 284.4  9.1
2016 09 23 10 39 04 278.7  8.5
2016 09 23 10 39 32 278.8  9.3
2016 09 23 10 40 01 278.1  8.2
2016 09 23 10 40 29 275.1  8.5
2016 09 23 10 40 57 282.0  8.7
2016 09 23 10 41 26 279.4  8.5
2016 09 23 10 41 54 280.9  8.8
2016 09 23 10 42 23 279.8  8.4
2016 09 23 10 42 53 280.3  8.6
2016 09 23 10 43 21 281.3  8.1
2016 09 23 10 43 49 279.6  8.3
2016 09 23 10 44 18 278.4  7.9
2016 09 23 10 44 46 278.6  8.4
2016 09 23 10 45 15 284.1  8.3
2016 09 23 10 45 43 280.6  8.6
2016 09 23 10 46 12 280.5  8.5
2016 09 23 10 46 40 282.9  8.9
2016 09 23 10 47 08 277.6  8.4
2016 09 23 10 47 37 280.1  9.0
2016 09 23 10 48 06 279.8  8.8
2016 09 23 10 48 35 275.1  8.8
2016 09 23 10 49 05 281.9  8.7
2016 09 23 10 49 33 280.7  8.6
2016 09 23 10 50 02 280.6  9.3
2016 09 23 10 50 30 284.0  8.9
2016 09 23 10 50 58 276.4  8.9
2016 09 23 10 51 27 282.9  8.8
2016 09 23 10 51 55 275.9  8.6
2016 09 23 10 52 24 280.6  9.2
2016 09 23 10 52 52 281.5  8.7
2016 09 23 10 53 20 276.2  8.5
2016 09 23 10 53 49 281.3  8.3
2016 09 23 10 54 17 278.1  8.7
2016 09 23 10 54 46 275.6  8.6
2016 09 23 10 55 16 276.3  8.8
2016 09 23 10 55 44 280.0  9.1
2016 09 23 10 56 12 283.5  9.1
2016 09 23 10 56 41 278.7  9.4
2016 09 23 10 57 09 283.9  9.6
2016 09 23 10 57 38 280.6  8.9
2016 09 23 10 58 06 278.0  9.0
2016 09 23 10 58 34 278.0  8.9
2016 09 23 10 59 03 276.2  8.4
2016 09 23 10 59 31 278.6  8.9
2016 09 23 10 59 60 280.6  8.9
2016 09 23 11 00 28 275.7  8.4
2016 09 23 11 00 56 272.8  8.8
2016 09 23 11 01 26 281.1  8.7
2016 09 23 11 01 55 278.5  8.8
2016 09 23 11 02 23 281.1  9.0
2016 09 23 11 02 52 283.2  9.0
2016 09 23 11 03 20 282.4  8.9
2016 09 23 11 03 48 280.5  9.1
2016 09 23 11 04 17 277.8  9.1
2016 09 23 11 04 45 279.1  9.2
2016 09 23 11 05 14 278.0  9.1
2016 09 23 11 05 42 280.5  9.1
2016 09 23 11 06 10 280.2  8.9
2016 09 23 11 06 39 278.0  9.1
2016 09 23 11 07 09 282.0  9.5
2016 09 23 11 07 37 286.2  9.5
2016 09 23 11 08 06 280.1  9.0
2016 09 23 11 08 34 279.5  8.6
2016 09 23 11 09 03 278.5  8.9
2016 09 23 11 09 31 277.0  8.7
2016 09 23 11 09 60 279.8  9.2
2016 09 23 11 10 28 281.4  9.4
2016 09 23 11 10 56 279.2  9.4
2016 09 23 11 11 25 278.5  9.5
2016 09 23 11 11 53 278.0  8.8
2016 09 23 11 12 22 281.6  9.3
2016 09 23 11 12 50 276.1  9.8
2016 09 23 11 13 20 281.6  9.4
2016 09 23 11 13 49 274.0  8.9
2016 09 23 11 14 17 282.4  8.9
2016 09 23 11 14 46 283.9  9.8
2016 09 23 11 15 14 279.7  9.1
2016 09 23 11 15 43 280.6  9.1
2016 09 23 11 16 11 276.7  9.3
2016 09 23 11 16 40 281.0  9.4
2016 09 23 11 17 08 276.9  9.4
2016 09 23 11 17 36 284.6  8.9
2016 09 23 11 18 05 277.8  9.2
2016 09 23 11 18 33 278.3  8.9
2016 09 23 11 19 02 278.2  9.8
2016 09 23 11 19 32 285.2 10.5
2016 09 23 11 20 00 280.1  9.5
2016 09 23 11 20 29 276.4  8.8
2016 09 23 11 20 57 281.2  9.4
2016 09 23 11 21 26 282.8  9.4
2016 09 23 11 21 54 282.0  9.5
2016 09 23 11 22 23 280.7  9.6
2016 09 23 11 22 51 280.4  9.6
2016 09 23 11 23 20 278.7  9.5
2016 09 23 11 23 48 279.7  8.7
2016 09 23 11 24 17 284.0  8.8
2016 09 23 11 24 45 280.0  9.2
2016 09 23 11 25 14 280.6  9.1
2016 09 23 11 25 44 282.4  9.6
2016 09 23 11 26 12 279.5  9.0
2016 09 23 11 26 40 284.0  9.3
2016 09 23 11 27 09 278.5  9.1
2016 09 23 11 27 37 277.3  9.0
2016 09 23 11 28 06 283.4  9.7
2016 09 23 11 28 34 281.2  9.1
2016 09 23 11 29 03 282.1  9.2
2016 09 23 11 29 31 281.5  9.6
2016 09 23 11 29 60 280.4  9.6
2016 09 23 11 30 28 278.0  9.0
2016 09 23 11 30 56 281.4  9.4
2016 09 23 11 31 26 280.0  9.4
2016 09 23 11 31 55 279.7  9.2
2016 09 23 11 32 23 280.6  9.4
2016 09 23 11 32 52 281.3  9.5
2016 09 23 11 33 20 280.6  9.6
2016 09 23 11 33 49 281.2  9.9
2016 09 23 11 34 17 276.9  9.3
2016 09 23 11 34 46 274.3  9.2
2016 09 23 11 35 14 280.0  9.5
2016 09 23 11 35 43 280.3  9.6
2016 09 23 11 36 11 280.6  9.3
2016 09 23 11 36 40 282.0  9.2
2016 09 23 11 37 08 278.1  9.2
2016 09 23 11 37 39 275.3  9.0
2016 09 23 11 38 07 279.1  9.3
2016 09 23 11 38 35 277.2  9.0
2016 09 23 12 19 02 280.3 10.0
2016 09 23 12 19 32 282.0  9.8
2016 09 23 12 20 00 278.7 10.5
2016 09 23 12 20 29 282.8 10.0
2016 09 23 12 20 57 276.7  9.8
2016 09 23 12 21 25 283.2 10.1
2016 09 23 12 21 54 281.1 10.3
2016 09 23 12 22 22 280.4 10.4
2016 09 23 12 22 51 284.0 10.3
2016 09 23 12 23 19 283.5  9.9
2016 09 23 12 23 48 281.6  9.9
2016 09 23 12 24 16 284.4 10.1
2016 09 23 12 24 45 274.4  9.9
2016 09 23 12 25 15 281.8 10.1
2016 09 23 12 25 43 277.5 10.1
2016 09 23 12 26 12 283.7 10.3
2016 09 23 12 26 40 282.6 10.4
2016 09 23 12 27 09 281.3 10.0
2016 09 23 12 27 37 275.3  9.6
2016 09 23 12 28 06 278.7  9.9
2016 09 23 12 28 34 279.0 10.4
2016 09 23 12 29 02 282.2  9.8
2016 09 23 12 29 31 277.7 10.2
2016 09 23 12 29 59 282.8 10.2
2016 09 23 12 30 28 280.6 10.5
2016 09 23 12 30 58 280.4 10.2
2016 09 23 12 31 26 279.8  9.9
2016 09 23 12 31 55 278.7 10.2
2016 09 23 12 32 23 282.8 10.7
2016 09 23 12 32 52 275.6 10.3
2016 09 23 12 33 20 282.4 10.7
2016 09 23 12 33 49 279.5  9.7
2016 09 23 12 34 17 282.4  9.7
2016 09 23 12 34 46 277.6  9.9
2016 09 23 12 35 14 274.6  9.6
2016 09 23 12 35 43 283.5 10.1
2016 09 23 12 36 11 279.5 10.3
2016 09 23 12 36 40 279.1  9.9
2016 09 23 12 37 10 276.6 10.2
2016 09 23 12 37 38 281.5 10.1
2016 09 23 12 38 07 282.1  9.9
2016 09 23 12 38 35 278.1 10.2
2016 09 23 12 39 04 275.4  9.6
2016 09 23 12 39 32 283.0 10.2
2016 09 23 12 40 01 277.9 10.1
2016 09 23 12 40 29 279.2  9.3
2016 09 23 12 40 58 282.3 10.2
2016 09 23 12 41 26 286.5 10.3
2016 09 23 12 41 54 280.6 10.0
2016 09 23 12 42 23 278.7  9.7
2016 09 23 12 42 51 272.7 10.1
2016 09 23 12 43 21 278.0 10.1
2016 09 23 12 43 50 281.1  9.9
2016 09 23 12 44 18 281.4  9.8
2016 09 23 12 44 47 281.7 10.5
2016 09 23 12 45 15 278.9 10.2
2016 09 23 12 45 44 275.8 10.0
2016 09 23 12 46 12 278.8 10.0
2016 09 23 12 46 41 280.1 10.0
2016 09 23 12 47 09 276.4  9.8
2016 09 23 12 47 38 280.0 10.3
2016 09 23 12 48 06 281.5 10.1
2016 09 23 12 48 35 280.4 10.5
2016 09 23 12 49 03 279.2 10.9
2016 09 23 12 49 33 284.6 10.0
2016 09 23 12 50 02 277.0 10.0
2016 09 23 12 50 30 279.0 10.5
2016 09 23 12 50 59 280.6  9.8
2016 09 23 12 51 27 281.5  9.6
2016 09 23 12 51 56 284.8 10.3
2016 09 23 12 52 24 278.7  9.3
2016 09 23 12 52 53 279.5  9.4
2016 09 23 12 53 21 278.3 10.3
2016 09 23 12 53 49 283.3 10.0
2016 09 23 12 54 18 280.9  9.8
2016 09 23 12 54 46 275.1  9.1
2016 09 23 12 55 16 276.9  9.9
2016 09 23 12 55 45 280.5  9.8
2016 09 23 12 56 13 280.2 10.1
2016 09 23 12 56 42 282.0  9.8
2016 09 23 12 57 10 284.2 10.4
2016 09 23 12 57 39 282.3 10.0
2016 09 23 12 58 07 279.3  9.5
2016 09 23 12 58 36 277.5 10.0
2016 09 23 12 59 04 278.1  9.9
2016 09 23 12 59 33 284.9 10.0
2016 09 23 13 00 01 277.9 10.0
2016 09 23 13 00 30 279.8 10.2
2016 09 23 13 00 59 282.7  9.7
2016 09 23 13 01 29 283.5  9.9
2016 09 23 13 01 58 279.1 10.0
2016 09 23 13 02 26 282.5 10.2
2016 09 23 13 02 55 279.2  9.6
2016 09 23 13 03 23 282.8 10.7
2016 09 23 13 03 52 282.7 10.1
2016 09 23 13 04 20 279.5  9.8
2016 09 23 13 04 49 282.8 10.1
2016 09 23 13 05 17 281.2  9.6
2016 09 23 13 05 46 285.5 10.4
2016 09 23 13 06 14 281.0  9.5
2016 09 23 13 06 43 283.5 10.1
2016 09 23 13 07 11 284.9  9.9
2016 09 23 13 07 41 281.5 10.1
2016 09 23 13 08 10 284.1  9.6
2016 09 23 13 08 38 278.5  9.7
2016 09 23 13 09 07 280.8 10.6
2016 09 23 13 09 35 278.7  9.5
2016 09 23 13 10 04 278.3 10.1
2016 09 23 13 10 32 284.1 10.0
2016 09 23 13 11 00 278.7  9.9
2016 09 23 13 11 29 279.6 10.1
2016 09 23 13 11 57 284.2  9.8
2016 09 23 13 12 26 281.4  9.8
2016 09 23 13 12 54 281.9 10.0
2016 09 23 13 13 23 286.5 10.0
2016 09 23 13 13 53 280.5 10.1
2016 09 23 13 14 21 282.3  9.9
2016 09 23 13 14 50 283.7  9.4
2016 09 23 13 15 18 282.5 10.1
2016 09 23 13 15 47 287.9 11.2
2016 09 23 13 16 15 281.5  9.8
2016 09 23 13 16 44 284.3 10.0
2016 09 23 13 17 12 280.6 10.2
2016 09 23 13 17 41 283.2 10.5
2016 09 23 13 18 09 286.0 10.7
2016 09 23 13 18 38 282.5 10.0
2016 09 23 13 19 06 283.6  9.9
2016 09 23 13 19 36 281.7 10.0
2016 09 23 13 20 05 277.2  9.6
2016 09 23 13 20 33 278.2  9.4
2016 09 23 13 21 02 281.8  9.5
2016 09 23 13 21 30 284.9 10.7
2016 09 23 13 21 59 277.6  9.9
2016 09 23 13 22 27 275.6 10.0
2016 09 23 13 22 56 284.7 10.8
2016 09 23 13 23 24 285.5 10.0
2016 09 23 13 23 53 283.4 10.4
2016 09 23 13 24 21 278.7  9.0
2016 09 23 13 24 50 275.7 10.2
2016 09 23 13 25 18 282.3  9.8
2016 09 23 13 25 48 281.9  9.9
2016 09 23 13 26 17 284.8  9.6
2016 09 23 13 26 45 280.6  9.5
2016 09 23 13 27 14 279.2  9.8
2016 09 23 13 27 42 274.8  9.7
2016 09 23 13 28 11 277.6 10.3
2016 09 23 13 28 39 281.1  9.8
2016 09 23 13 29 08 287.8 10.5
2016 09 23 13 29 36 282.1  9.9
2016 09 23 13 30 05 283.8  9.4
2016 09 23 13 30 33 281.0 10.1
2016 09 23 13 31 02 278.6  9.7
2016 09 23 13 31 30 279.6 10.0
2016 09 23 13 32 00 278.4 10.1
2016 09 23 13 32 29 278.3  9.9
2016 09 23 13 32 57 284.2 10.2
2016 09 23 13 33 26 282.6  9.8
2016 09 23 13 33 54 282.5  9.4
2016 09 23 13 34 23 276.8  9.4
2016 09 23 13 34 51 283.0 10.2
2016 09 23 13 35 20 284.1 10.3
2016 09 23 13 35 48 281.5  9.3
2016 09 23 13 36 17 283.5  9.6
2016 09 23 13 36 45 279.8  9.7
2016 09 23 13 37 14 278.5  9.8
2016 09 23 13 37 42 281.0 10.2
2016 09 23 13 38 13 280.1  9.8
2016 09 23 13 38 41 284.0 10.0
2016 09 23 13 39 10 285.3 10.2
2016 09 23 13 39 38 283.8 10.1
2016 09 23 13 40 07 281.1  9.7
2016 09 23 13 40 35 284.2  9.5
2016 09 23 13 41 04 276.0  9.8
2016 09 23 13 41 32 281.2  9.5
2016 09 23 13 42 01 286.6 10.3
2016 09 23 13 42 29 278.4 10.1
2016 09 23 13 42 58 282.0  9.5
2016 09 23 13 43 27 283.0  9.6
2016 09 23 13 43 57 280.4 10.3
2016 09 23 13 44 26 281.4  9.9
2016 09 23 13 44 54 277.8  9.8
2016 09 23 13 45 22 277.2  9.9
2016 09 23 13 45 51 280.4  9.4
2016 09 23 13 46 19 279.4 10.0
2016 09 23 13 46 48 281.3 10.1
2016 09 23 13 47 16 281.7  9.6
2016 09 23 13 47 45 279.0  9.5
2016 09 23 13 48 14 282.4 10.1
2016 09 23 13 48 42 282.1  9.9
2016 09 23 13 49 11 283.6  9.7
2016 09 23 13 49 39 287.5 10.4
2016 09 23 13 50 09 283.2  9.6
2016 09 23 13 50 38 282.1  9.3
2016 09 23 13 51 06 282.2  9.8
2016 09 23 13 51 35 285.4 10.2
2016 09 23 13 52 04 283.7  9.9
2016 09 23 13 52 32 280.1 10.5
2016 09 23 13 53 01 284.3 10.2
2016 09 23 13 53 29 283.0  9.6
2016 09 23 13 53 58 281.5  9.5
2016 09 23 13 54 27 285.4  9.9
2016 09 23 13 54 56 283.8 10.0
2016 09 23 13 55 24 282.2  9.4
2016 09 23 13 55 53 283.0  9.3
2016 09 23 13 56 23 280.7 10.0
2016 09 23 13 56 52 284.9  9.9
2016 09 23 13 57 20 283.9  9.6
2016 09 23 13 57 49 283.3  9.8
2016 09 23 13 58 17 281.5  9.8
2016 09 23 13 58 46 281.1 10.0
2016 09 23 13 59 14 283.1 10.1
2016 09 23 13 59 43 281.6  9.5
2016 09 23 14 00 11 280.3  9.2
2016 09 23 14 00 40 282.3  9.7
2016 09 23 14 01 08 284.0 10.0
2016 09 23 14 01 37 284.5 10.1
2016 09 23 14 02 05 281.4  9.6
2016 09 23 14 02 36 288.6  9.7
2016 09 23 14 03 04 280.8  9.4
2016 09 23 14 03 33 280.5  9.8
2016 09 23 14 04 01 282.1  9.9
2016 09 23 14 04 30 283.9  9.8
2016 09 23 14 04 58 283.8  9.8
2016 09 23 14 05 27 280.7  9.6
2016 09 23 14 05 55 282.6  9.8
2016 09 23 14 06 24 283.0  9.8
2016 09 23 14 06 52 280.5  9.8
2016 09 23 14 07 21 282.1  9.6
2016 09 23 14 07 49 278.3  9.9
2016 09 23 14 08 20 281.8  9.2
2016 09 23 14 08 48 284.5  9.4
2016 09 23 14 09 17 284.2  9.4
2016 09 23 14 09 45 279.7  9.2
2016 09 23 14 10 14 283.8  9.6
2016 09 23 14 10 42 283.4  9.8
2016 09 23 14 11 11 276.7  9.7
2016 09 23 14 11 39 283.8  9.4
2016 09 23 14 12 08 283.7  9.4
2016 09 23 14 12 36 278.1  9.2
2016 09 23 14 13 05 284.3 10.0
2016 09 23 14 13 33 280.7  9.5
2016 09 23 14 14 02 280.4  9.7
2016 09 23 14 14 32 282.3  9.8
2016 09 23 14 15 01 281.2  9.3
2016 09 23 14 15 29 280.9  9.0
2016 09 23 14 15 58 284.2  9.6
2016 09 23 14 16 26 279.6  9.6
2016 09 23 14 16 55 277.8  8.9
2016 09 23 14 17 23 285.3  9.8
2016 09 23 14 17 52 280.8  9.3
2016 09 23 14 18 20 280.7  9.3
2016 09 23 14 18 49 283.9  9.2
2016 09 23 14 19 17 285.4  9.4
2016 09 23 14 19 46 281.0  9.4
2016 09 23 14 20 14 287.2  9.1
2016 09 23 14 20 44 285.6  8.9
2016 09 23 14 21 13 277.7  9.4
2016 09 23 14 21 41 289.6  9.7
2016 09 23 14 22 10 283.2  9.7
2016 09 23 14 22 38 284.3  9.9
2016 09 23 14 23 07 285.8  9.9
2016 09 23 14 23 35 280.8  9.4
2016 09 23 14 24 04 285.1  9.4
2016 09 23 14 24 32 290.0  9.7
2016 09 23 14 25 01 284.3  9.7
2016 09 23 14 25 29 283.4  9.1
2016 09 23 14 25 58 281.7  8.9
2016 09 23 14 26 27 284.2  9.6
2016 09 23 14 26 57 283.3  9.6
2016 09 23 14 27 26 280.7  9.0
2016 09 23 14 27 54 280.9  9.5
2016 09 23 14 28 23 282.4  9.1
2016 09 23 14 28 51 288.7 10.2
2016 09 23 14 29 20 286.0 10.0
2016 09 23 14 29 48 282.9  9.7
2016 09 23 14 30 17 285.2  9.3
2016 09 23 14 30 45 284.7  9.0
2016 09 23 14 31 14 282.4  9.8
2016 09 23 14 31 42 284.5  9.1
2016 09 23 14 32 11 286.8  9.5
2016 09 23 14 32 41 280.0  9.4
2016 09 23 14 33 10 289.6  9.6
2016 09 23 14 33 38 284.1  9.5
2016 09 23 14 34 07 282.7  9.0
2016 09 23 14 34 35 286.5  9.9
2016 09 23 14 35 04 288.4 10.0
2016 09 23 14 35 32 283.3  9.6
2016 09 23 14 36 01 281.4  8.8
2016 09 23 14 36 29 285.5  9.1
2016 09 23 14 36 58 282.1  8.5
2016 09 23 14 37 26 284.2  9.2
2016 09 23 14 37 56 281.8  9.5
2016 09 23 14 38 25 282.5  9.2
2016 09 23 14 38 55 286.2  8.9
2016 09 23 14 39 24 283.2  9.4
2016 09 23 14 39 52 289.6  8.8
2016 09 23 14 40 21 285.0  9.1
2016 09 23 14 40 49 280.2  9.2
2016 09 23 14 41 18 278.6  9.0
2016 09 23 14 41 46 283.4  9.1
2016 09 23 14 42 15 287.1  9.6
2016 09 23 14 42 44 281.3  8.6
2016 09 23 14 43 12 282.6  9.3
2016 09 23 14 43 41 286.1  9.3
2016 09 23 14 44 09 284.7  8.4
2016 09 23 14 44 38 282.1  8.4
2016 09 23 14 45 08 281.1  9.1
2016 09 23 14 45 36 284.2  9.5
2016 09 23 14 46 05 280.5  8.7
2016 09 23 14 46 34 286.0  9.2
2016 09 23 14 47 02 281.1  8.6
2016 09 23 14 47 31 282.0  9.5
2016 09 23 14 47 60 283.4  9.2
2016 09 23 14 48 29 278.9  9.1
2016 09 23 14 48 58 281.5  9.0
2016 09 23 14 49 27 286.4  8.9
2016 09 23 14 49 56 281.5  9.1
2016 09 23 14 50 24 282.6  8.6
2016 09 23 14 50 53 282.6  9.4
2016 09 23 14 51 23 283.6  9.2
2016 09 23 14 51 51 283.7  8.7
2016 09 23 14 52 20 283.3  9.2
2016 09 23 14 52 48 285.5  9.1
2016 09 23 14 53 17 284.0  9.1
2016 09 23 14 53 45 284.1  8.4
2016 09 23 14 54 14 282.4  8.4
2016 09 23 14 54 43 287.6  9.1
2016 09 23 14 55 11 283.7  9.4
2016 09 23 14 55 40 285.4  8.6
2016 09 23 14 56 08 284.2  8.4
2016 09 23 14 56 37 281.5  8.7
2016 09 23 14 57 07 287.1  9.0
2016 09 23 14 57 36 287.1  8.7
2016 09 23 14 58 04 285.5  8.9
2016 09 23 14 58 33 286.0  8.3
2016 09 23 14 59 02 278.5  8.5
2016 09 23 14 59 30 277.5  9.3
2016 09 23 14 59 59 282.2  9.0
2016 09 23 15 00 28 284.5  8.7
2016 09 23 15 00 56 282.2  8.6
2016 09 23 15 01 25 288.6 10.0
2016 09 23 15 01 54 281.4  8.6
2016 09 23 15 02 22 283.8  8.8
2016 09 23 15 02 51 282.5  9.4
2016 09 23 15 03 21 280.7  8.9
2016 09 23 15 03 50 281.5  9.1
2016 09 23 15 04 18 283.9  8.9
2016 09 23 15 04 47 283.4  8.8
2016 09 23 15 05 15 283.4  8.9
2016 09 23 15 05 44 286.7  8.9
2016 09 23 15 06 12 279.9  9.5
2016 09 23 15 06 41 287.8  9.1
2016 09 23 15 07 09 278.3  8.3
2016 09 23 15 07 38 278.7  8.1
2016 09 23 15 08 06 282.9  9.0
2016 09 23 15 08 35 288.1  9.1
2016 09 23 15 09 03 283.6  8.9
2016 09 23 15 09 34 284.3  8.8
2016 09 23 15 10 02 285.1  9.4
2016 09 23 15 10 31 284.6  8.3
2016 09 23 15 10 59 285.3  9.4
2016 09 23 15 11 28 285.3  8.6
2016 09 23 15 11 56 283.3  8.9
2016 09 23 15 12 25 280.3  8.4
2016 09 23 15 12 53 283.8  8.1
2016 09 23 15 13 22 283.5  8.1
2016 09 23 15 13 50 284.6  8.8
2016 09 23 15 14 19 279.4  8.6
2016 09 23 15 14 47 278.7  8.9
2016 09 23 15 15 16 277.8  8.4
2016 09 23 15 15 46 285.6  8.3
2016 09 23 15 16 15 283.3  9.0
2016 09 23 15 16 43 284.9  8.4
2016 09 23 15 17 12 285.3  7.7
2016 09 23 15 17 40 288.8  8.1
2016 09 23 15 18 09 283.7  8.0
2016 09 23 15 18 37 281.6  8.5
2016 09 23 15 19 06 282.1  8.4
2016 09 23 15 19 35 285.8  8.6
2016 09 23 15 20 03 279.5  8.6
2016 09 23 15 20 32 283.5  8.6
2016 09 23 15 21 00 286.8  8.3
2016 09 23 15 21 31 286.9  8.6
2016 09 23 15 21 59 283.8  8.7
2016 09 23 15 22 28 284.3  8.1
2016 09 23 15 22 56 282.6  8.2
2016 09 23 15 23 25 277.0  8.2
2016 09 23 15 23 54 287.3  7.8
2016 09 23 15 24 22 282.9  8.7
2016 09 23 15 24 51 282.7  8.4
2016 09 23 15 25 19 278.4  8.8
2016 09 23 15 25 48 284.7  9.1
2016 09 23 15 26 17 285.2  8.6
2016 09 23 15 26 45 287.0  8.2
2016 09 23 15 27 14 287.0  8.6
2016 09 23 15 27 44 281.1  8.1
2016 09 23 15 28 13 284.6  8.0
2016 09 23 15 28 41 278.6  7.7
2016 09 23 15 29 10 290.4  8.4
2016 09 23 15 29 38 284.8  8.2
2016 09 23 15 30 07 283.5  8.2
2016 09 23 15 30 35 287.3  8.2
2016 09 23 15 31 04 285.0  8.7
2016 09 23 15 31 33 288.4  8.7
2016 09 23 15 32 01 283.5  7.6
2016 09 23 15 32 30 286.5  8.0
2016 09 23 15 32 59 284.1  7.9
2016 09 23 15 33 27 280.4  8.2
2016 09 23 15 33 58 282.3  8.9
2016 09 23 15 34 26 282.2  8.2
2016 09 23 15 34 55 283.4  7.9
2016 09 23 15 35 23 280.5  8.2
2016 09 23 15 35 52 284.5  7.7
2016 09 23 15 36 21 287.8  8.5
2016 09 23 15 36 49 277.8  7.4
2016 09 23 15 37 18 287.9  8.3
2016 09 23 15 37 47 281.3  8.5
2016 09 23 15 38 15 286.9  8.4
2016 09 23 15 38 44 275.7  8.0
2016 09 23 15 39 12 285.5  8.2
2016 09 23 15 39 41 278.1  7.4
2016 09 23 15 40 12 283.1  7.9
2016 09 23 15 40 40 285.8  7.3
2016 09 23 15 41 09 285.3  7.8
2016 09 23 15 41 37 285.2  7.9
2016 09 23 15 42 06 282.7  8.0
2016 09 23 15 42 34 288.3  8.7
2016 09 23 15 43 03 281.6  7.9
2016 09 23 15 43 32 283.0  7.9
2016 09 23 15 44 00 283.3  7.9
2016 09 23 15 44 29 281.6  8.2
2016 09 23 15 44 58 288.2  7.6
2016 09 23 15 45 26 284.1  7.9
2016 09 23 15 45 56 281.5  7.8
2016 09 23 15 46 25 280.3  7.7
2016 09 23 15 46 53 281.7  8.1
2016 09 23 15 47 22 285.8  7.9
2016 09 23 15 47 51 283.1  8.0
2016 09 23 15 48 19 280.8  7.2
2016 09 23 15 48 48 289.1  8.0
2016 09 23 15 49 16 283.4  7.5
2016 09 23 15 49 45 286.2  8.4
2016 09 23 15 50 13 280.1  7.3
2016 09 23 15 50 42 281.2  7.5
2016 09 23 15 51 11 285.6  7.8
2016 09 23 15 51 39 285.9  7.4
2016 09 23 15 52 10 285.4  7.3
2016 09 23 15 52 38 286.0  8.0
2016 09 23 15 53 07 280.3  7.6
2016 09 23 15 53 36 279.4  7.1
2016 09 23 15 54 05 278.3  7.9
2016 09 23 15 54 33 280.0  7.6
2016 09 23 15 55 02 284.4  8.1
2016 09 23 15 55 31 284.0  7.6
2016 09 23 15 55 59 290.0  7.7
2016 09 23 15 56 28 284.6  7.6
2016 09 23 15 56 56 282.1  7.2
2016 09 23 15 57 25 284.5  7.7
2016 09 23 15 57 53 293.3  8.3
2016 09 23 15 58 24 282.8  7.4
2016 09 23 15 58 52 276.4  6.9
2016 09 23 15 59 21 283.4  8.0
2016 09 23 15 59 49 285.5  7.8
2016 09 23 16 00 18 282.6  7.1
2016 09 23 16 00 46 281.4  6.9
2016 09 23 16 01 15 281.3  8.1
2016 09 23 16 01 44 277.2  7.0
2016 09 23 16 02 12 284.5  6.5
2016 09 23 16 02 41 287.4  7.1
2016 09 23 16 03 09 281.5  7.6
2016 09 23 16 03 38 283.4  7.8
2016 09 23 16 04 06 285.4  8.1
2016 09 23 16 04 37 277.0  7.5
2016 09 23 16 05 05 281.5  7.8
2016 09 23 16 05 34 281.5  7.5
2016 09 23 16 06 02 287.6  8.0
2016 09 23 16 06 31 278.1  7.2
2016 09 23 16 06 60 277.5  6.9
2016 09 23 16 07 28 283.3  7.3
2016 09 23 16 07 57 283.8  7.7
2016 09 23 16 08 26 287.4  7.6
2016 09 23 16 08 54 289.4  7.5
2016 09 23 16 09 23 287.4  7.8
2016 09 23 16 09 52 284.2  7.1
2016 09 23 16 10 22 281.9  7.0
2016 09 23 16 10 51 286.2  6.6
2016 09 23 16 11 19 276.3  7.7
2016 09 23 16 11 48 281.9  7.3
2016 09 23 16 12 16 277.8  6.7
2016 09 23 16 12 45 282.9  7.4
2016 09 23 16 13 14 281.3  7.7
2016 09 23 16 13 42 280.2  6.9
2016 09 23 16 14 11 280.7  7.9
2016 09 23 16 14 39 283.0  7.9
2016 09 23 16 15 08 277.1  7.0
2016 09 23 16 15 37 279.2  7.2
2016 09 23 16 16 05 283.5  7.2
2016 09 23 16 16 36 286.3  7.1
2016 09 23 16 17 04 283.1  6.7
2016 09 23 16 17 33 282.7  7.3
2016 09 23 16 18 01 275.8  6.3
2016 09 23 16 18 30 279.1  6.7
2016 09 23 16 18 58 287.3  7.3
2016 09 23 16 19 27 284.1  6.7
2016 09 23 16 19 56 283.2  7.5
2016 09 23 16 20 24 284.9  7.7
2016 09 23 16 20 53 285.0  7.2
2016 09 23 16 21 21 284.2  7.4
2016 09 23 16 21 50 279.5  7.1
2016 09 23 16 22 19 281.0  6.5
2016 09 23 16 22 49 283.2  6.8
2016 09 23 16 23 18 282.0  8.4
2016 09 23 16 23 46 277.7  7.2
2016 09 23 16 24 15 292.8  6.7
2016 09 23 16 24 44 276.8  6.7
2016 09 23 16 25 13 296.0  7.6
2016 09 23 16 25 42 288.5  7.7
2016 09 23 16 26 10 286.5  7.9
2016 09 23 16 26 40 290.3  8.4
2016 09 23 16 27 09 283.0  7.4
2016 09 23 16 27 37 290.5  7.8
2016 09 23 16 28 06 283.1  7.4
2016 09 23 16 28 35 278.2  7.0
2016 09 23 16 29 05 299.0  8.8
2016 09 23 16 29 34 283.7  8.3
2016 09 23 16 30 02 288.3  8.4
2016 09 23 16 30 31 296.0  7.8
2016 09 23 16 30 59 287.4  8.0
2016 09 23 16 31 28 284.3  7.2
2016 09 23 16 31 57 284.8  7.1
2016 09 23 16 32 25 281.9  7.3
2016 09 23 16 32 54 282.8  6.3
2016 09 23 16 33 23 285.0  7.0
2016 09 23 16 33 51 286.9  6.1
2016 09 23 16 34 20 287.0  6.5
2016 09 23 16 34 50 287.5  6.6
2016 09 23 16 35 19 287.2  6.6
2016 09 23 16 35 47 282.3  7.0
2016 09 23 16 36 16 285.2  6.8
2016 09 23 16 36 45 281.5  7.9
2016 09 23 16 37 13 290.6  6.3
2016 09 23 16 37 42 280.8  6.9
2016 09 23 16 38 10 280.4  6.8
2016 09 23 16 38 39 286.8  8.0
2016 09 23 16 39 07 289.8  6.9
2016 09 23 16 39 36 284.8  6.5
2016 09 23 16 40 04 279.1  7.3
2016 09 23 16 40 33 277.9  8.3
2016 09 23 16 41 04 284.4  6.6
2016 09 23 16 41 33 302.6  9.6
2016 09 23 16 42 02 284.5  7.2
2016 09 23 16 42 31 290.0  7.5
2016 09 23 16 42 59 263.6  6.3
2016 09 23 16 43 29 285.1  7.5
2016 09 23 16 43 58 280.8  7.2
2016 09 23 16 44 26 285.4  7.1
2016 09 23 16 44 55 278.3  6.6
2016 09 23 16 45 23 286.3  6.9
2016 09 23 16 45 52 280.6  6.5
2016 09 23 16 46 21 290.6  7.5
2016 09 23 16 46 49 283.1  7.6
2016 09 23 16 47 19 286.7  8.2
2016 09 23 16 47 48 282.8  6.4
2016 09 23 16 48 17 279.4  7.1
2016 09 23 16 48 45 282.1  6.8
2016 09 23 16 49 14 275.9  6.2
2016 09 23 16 49 43 281.1  7.2
2016 09 23 16 50 11 297.5  8.1
2016 09 23 16 50 40 289.5 10.1
2016 09 23 16 51 09 288.4  7.0
2016 09 23 16 51 37 294.9  9.3
2016 09 23 16 52 06 282.2  7.1
2016 09 23 16 52 35 275.9  7.1
2016 09 23 16 53 03 286.1  8.4
2016 09 23 16 53 34 286.0  6.9
2016 09 23 16 54 02 284.7  7.2
2016 09 23 16 54 31 280.9  8.4
2016 09 23 16 54 59 277.7  7.8
2016 09 23 16 55 28 276.2  8.2
2016 09 23 16 55 57 307.9  7.9
2016 09 23 16 56 25 288.9  8.3
2016 09 23 16 56 54 282.2  7.3
2016 09 23 16 57 23 294.2  6.9
2016 09 23 16 57 52 294.9 11.0
2016 09 23 16 58 20 275.2  6.4
2016 09 23 16 58 49 286.7  7.0
2016 09 23 16 59 20 282.8  7.5
2016 09 23 16 59 48 288.3  9.3
2016 09 23 17 00 17 278.9  7.5
2016 09 23 17 00 46 285.1  8.1
2016 09 23 17 01 14 306.2 10.8
2016 09 23 17 02 11 287.3  7.4
2016 09 23 17 02 40 291.9  8.2
2016 09 23 17 03 37 324.1 11.2
2016 09 23 17 04 06 285.4  7.9
2016 09 23 17 04 35 292.6  7.6
2016 09 23 17 05 04 289.6  8.2
2016 09 23 17 05 34 291.6  8.1
2016 09 23 17 06 32 272.0  9.3
2016 09 23 17 07 00 296.3  9.1
2016 09 23 17 07 29 291.6 10.2
2016 09 23 17 07 58 283.1  7.5
2016 09 23 17 08 26 280.9  7.3
2016 09 23 17 08 55 312.4  9.8
2016 09 23 17 09 52 300.1 10.3
2016 09 23 17 10 21 284.1  8.0
2016 09 23 17 10 50 296.6 11.2
2016 09 23 17 11 18 314.4 10.1
2016 09 23 17 11 49 296.1  9.8
2016 09 23 17 12 17 302.5 10.3
2016 09 23 17 12 46 286.4  9.3
2016 09 23 17 14 12 302.0 10.4
2016 09 23 17 15 09 278.8  9.1
2016 09 23 17 15 38 255.8  8.0
2016 09 23 17 19 00 284.8  9.8
2016 09 23 17 20 26 283.9 10.1
2016 09 23 17 21 23 258.7  8.9
2016 09 23 17 21 52 271.7 10.0
