%Avodor o3 retrieval, Operator: Luca Egli, PMOD/WRC
%Retrieval Range: 305 - 340 nm
%X-section BassPaur
%Start Temp -45°C
%11 Columns
YEAR,MONTH,DAY,HOUR,MINUTES,SECONDS,MATLABTIME,O3,STDOFO3,SZA,MO3
2016,9,16,9,24,28.8,7.3659e+05,280.68,3.5981,57.563,1.8498
2016,9,16,9,34,33.6,7.3659e+05,282.68,2.7716,55.449,1.7514
2016,9,16,9,44,38.4,7.3659e+05,283.02,2.6519,53.355,1.6658
2016,9,16,9,54,43.2,7.3659e+05,282.85,3.054,51.284,1.5909
2016,9,16,10,4,48,7.3659e+05,283.76,3.0459,49.24,1.5251
2016,9,16,10,14,52.8,7.3659e+05,283.34,3.1164,47.227,1.467
2016,9,16,10,24,57.6,7.3659e+05,282.92,2.9014,45.248,1.4157
2016,9,16,10,35,2.4,7.3659e+05,282.32,3.2801,43.31,1.3704
2016,9,16,10,45,7.2,7.3659e+05,282.69,2.5314,41.418,1.3302
2016,9,16,10,55,12,7.3659e+05,283.38,2.5746,39.579,1.2946
2016,9,16,11,5,16.8,7.3659e+05,282.41,2.5488,37.803,1.2632
2016,9,16,11,15,21.6,7.3659e+05,282.23,2.1505,36.097,1.2355
2016,9,16,11,25,26.4,7.3659e+05,284.17,2.0814,34.473,1.2112
2016,9,16,11,35,31.2,7.3659e+05,282.84,2.8464,32.943,1.19
2016,9,16,11,45,36,7.3659e+05,281.87,2.0821,31.521,1.1717
2016,9,16,11,55,40.8,7.3659e+05,281.33,2.2567,30.224,1.156
2016,9,16,12,5,45.6,7.3659e+05,281.93,2.3476,29.067,1.1429
2016,9,16,12,15,50.4,7.3659e+05,281.65,2.5287,28.068,1.1322
2016,9,16,12,25,55.2,7.3659e+05,281.62,1.9002,27.245,1.1238
2016,9,16,12,36,0,7.3659e+05,281.7,2.3099,26.614,1.1176
2016,9,16,12,46,4.8,7.3659e+05,280.91,2.9999,26.19,1.1135
2016,9,16,12,56,9.6,7.3659e+05,281.57,2.3213,25.982,1.1116
2016,9,16,13,6,14.4,7.3659e+05,280.68,2.0071,25.996,1.1117
2016,9,16,13,16,19.2,7.3659e+05,280.33,2.69,26.231,1.1139
2016,9,16,13,26,24,7.3659e+05,281.47,2.5805,26.682,1.1183
2016,9,16,13,36,28.8,7.3659e+05,280.57,2.2815,27.337,1.1247
2016,9,16,13,46,33.6,7.3659e+05,280.68,2.3545,28.183,1.1334
2016,9,16,13,56,38.4,7.3659e+05,280.56,2.2051,29.202,1.1444
2016,9,16,14,6,43.2,7.3659e+05,280.58,2.3107,30.378,1.1579
2016,9,16,14,16,48,7.3659e+05,280.1,2.7918,31.692,1.1738
2016,9,16,14,26,52.8,7.3659e+05,280.36,2.4522,33.128,1.1925
2016,9,16,14,36,57.6,7.3659e+05,281.57,2.7497,34.671,1.214
2016,9,16,14,47,2.4,7.3659e+05,282.46,1.7401,36.306,1.2387
2016,9,16,14,57,7.2,7.3659e+05,280.65,2.5922,38.022,1.2669
2016,9,16,15,7,12,7.3659e+05,281.96,2.617,39.808,1.2988
2016,9,16,15,17,16.8,7.3659e+05,280.73,2.7035,41.654,1.335
2016,9,16,15,27,21.6,7.3659e+05,280.64,2.383,43.553,1.3758
2016,9,16,15,37,26.4,7.3659e+05,282.16,2.9587,45.497,1.4219
2016,9,16,15,47,31.2,7.3659e+05,281.03,3.4253,47.481,1.474
2016,9,16,16,7,40.8,7.3659e+05,281.07,3.5234,51.548,1.6
2016,9,16,16,17,45.6,7.3659e+05,282.15,3.2411,53.623,1.6762
2016,9,16,16,27,50.4,7.3659e+05,283.35,3.6974,55.72,1.7633
2016,9,16,16,37,55.2,7.3659e+05,281.16,2.9961,57.838,1.8635
2016,9,16,16,48,0,7.3659e+05,284.93,2.6208,59.973,1.9795
2016,9,16,16,58,4.8,7.3659e+05,287.29,0,62.122,2.1146
2016,9,17,9,15,50.4,7.3659e+05,279.92,2.567,59.517,1.9533
2016,9,17,9,36,0,7.3659e+05,280.04,3.1623,55.287,1.7444
2016,9,17,9,46,4.8,7.3659e+05,279.77,3.2208,53.202,1.66
2016,9,17,9,56,9.6,7.3659e+05,280.98,3.8154,51.142,1.5861
2016,9,17,10,6,14.4,7.3659e+05,278.6,2.4955,49.109,1.5211
2016,9,17,10,16,19.2,7.3659e+05,280.27,2.5748,47.108,1.4638
2016,9,17,10,26,24,7.3659e+05,280.1,2.5619,45.144,1.4132
2016,9,17,10,36,28.8,7.3659e+05,279.05,2.7305,43.221,1.3684
2016,9,17,10,46,33.6,7.3659e+05,280.25,2.7054,41.347,1.3287
2016,9,17,10,56,38.4,7.3659e+05,279.04,2.2067,39.529,1.2937
2016,9,17,11,6,43.2,7.3659e+05,279.65,2.8211,37.774,1.2627
2016,9,17,11,16,48,7.3659e+05,278.44,2.3864,36.093,1.2354
2016,9,17,11,26,52.8,7.3659e+05,279.62,2.3088,34.496,1.2115
2016,9,17,11,36,57.6,7.3659e+05,279.28,2.6401,32.996,1.1907
2016,9,17,11,47,2.4,7.3659e+05,279.19,2.7789,31.608,1.1727
2016,9,17,11,57,7.2,7.3659e+05,277.79,2.3795,30.346,1.1575
2016,9,17,12,7,12,7.3659e+05,278.14,3.1965,29.228,1.1447
2016,9,17,12,17,16.8,7.3659e+05,278.06,2.3737,28.27,1.1344
2016,9,17,12,27,21.6,7.3659e+05,277.72,2.7482,27.489,1.1263
2016,9,17,12,37,26.4,7.3659e+05,277.62,1.7831,26.902,1.1204
2016,9,17,12,47,31.2,7.3659e+05,277.46,2.0783,26.521,1.1167
2016,9,17,12,57,36,7.3659e+05,278.31,2.1606,26.354,1.1151
2016,9,17,13,7,40.8,7.3659e+05,277.61,2.2816,26.407,1.1156
2016,9,17,13,17,45.6,7.3659e+05,277.9,2.3342,26.678,1.1182
2016,9,17,13,27,50.4,7.3659e+05,278.88,2.8839,27.16,1.123
2016,9,17,13,37,55.2,7.3659e+05,276.84,2.4864,27.842,1.1299
2016,9,17,13,48,0,7.3659e+05,277.23,2.6681,28.71,1.1391
2016,9,17,13,58,4.8,7.3659e+05,276.69,2.6107,29.747,1.1506
2016,9,17,14,8,9.6,7.3659e+05,278.49,3.3094,30.937,1.1645
2016,9,17,14,18,14.4,7.3659e+05,276.89,2.8631,32.262,1.181
2016,9,17,14,28,19.2,7.3659e+05,276.72,2.0523,33.706,1.2003
2016,9,17,14,38,24,7.3659e+05,277.5,2.6485,35.255,1.2226
2016,9,17,14,48,28.8,7.3659e+05,276.72,2.3939,36.894,1.2481
2016,9,17,14,58,33.6,7.3659e+05,276.09,2.2415,38.612,1.2772
2016,9,17,15,8,38.4,7.3659e+05,277.44,3.6925,40.4,1.3101
2016,9,17,15,18,43.2,7.3659e+05,278.05,2.5375,42.246,1.3473
2016,9,17,15,28,48,7.3659e+05,277.89,3.3129,44.145,1.3894
2016,9,17,15,38,52.8,7.3659e+05,278.15,2.41,46.089,1.4369
2016,9,17,15,48,57.6,7.3659e+05,279.2,2.9705,48.073,1.4906
2016,9,17,15,59,2.4,7.3659e+05,277.89,3.3198,50.09,1.5515
2016,9,17,16,9,7.2,7.3659e+05,278.2,3.4042,52.138,1.6207
2016,9,17,16,19,12,7.3659e+05,277.55,3.8737,54.211,1.6995
2016,9,17,16,39,21.6,7.3659e+05,279.27,2.9743,58.424,1.8938
2016,9,17,16,49,26.4,7.3659e+05,278.76,1.9604,60.558,2.0143
2016,9,17,14,48,28.8,7.3659e+05,276.96,1.917,36.894,1.2481
2016,9,17,14,58,33.6,7.3659e+05,276.09,2.2415,38.612,1.2772
2016,9,17,15,8,38.4,7.3659e+05,277.44,3.6925,40.4,1.3101
2016,9,17,15,18,43.2,7.3659e+05,278.05,2.5375,42.246,1.3473
2016,9,17,15,28,48,7.3659e+05,277.89,3.3129,44.145,1.3894
2016,9,17,15,38,52.8,7.3659e+05,278.15,2.41,46.089,1.4369
2016,9,17,15,48,57.6,7.3659e+05,279.2,2.9705,48.073,1.4906
2016,9,17,15,59,2.4,7.3659e+05,277.89,3.3198,50.09,1.5515
2016,9,17,16,9,7.2,7.3659e+05,278.2,3.4042,52.138,1.6207
2016,9,17,16,19,12,7.3659e+05,277.55,3.8737,54.211,1.6995
2016,9,17,16,39,21.6,7.3659e+05,279.27,2.9743,58.424,1.8938
2016,9,17,16,49,26.4,7.3659e+05,278.76,1.9604,60.558,2.0143
2016,9,18,9,17,16.8,7.3659e+05,278.01,3.6684,59.343,1.9436
2016,9,18,9,37,26.4,7.3659e+05,277.73,2.1526,55.129,1.7376
2016,9,18,9,47,31.2,7.3659e+05,277,3.8657,53.054,1.6543
2016,9,18,9,57,36,7.3659e+05,277.34,2.6027,51.004,1.5814
2016,9,18,10,7,40.8,7.3659e+05,279.2,3.5324,48.983,1.5173
2016,9,18,10,17,45.6,7.3659e+05,276.96,2.4297,46.995,1.4607
2016,9,18,10,27,50.4,7.3659e+05,278.5,2.4438,45.045,1.4108
2016,9,18,10,37,55.2,7.3659e+05,277.57,3.6113,43.14,1.3666
2016,9,18,10,48,0,7.3659e+05,277.26,3.9325,41.284,1.3275
2016,9,18,10,58,4.8,7.3659e+05,276.81,3.2668,39.486,1.2929
2016,9,18,11,8,9.6,7.3659e+05,277.6,3.146,37.754,1.2623
2016,9,18,11,18,14.4,7.3659e+05,277.89,3.5254,36.097,1.2355
2016,9,18,11,28,19.2,7.3659e+05,276.73,2.6447,34.529,1.212
2016,9,18,11,38,24,7.3659e+05,277.89,3.1271,33.059,1.1915
2016,9,18,11,48,28.8,7.3659e+05,276.98,3.6182,31.704,1.174
2016,9,18,12,8,38.4,7.3659e+05,277.47,3.6385,29.399,1.1466
2016,9,18,12,18,43.2,7.3659e+05,276.72,2.6995,28.482,1.1366
2016,9,18,12,28,48,7.3659e+05,277.06,2.2616,27.744,1.1289
2016,9,18,12,38,52.8,7.3659e+05,276.92,3.4786,27.2,1.1234
2016,9,18,12,59,2.4,7.3659e+05,275.15,2.9105,26.735,1.1188
2016,9,18,13,9,7.2,7.3659e+05,274.78,2.4168,26.826,1.1197
2016,9,18,13,19,12,7.3659e+05,275.1,2.409,27.131,1.1227
2016,9,18,13,29,16.8,7.3659e+05,274.91,2.2829,27.643,1.1278
2016,9,18,13,39,21.6,7.3659e+05,274.02,3.2257,28.35,1.1352
2016,9,18,13,49,26.4,7.3659e+05,274.1,2.5454,29.24,1.1449
2016,9,18,13,59,31.2,7.3659e+05,274.94,2.7855,30.294,1.1569
2016,9,18,14,9,36,7.3659e+05,273.86,2.5442,31.498,1.1714
2016,9,18,14,19,40.8,7.3659e+05,273.87,2.9006,32.833,1.1885
2016,9,18,14,29,45.6,7.3659e+05,274.63,2.5539,34.285,1.2085
2016,9,18,14,39,50.4,7.3659e+05,274.92,3.4593,35.839,1.2315
2016,9,18,14,49,55.2,7.3659e+05,276.94,3.4333,37.482,1.2578
2016,9,18,15,0,0,7.3659e+05,275.72,2.9287,39.203,1.2877
2016,9,18,15,10,4.8,7.3659e+05,275.83,3.1185,40.992,1.3216
2016,9,18,15,20,9.6,7.3659e+05,275.34,3.1259,42.839,1.36
2016,9,19,9,18,43.2,7.3659e+05,268.82,1.683,59.173,1.9341
2016,9,19,9,28,48,7.3659e+05,269.94,3.7432,57.064,1.8254
2016,9,19,9,48,57.6,7.3659e+05,269.88,3.466,52.91,1.6489
2016,9,19,9,59,2.4,7.3659e+05,268.65,3.1088,50.87,1.577
2016,9,19,10,9,7.2,7.3659e+05,269.78,3.515,48.862,1.5137
2016,9,19,10,19,12,7.3659e+05,268.2,2.1632,46.888,1.4579
2016,9,19,10,29,16.8,7.3659e+05,270.03,3.0258,44.953,1.4085
2016,9,19,10,39,21.6,7.3659e+05,269.99,3.2323,43.065,1.3649
2016,9,19,10,49,26.4,7.3659e+05,269.8,2.724,41.228,1.3263
2016,9,19,10,59,31.2,7.3659e+05,269.3,2.6858,39.45,1.2922
2016,9,19,11,9,36,7.3659e+05,270.5,2.8517,37.741,1.2621
2016,9,19,11,19,40.8,7.3659e+05,270.62,3.3787,36.111,1.2357
2016,9,19,11,29,45.6,7.3659e+05,269.41,2.209,34.57,1.2126
2016,9,19,11,39,50.4,7.3659e+05,270.41,3.0102,33.132,1.1925
2016,9,19,11,49,55.2,7.3659e+05,271.08,2.0571,31.811,1.1753
2016,9,19,12,0,0,7.3659e+05,270.55,1.8904,30.622,1.1607
2016,9,19,12,10,4.8,7.3659e+05,270.7,2.2103,29.581,1.1487
2016,9,19,12,20,9.6,7.3659e+05,271.11,2.4778,28.705,1.139
2016,9,19,12,30,14.4,7.3659e+05,270.42,2.3781,28.009,1.1316
2016,9,19,12,40,19.2,7.3659e+05,270.42,1.637,27.506,1.1265
2016,9,19,12,50,24,7.3659e+05,269.71,2.5333,27.209,1.1235
2016,9,19,13,0,28.8,7.3659e+05,270.5,1.8347,27.123,1.1226
2016,9,19,13,10,33.6,7.3659e+05,269.62,2.4132,27.25,1.1239
2016,9,19,13,20,38.4,7.3659e+05,270.27,1.6883,27.589,1.1273
2016,9,19,13,30,43.2,7.3659e+05,270.81,1.9377,28.13,1.1329
2016,9,19,13,40,48,7.3659e+05,271.16,2.3418,28.862,1.1407
2016,9,19,13,50,52.8,7.3659e+05,271.18,2.3109,29.772,1.1508
2016,9,19,14,0,57.6,7.3659e+05,271.01,3.2598,30.843,1.1634
2016,9,19,14,11,2.4,7.3659e+05,270.06,2.1132,32.06,1.1785
2016,9,19,14,21,7.2,7.3659e+05,271.87,1.8784,33.405,1.1962
2016,9,19,14,31,12,7.3659e+05,271.34,2.3601,34.865,1.2169
2016,9,19,14,41,16.8,7.3659e+05,271.19,1.9135,36.424,1.2406
2016,9,19,14,51,21.6,7.3659e+05,271.44,3.3971,38.071,1.2677
2016,9,19,15,1,26.4,7.3659e+05,271.01,3.0638,39.795,1.2986
2016,9,19,15,11,31.2,7.3659e+05,271.39,2.847,41.585,1.3336
2016,9,19,15,21,36,7.3659e+05,268.83,2.2883,43.433,1.3731
2016,9,19,15,31,40.8,7.3659e+05,271.25,3.2756,45.332,1.4178
2016,9,19,15,41,45.6,7.3659e+05,270.97,3.0193,47.275,1.4684
2016,9,19,15,51,50.4,7.3659e+05,272.2,3.5813,49.257,1.5256
2016,9,19,16,1,55.2,7.3659e+05,270.94,3.6035,51.273,1.5905
2016,9,19,16,12,0,7.3659e+05,271.48,3.0962,53.318,1.6644
2016,9,19,16,22,4.8,7.3659e+05,271.1,3.2093,55.389,1.7488
2016,9,19,16,32,9.6,7.3659e+05,271.96,0.83175,57.484,1.8458
2016,9,19,16,42,14.4,7.3659e+05,268.15,1.9386,59.597,1.9579
2016,9,19,16,52,19.2,7.3659e+05,272.37,0,61.729,2.0883
2016,9,19,14,51,21.6,7.3659e+05,272.29,2.7297,38.071,1.2677
2016,9,19,15,1,26.4,7.3659e+05,271.01,3.0638,39.795,1.2986
2016,9,19,15,11,31.2,7.3659e+05,271.39,2.847,41.585,1.3336
2016,9,19,15,21,36,7.3659e+05,268.83,2.2883,43.433,1.3731
2016,9,19,15,31,40.8,7.3659e+05,271.25,3.2756,45.332,1.4178
2016,9,19,15,41,45.6,7.3659e+05,270.97,3.0193,47.275,1.4684
2016,9,19,15,51,50.4,7.3659e+05,272.2,3.5813,49.257,1.5256
2016,9,19,16,1,55.2,7.3659e+05,270.94,3.6035,51.273,1.5905
2016,9,19,16,12,0,7.3659e+05,271.48,3.0962,53.318,1.6644
2016,9,19,16,22,4.8,7.3659e+05,271.1,3.2093,55.389,1.7488
2016,9,19,16,32,9.6,7.3659e+05,271.96,0.83175,57.484,1.8458
2016,9,19,16,42,14.4,7.3659e+05,268.15,1.9386,59.597,1.9579
2016,9,19,16,52,19.2,7.3659e+05,272.37,0,61.729,2.0883
2016,9,20,9,0,0,7.3659e+05,273.95,0,63.262,2.1952
2016,9,20,9,10,4.8,7.3659e+05,273.17,3.8555,61.126,2.0495
2016,9,20,9,30,14.4,7.3659e+05,267.87,1.683,56.905,1.8178
2016,9,20,9,40,19.2,7.3659e+05,267.46,2.7936,54.826,1.7248
2016,9,20,9,50,24,7.3659e+05,269.03,2.9296,52.77,1.6437
2016,9,20,10,0,28.8,7.3659e+05,267.7,3.2065,50.742,1.5727
2016,9,20,10,10,33.6,7.3659e+05,268.11,3.2195,48.746,1.5102
2016,9,20,10,20,38.4,7.3659e+05,266.59,3.178,46.786,1.4552
2016,9,20,10,30,43.2,7.3659e+05,267.78,3.0888,44.868,1.4065
2016,9,20,10,40,48,7.3659e+05,267.72,3.0232,42.996,1.3634
2016,9,20,10,50,52.8,7.3659e+05,267.18,1.8639,41.179,1.3254
2016,9,20,11,0,57.6,7.3659e+05,266.97,3.0935,39.423,1.2917
2016,9,20,11,11,2.4,7.3659e+05,266.97,2.6679,37.738,1.2621
2016,9,20,11,21,7.2,7.3659e+05,268.1,2.3592,36.133,1.236
2016,9,20,11,31,12,7.3659e+05,268.16,2.3885,34.622,1.2133
2016,9,20,11,41,16.8,7.3659e+05,267.31,2.1679,33.215,1.1936
2016,9,20,11,51,21.6,7.3659e+05,268.3,1.8932,31.928,1.1768
2016,9,20,12,1,26.4,7.3659e+05,267.37,2.6073,30.775,1.1626
2016,9,20,12,11,31.2,7.3659e+05,267.99,2.2302,29.773,1.1509
2016,9,20,12,21,36,7.3659e+05,267.72,2.0476,28.937,1.1415
2016,9,20,12,31,40.8,7.3659e+05,267.68,2.4462,28.283,1.1345
2016,9,20,12,41,45.6,7.3659e+05,267.81,2.4973,27.822,1.1297
2016,9,20,12,51,50.4,7.3659e+05,268.19,2.7805,27.565,1.1271
2016,9,20,13,1,55.2,7.3659e+05,268.31,2.2119,27.518,1.1266
2016,9,20,13,12,0,7.3659e+05,267.92,3.1598,27.681,1.1282
2016,9,20,13,22,4.8,7.3659e+05,267.23,1.217,28.052,1.1321
2016,9,20,13,32,9.6,7.3659e+05,269.04,2.0398,28.621,1.1381
2016,9,20,13,42,14.4,7.3659e+05,269.32,2.6794,29.377,1.1464
2016,9,20,13,52,19.2,7.3659e+05,269.24,2.1776,30.307,1.157
2016,9,20,14,2,24,7.3659e+05,269.6,2.2095,31.394,1.1701
2016,9,20,14,12,28.8,7.3659e+05,270.09,2.6927,32.623,1.1857
2016,9,20,14,22,33.6,7.3659e+05,269.8,2.282,33.978,1.2041
2016,9,20,14,32,38.4,7.3659e+05,269.74,2.4123,35.445,1.2255
2016,9,20,14,42,43.2,7.3659e+05,270.18,2.1418,37.01,1.25
2016,9,21,9,21,36,7.3659e+05,279.09,3.2905,58.844,1.9161
2016,9,21,9,31,40.8,7.3659e+05,276.97,3.997,56.751,1.8104
2016,9,21,9,41,45.6,7.3659e+05,274.37,3.3519,54.681,1.7188
2016,9,21,9,51,50.4,7.3659e+05,276.44,2.9424,52.636,1.6388
2016,9,21,10,1,55.2,7.3659e+05,275.71,2.8563,50.62,1.5687
2016,9,21,10,12,0,7.3659e+05,275.83,2.6826,48.637,1.507
2016,9,21,10,22,4.8,7.3659e+05,275.77,2.2745,46.691,1.4526
2016,9,21,10,32,9.6,7.3659e+05,275.59,2.9558,44.789,1.4046
2016,9,21,10,42,14.4,7.3659e+05,275.61,2.3175,42.935,1.3621
2016,9,21,10,52,19.2,7.3659e+05,275.86,3.0964,41.137,1.3245
2016,9,21,11,2,24,7.3659e+05,275.59,1.9823,39.403,1.2914
2016,9,21,11,12,28.8,7.3659e+05,275.41,2.1833,37.742,1.2621
2016,9,21,11,22,33.6,7.3659e+05,274.49,2.737,36.165,1.2365
2016,9,21,11,32,38.4,7.3659e+05,274.49,2.2641,34.682,1.2142
2016,9,21,11,42,43.2,7.3659e+05,274.49,2.1545,33.307,1.1949
2016,9,21,12,53,16.8,7.3659e+05,274.14,1.6747,27.93,1.1308
2016,9,21,13,3,21.6,7.3659e+05,274.26,2.4461,27.92,1.1307
2016,9,21,13,13,26.4,7.3659e+05,274.29,3.1906,28.118,1.1328
2016,9,21,13,23,31.2,7.3659e+05,273.87,2.5008,28.52,1.137
2016,9,21,13,33,36,7.3659e+05,274.61,2.745,29.116,1.1435
2016,9,21,13,43,40.8,7.3659e+05,274.36,2.6749,29.895,1.1523
2016,9,21,13,53,45.6,7.3659e+05,274.8,3.209,30.844,1.1634
2016,9,21,14,3,50.4,7.3659e+05,274.76,3.2716,31.947,1.177
2016,9,21,14,13,55.2,7.3659e+05,275.24,1.5779,33.188,1.1933
2016,9,21,14,24,0,7.3659e+05,273.96,2.6149,34.552,1.2123
2016,9,21,14,34,4.8,7.3659e+05,275.13,3.2416,36.026,1.2344
2016,9,21,14,44,9.6,7.3659e+05,275,2.1449,37.595,1.2597
2016,9,21,14,54,14.4,7.3659e+05,274.1,2.3738,39.25,1.2886
2016,9,21,15,4,19.2,7.3659e+05,274.37,2.5463,40.978,1.3214
2016,9,21,15,14,24,7.3659e+05,275.89,3.2856,42.771,1.3585
2016,9,21,15,24,28.8,7.3659e+05,274.35,2.4405,44.62,1.4005
2016,9,21,15,34,33.6,7.3659e+05,276.63,3.3432,46.519,1.4481
2016,9,21,15,54,43.2,7.3659e+05,275.46,2.0832,50.442,1.5629
2016,9,21,16,4,48,7.3659e+05,274.21,3.9887,52.456,1.6322
2016,9,21,16,24,57.6,7.3659e+05,273.42,3.2109,56.568,1.8019
2016,9,21,16,35,2.4,7.3659e+05,273.39,3.5477,58.66,1.9063
2016,9,21,16,45,7.2,7.3659e+05,271.61,0,60.772,2.0274
2016,9,22,9,2,52.8,7.366e+05,272.46,0,62.911,2.1697
2016,9,22,9,12,57.6,7.366e+05,273.37,0,60.789,2.0284
2016,9,22,9,33,7.2,7.366e+05,275.33,3.2288,56.601,1.8034
2016,9,22,9,43,12,7.366e+05,276.52,3.4664,54.54,1.7129
2016,9,22,9,53,16.8,7.366e+05,273.47,2.6199,52.506,1.634
2016,9,22,10,3,21.6,7.366e+05,275.11,2.4272,50.502,1.5648
2016,9,22,10,13,26.4,7.366e+05,275.25,2.001,48.532,1.5039
2016,9,22,10,23,31.2,7.366e+05,275.35,2.9409,46.602,1.4503
2016,9,22,10,33,36,7.366e+05,273.9,2.3106,44.716,1.4028
2016,9,22,10,43,40.8,7.366e+05,274.04,2.3007,42.88,1.3609
2016,9,22,10,53,45.6,7.366e+05,273.53,3.2603,41.103,1.3238
2016,9,22,11,3,50.4,7.366e+05,274.22,2.1362,39.391,1.2911
2016,9,22,11,13,55.2,7.366e+05,274.05,2.8056,37.755,1.2624
2016,9,22,11,24,0,7.366e+05,273.73,2.4151,36.205,1.2371
2016,9,22,11,34,4.8,7.366e+05,273.78,2.0347,34.752,1.2152
2016,9,22,11,44,9.6,7.366e+05,274.09,2.9939,33.409,1.1963
2016,9,22,11,54,14.4,7.366e+05,275,2.4989,32.191,1.1801
2016,9,22,12,4,19.2,7.366e+05,273.83,2.0847,31.112,1.1666
2016,9,22,12,14,24,7.366e+05,274.83,2.8933,30.187,1.1556
2016,9,22,12,24,28.8,7.366e+05,274.45,2.8181,29.432,1.147
2016,9,22,12,34,33.6,7.366e+05,273.9,2.1273,28.859,1.1407
2016,9,22,12,44,38.4,7.366e+05,275.4,2.8822,28.479,1.1366
2016,9,22,12,54,43.2,7.366e+05,276.14,3.1388,28.301,1.1347
2016,9,22,13,4,48,7.366e+05,275.54,2.8922,28.328,1.135
2016,9,22,13,14,52.8,7.366e+05,275.81,1.8255,28.56,1.1375
2016,9,22,13,24,57.6,7.366e+05,276.04,2.2556,28.992,1.1421
2016,9,22,13,35,2.4,7.366e+05,274.23,3.2464,29.614,1.1491
2016,9,22,13,45,7.2,7.366e+05,275.64,2.0358,30.416,1.1583
2016,9,22,13,55,12,7.366e+05,276.05,3.3128,31.383,1.17
2016,9,22,14,5,16.8,7.366e+05,275.29,2.9022,32.5,1.1841
2016,9,22,14,15,21.6,7.366e+05,275.43,2.6622,33.753,1.201
2016,9,22,14,25,26.4,7.366e+05,277.05,2.4813,35.126,1.2207
2016,9,22,14,35,31.2,7.366e+05,277.23,2.7603,36.607,1.2435
2016,9,22,14,45,36,7.366e+05,276.66,1.5595,38.182,1.2696
2016,9,22,14,55,40.8,7.366e+05,277.34,2.5877,39.839,1.2994
2016,9,22,15,5,45.6,7.366e+05,275.58,2.5431,41.569,1.3332
2016,9,22,15,25,55.2,7.366e+05,274.08,2.0809,45.213,1.4149
2016,9,22,15,36,0,7.366e+05,278.88,3.0403,47.113,1.4639
2016,9,22,15,46,4.8,7.366e+05,277.16,2.5115,49.055,1.5194
2016,9,22,16,16,19.2,7.366e+05,274.04,0,55.09,1.736
2016,9,23,9,44,38.4,7.366e+05,276.05,0.94181,54.404,1.7074
2016,9,23,9,54,43.2,7.366e+05,276.49,3.416,52.381,1.6295
2016,9,23,10,4,48,7.366e+05,276.74,2.7093,50.39,1.5612
2016,9,23,10,14,52.8,7.366e+05,275.67,3.5844,48.434,1.5011
2016,9,23,10,24,57.6,7.366e+05,277.83,3.4578,46.519,1.4481
2016,9,23,10,35,2.4,7.366e+05,277.08,3.1587,44.65,1.4012
2016,9,23,10,45,7.2,7.366e+05,277.26,2.8154,42.833,1.3599
2016,9,23,10,55,12,7.366e+05,274.49,2.7665,41.076,1.3233
2016,9,23,11,5,16.8,7.366e+05,276.22,2.4117,39.388,1.2911
2016,9,23,11,15,21.6,7.366e+05,277.38,2.7637,37.776,1.2627
2016,9,23,11,25,26.4,7.366e+05,276.98,2.284,36.253,1.2379
2016,9,23,11,35,31.2,7.366e+05,276,2.7415,34.83,1.2163
2016,9,23,12,15,50.4,7.366e+05,277.93,3.5773,30.409,1.1582
2016,9,23,12,25,55.2,7.366e+05,277.11,3.0627,29.693,1.1499
2016,9,23,12,36,0,7.366e+05,275.31,2.8506,29.16,1.144
2016,9,23,12,46,4.8,7.366e+05,276.93,2.74,28.82,1.1403
2016,9,23,12,56,9.6,7.366e+05,278.46,2.7278,28.68,1.1387
2016,9,23,13,6,14.4,7.366e+05,279.12,2.7783,28.743,1.1394
2016,9,23,13,16,19.2,7.366e+05,278.47,3.1676,29.008,1.1423
2016,9,23,13,26,24,7.366e+05,277.71,2.6542,29.468,1.1474
2016,9,23,13,36,28.8,7.366e+05,277.97,2.3796,30.116,1.1548
2016,9,23,13,46,33.6,7.366e+05,279.79,1.478,30.939,1.1645
2016,9,23,13,56,38.4,7.366e+05,280.11,2.0878,31.924,1.1767
2016,9,23,14,6,43.2,7.366e+05,279.27,2.1962,33.055,1.1915
2016,9,23,14,16,48,7.366e+05,279.85,2.9079,34.319,1.209
2016,9,23,14,26,52.8,7.366e+05,280.22,2.2937,35.701,1.2294
2016,9,23,14,36,57.6,7.366e+05,280.96,3.2874,37.188,1.2529
2016,9,23,14,47,2.4,7.366e+05,281.23,1.9835,38.768,1.2799
2016,9,23,14,57,7.2,7.366e+05,281.41,3.4422,40.428,1.3106
2016,9,23,15,7,12,7.366e+05,280.24,2.7274,42.161,1.3455
2016,9,23,15,27,21.6,7.366e+05,280.49,3.297,45.807,1.4297
2016,9,23,15,47,31.2,7.366e+05,280.99,2.3252,49.648,1.5376
2016,9,23,15,57,36,7.366e+05,278.52,3.5824,51.627,1.6027
2016,9,23,16,7,40.8,7.366e+05,280.49,3.6107,53.639,1.6768
2016,9,23,16,17,45.6,7.366e+05,277.95,3.4343,55.68,1.7616
2016,9,23,16,27,50.4,7.366e+05,283.95,3.812,57.747,1.859
2016,9,24,9,15,50.4,7.366e+05,277.36,0,60.466,2.0087
2016,9,24,9,25,55.2,7.366e+05,274.26,1.3148,58.378,1.8914
2016,9,24,9,36,0,7.366e+05,276.73,3.4376,56.313,1.7901
2016,9,24,9,46,4.8,7.366e+05,274.12,1.7596,54.273,1.702
2016,9,24,9,56,9.6,7.366e+05,274.39,2.2797,52.262,1.6251
2016,9,24,10,6,14.4,7.366e+05,278.13,1.9712,50.283,1.5577
2016,9,24,10,16,19.2,7.366e+05,274.15,1.6895,48.342,1.4984
2016,9,24,10,26,24,7.366e+05,277.68,3.5522,46.442,1.4461
2016,9,24,10,36,28.8,7.366e+05,275.81,2.4268,44.59,1.3998
2016,9,24,10,46,33.6,7.366e+05,279.39,2.6299,42.793,1.359
2016,9,24,10,56,38.4,7.366e+05,276.48,2.427,41.057,1.3229
2016,9,24,11,6,43.2,7.366e+05,276.43,2.4115,39.392,1.2911
2016,9,24,11,16,48,7.366e+05,274.88,2.1916,37.806,1.2632
2016,9,24,11,26,52.8,7.366e+05,276.31,2.7618,36.311,1.2388
2016,9,24,11,36,57.6,7.366e+05,274.74,2.0037,34.918,1.2176
2016,9,24,11,47,2.4,7.366e+05,275.32,2.7923,33.64,1.1994
2016,9,24,11,57,7.2,7.366e+05,275.76,3.2659,32.492,1.184
2016,9,24,12,7,12,7.366e+05,275.56,2.0175,31.487,1.1712
2016,9,24,12,17,16.8,7.366e+05,277.12,2.8081,30.639,1.1609
2016,9,24,12,27,21.6,7.366e+05,276.02,2.9631,29.963,1.153
2016,9,24,12,37,26.4,7.366e+05,275.84,1.6843,29.469,1.1474
2016,9,24,12,47,31.2,7.366e+05,274.6,2.4514,29.168,1.1441
2016,9,24,12,57,36,7.366e+05,275.31,2.3647,29.066,1.1429
2016,9,24,13,7,40.8,7.366e+05,274.82,3.4061,29.163,1.144
2016,9,24,13,17,45.6,7.366e+05,274.23,2.508,29.46,1.1473
2016,9,24,13,27,50.4,7.366e+05,273.96,2.8335,29.949,1.1529
2016,9,24,13,37,55.2,7.366e+05,273.18,1.9134,30.621,1.1607
2016,9,24,13,48,0,7.366e+05,276.45,2.3853,31.464,1.171
2016,9,24,13,58,4.8,7.366e+05,276.06,2.7971,32.466,1.1837
2016,9,24,14,8,9.6,7.366e+05,276.09,2.1463,33.611,1.199
2016,9,24,14,18,14.4,7.366e+05,275.54,2.2391,34.886,1.2172
2016,9,24,14,28,19.2,7.366e+05,276.07,2.9124,36.277,1.2383
2016,9,24,14,38,24,7.366e+05,276.73,1.8338,37.77,1.2626
2016,9,24,14,48,28.8,7.366e+05,275.68,2.4456,39.354,1.2904
2016,9,24,14,58,33.6,7.366e+05,276.1,1.3473,41.018,1.3221
2016,9,24,15,8,38.4,7.366e+05,275.33,1.5891,42.752,1.3581
2016,9,24,15,18,43.2,7.366e+05,274.69,2.9033,44.549,1.3988
2016,9,24,15,28,48,7.366e+05,274.63,2.182,46.4,1.4449
2016,9,24,15,38,52.8,7.366e+05,273.07,1.8221,48.299,1.4971
2016,9,24,15,48,57.6,7.366e+05,275.03,2.3369,50.24,1.5563
2016,9,24,16,9,7.2,7.366e+05,277.05,0,54.23,1.7003
2016,9,24,16,19,12,7.366e+05,286.36,0,56.27,1.7881
2016,9,25,9,7,12,7.366e+05,277.66,0,62.41,2.1343
2016,9,25,9,27,21.6,7.366e+05,272.77,2.3757,58.231,1.8837
2016,9,25,9,37,26.4,7.366e+05,275.84,3.7842,56.176,1.7838
2016,9,25,9,57,36,7.366e+05,271.78,0.53032,52.147,1.621
2016,9,25,10,7,40.8,7.366e+05,270.32,3.993,50.182,1.5545
2016,9,25,10,17,45.6,7.366e+05,272.58,2.3766,48.255,1.4959
2016,9,25,10,27,50.4,7.366e+05,273.56,2.2852,46.371,1.4442
2016,9,25,10,37,55.2,7.366e+05,270.43,1.8303,44.538,1.3986
2016,9,25,10,48,0,7.366e+05,272.79,2.7112,42.76,1.3583
2016,9,25,10,58,4.8,7.366e+05,271.69,1.8102,41.046,1.3227
2016,9,25,11,8,9.6,7.366e+05,272.74,2.9167,39.404,1.2914
2016,9,25,11,18,14.4,7.366e+05,272.55,2.4517,37.844,1.2639
2016,9,25,11,28,19.2,7.366e+05,273.88,3.362,36.377,1.2399
2016,9,25,11,38,24,7.366e+05,273.64,2.8726,35.015,1.2191
2016,9,25,11,48,28.8,7.366e+05,275.01,3.4374,33.77,1.2012
2016,9,25,11,58,33.6,7.366e+05,274.48,2.7864,32.657,1.1862
2016,9,25,12,8,38.4,7.366e+05,273.88,1.8395,31.688,1.1738
2016,9,25,12,18,43.2,7.366e+05,277.04,3.3869,30.879,1.1638
2016,9,25,12,28,48,7.366e+05,273.17,2.9962,30.241,1.1563
2016,9,25,12,38,52.8,7.366e+05,274.39,2.6036,29.787,1.151
2016,9,25,12,48,57.6,7.366e+05,274.71,2.7896,29.524,1.148
2016,9,25,12,59,2.4,7.366e+05,274.56,2.2522,29.457,1.1473
2016,9,25,13,9,7.2,7.366e+05,273.9,2.5699,29.589,1.1488
2016,9,25,13,19,12,7.366e+05,275.65,1.8893,29.916,1.1525
2016,9,25,13,29,16.8,7.366e+05,275.81,0.98913,30.432,1.1585
2016,9,25,13,39,21.6,7.366e+05,275.81,1.7788,31.128,1.1668
2016,9,25,13,49,26.4,7.366e+05,275.56,2.0175,31.991,1.1776
2016,9,25,13,59,31.2,7.366e+05,275.82,2.2343,33.009,1.1909
2016,9,25,14,9,36,7.366e+05,274.4,2.3177,34.168,1.2068
2016,9,25,14,19,40.8,7.366e+05,274.87,3.4025,35.453,1.2256
2016,9,25,14,29,45.6,7.366e+05,276.31,2.6559,36.852,1.2474
2016,9,25,14,39,50.4,7.366e+05,275.43,2.4537,38.351,1.2726
2016,9,25,14,49,55.2,7.366e+05,276.47,1.8704,39.939,1.3013
2016,9,25,15,0,0,7.366e+05,276.88,2.2407,41.606,1.334
2016,9,25,15,10,4.8,7.366e+05,276.23,3.2184,43.343,1.3711
2016,9,25,15,20,9.6,7.366e+05,275.92,2.4125,45.141,1.4131
2016,9,25,15,30,14.4,7.366e+05,276.87,3.3934,46.992,1.4607
2016,9,25,15,40,19.2,7.366e+05,272.54,0,48.891,1.5145
2016,9,25,15,50,24,7.366e+05,274.73,1.2984,50.832,1.5757
2016,9,25,16,0,28.8,7.366e+05,272.27,1.4817,52.81,1.6452
2016,9,25,16,20,38.4,7.366e+05,273.53,0.63971,56.859,1.8156
