  7.3658531e+005
  7.3658532e+005
  7.3658533e+005
  7.3658533e+005
  7.3658533e+005
  7.3658533e+005
  7.3658534e+005
  7.3658534e+005
  7.3658534e+005
  7.3658534e+005
  7.3658535e+005
  7.3658535e+005
  7.3658535e+005
  7.3658535e+005
  7.3658536e+005
  7.3658536e+005
  7.3658536e+005
  7.3658536e+005
  7.3658537e+005
  7.3658537e+005
  7.3658537e+005
  7.3658537e+005
  7.3658539e+005
  7.3658539e+005
  7.3658539e+005
  7.3658540e+005
  7.3658540e+005
  7.3658540e+005
  7.3658540e+005
  7.3658541e+005
  7.3658541e+005
  7.3658541e+005
  7.3658543e+005
  7.3658543e+005
  7.3658544e+005
  7.3658544e+005
  7.3658544e+005
  7.3658544e+005
  7.3658544e+005
  7.3658545e+005
  7.3658545e+005
  7.3658545e+005
  7.3658547e+005
  7.3658547e+005
  7.3658548e+005
  7.3658548e+005
  7.3658549e+005
  7.3658549e+005
  7.3658549e+005
  7.3658549e+005
  7.3658549e+005
  7.3658551e+005
  7.3658551e+005
  7.3658551e+005
  7.3658552e+005
  7.3658552e+005
  7.3658552e+005
  7.3658552e+005
  7.3658553e+005
  7.3658553e+005
  7.3658553e+005
  7.3658556e+005
  7.3658556e+005
  7.3658556e+005
  7.3658556e+005
  7.3658557e+005
  7.3658557e+005
  7.3658557e+005
  7.3658557e+005
  7.3658558e+005
  7.3658558e+005
  7.3658559e+005
  7.3658560e+005
  7.3658560e+005
  7.3658561e+005
  7.3658561e+005
  7.3658561e+005
  7.3658562e+005
  7.3658562e+005
  7.3658564e+005
  7.3658564e+005
  7.3658564e+005
  7.3658565e+005
  7.3658565e+005
  7.3658565e+005
  7.3658565e+005
  7.3658566e+005
  7.3658566e+005
  7.3658566e+005
  7.3658568e+005
  7.3658568e+005
  7.3658568e+005
  7.3658568e+005
  7.3658569e+005
  7.3658569e+005
  7.3658569e+005
  7.3658569e+005
  7.3658570e+005
  7.3658572e+005
  7.3658572e+005
  7.3658572e+005
  7.3658572e+005
  7.3658573e+005
  7.3658573e+005
  7.3658574e+005
  7.3658574e+005
  7.3658574e+005
  7.3658574e+005
  7.3658574e+005
  7.3658575e+005
  7.3658631e+005
  7.3658631e+005
  7.3658632e+005
  7.3658632e+005
  7.3658632e+005
  7.3658633e+005
  7.3658633e+005
  7.3658633e+005
  7.3658633e+005
  7.3658634e+005
  7.3658634e+005
  7.3658634e+005
  7.3658634e+005
  7.3658635e+005
  7.3658635e+005
  7.3658635e+005
  7.3658635e+005
  7.3658636e+005
  7.3658636e+005
  7.3658636e+005
  7.3658636e+005
  7.3658637e+005
  7.3658637e+005
  7.3658637e+005
  7.3658637e+005
  7.3658639e+005
  7.3658639e+005
  7.3658639e+005
  7.3658640e+005
  7.3658640e+005
  7.3658640e+005
  7.3658640e+005
  7.3658641e+005
  7.3658641e+005
  7.3658641e+005
  7.3658643e+005
  7.3658643e+005
  7.3658643e+005
  7.3658643e+005
  7.3658643e+005
  7.3658644e+005
  7.3658644e+005
  7.3658644e+005
  7.3658644e+005
  7.3658645e+005
  7.3658647e+005
  7.3658647e+005
  7.3658648e+005
  7.3658648e+005
  7.3658648e+005
  7.3658649e+005
  7.3658649e+005
  7.3658649e+005
  7.3658649e+005
  7.3658651e+005
  7.3658651e+005
  7.3658651e+005
  7.3658652e+005
  7.3658652e+005
  7.3658652e+005
  7.3658652e+005
  7.3658652e+005
  7.3658653e+005
  7.3658653e+005
  7.3658654e+005
  7.3658654e+005
  7.3658654e+005
  7.3658655e+005
  7.3658655e+005
  7.3658655e+005
  7.3658655e+005
  7.3658656e+005
  7.3658656e+005
  7.3658656e+005
  7.3658659e+005
  7.3658659e+005
  7.3658660e+005
  7.3658660e+005
  7.3658661e+005
  7.3658661e+005
  7.3658661e+005
  7.3658661e+005
  7.3658661e+005
  7.3658663e+005
  7.3658664e+005
  7.3658664e+005
  7.3658664e+005
  7.3658664e+005
  7.3658665e+005
  7.3658665e+005
  7.3658665e+005
  7.3658665e+005
  7.3658665e+005
  7.3658668e+005
  7.3658668e+005
  7.3658668e+005
  7.3658668e+005
  7.3658668e+005
  7.3658669e+005
  7.3658669e+005
  7.3658669e+005
  7.3658669e+005
  7.3658670e+005
  7.3658672e+005
  7.3658672e+005
  7.3658672e+005
  7.3658673e+005
  7.3658673e+005
  7.3658673e+005
  7.3658674e+005
  7.3658674e+005
  7.3658674e+005
  7.3658674e+005
  7.3658675e+005
  7.3658675e+005
  7.3658675e+005
  7.3658675e+005
  7.3658675e+005
  7.3658677e+005
  7.3658677e+005
  7.3658678e+005
  7.3658678e+005
  7.3658678e+005
  7.3658731e+005
  7.3658731e+005
  7.3658732e+005
  7.3658732e+005
  7.3658732e+005
  7.3658733e+005
  7.3658733e+005
  7.3658733e+005
  7.3658733e+005
  7.3658734e+005
  7.3658734e+005
  7.3658734e+005
  7.3658734e+005
  7.3658735e+005
  7.3658735e+005
  7.3658735e+005
  7.3658735e+005
  7.3658736e+005
  7.3658736e+005
  7.3658736e+005
  7.3658736e+005
  7.3658737e+005
  7.3658737e+005
  7.3658737e+005
  7.3658737e+005
  7.3658739e+005
  7.3658739e+005
  7.3658739e+005
  7.3658740e+005
  7.3658740e+005
  7.3658740e+005
  7.3658740e+005
  7.3658741e+005
  7.3658741e+005
  7.3658741e+005
  7.3658743e+005
  7.3658743e+005
  7.3658743e+005
  7.3658743e+005
  7.3658743e+005
  7.3658744e+005
  7.3658744e+005
  7.3658744e+005
  7.3658744e+005
  7.3658745e+005
  7.3658753e+005
  7.3658754e+005
  7.3658754e+005
  7.3658756e+005
  7.3658756e+005
  7.3658756e+005
  7.3658756e+005
  7.3658756e+005
  7.3658757e+005
  7.3658757e+005
  7.3658757e+005
  7.3658757e+005
  7.3658758e+005
  7.3658759e+005
  7.3658760e+005
  7.3658760e+005
  7.3658761e+005
  7.3658761e+005
  7.3658761e+005
  7.3658761e+005
  7.3658762e+005
  7.3658762e+005
  7.3658763e+005
  7.3658764e+005
  7.3658764e+005
  7.3658764e+005
  7.3658764e+005
  7.3658765e+005
  7.3658765e+005
  7.3658765e+005
  7.3658765e+005
  7.3658765e+005
  7.3658768e+005
  7.3658768e+005
  7.3658769e+005
  7.3658769e+005
  7.3658769e+005
  7.3658769e+005
  7.3658769e+005
  7.3658770e+005
  7.3658770e+005
  7.3658770e+005
  7.3658772e+005
  7.3658772e+005
  7.3658773e+005
  7.3658773e+005
  7.3658773e+005
  7.3658773e+005
  7.3658774e+005
  7.3658774e+005
  7.3658774e+005
  7.3658774e+005
  7.3658775e+005
  7.3658775e+005
  7.3658775e+005
  7.3658775e+005
  7.3658775e+005
  7.3658777e+005
  7.3658777e+005
  7.3658778e+005
  7.3658778e+005
  7.3658778e+005
  7.3658831e+005
  7.3658831e+005
  7.3658832e+005
  7.3658832e+005
  7.3658832e+005
  7.3658833e+005
  7.3658833e+005
  7.3658833e+005
  7.3658833e+005
  7.3658834e+005
  7.3658834e+005
  7.3658834e+005
  7.3658834e+005
  7.3658835e+005
  7.3658835e+005
  7.3658835e+005
  7.3658836e+005
  7.3658836e+005
  7.3658836e+005
  7.3658836e+005
  7.3658836e+005
  7.3658837e+005
  7.3658837e+005
  7.3658837e+005
  7.3658837e+005
  7.3658838e+005
  7.3658839e+005
  7.3658839e+005
  7.3658839e+005
  7.3658839e+005
  7.3658839e+005
  7.3658840e+005
  7.3658840e+005
  7.3658840e+005
  7.3658840e+005
  7.3658843e+005
  7.3658843e+005
  7.3658844e+005
  7.3658844e+005
  7.3658844e+005
  7.3658844e+005
  7.3658844e+005
  7.3658845e+005
  7.3658845e+005
  7.3658845e+005
  7.3658847e+005
  7.3658847e+005
  7.3658848e+005
  7.3658848e+005
  7.3658849e+005
  7.3658849e+005
  7.3658849e+005
  7.3658849e+005
  7.3658849e+005
  7.3658851e+005
  7.3658851e+005
  7.3658851e+005
  7.3658852e+005
  7.3658852e+005
  7.3658852e+005
  7.3658852e+005
  7.3658853e+005
  7.3658853e+005
  7.3658853e+005
  7.3658856e+005
  7.3658856e+005
  7.3658856e+005
  7.3658856e+005
  7.3658857e+005
  7.3658857e+005
  7.3658857e+005
  7.3658857e+005
  7.3658857e+005
  7.3658858e+005
  7.3658859e+005
  7.3658860e+005
  7.3658860e+005
  7.3658861e+005
  7.3658861e+005
  7.3658861e+005
  7.3658861e+005
  7.3658862e+005
  7.3658862e+005
  7.3658863e+005
  7.3658864e+005
  7.3658864e+005
  7.3658864e+005
  7.3658864e+005
  7.3658865e+005
  7.3658865e+005
  7.3658865e+005
  7.3658865e+005
  7.3658865e+005
  7.3658868e+005
  7.3658868e+005
  7.3658869e+005
  7.3658869e+005
  7.3658869e+005
  7.3658869e+005
  7.3658869e+005
  7.3658870e+005
  7.3658870e+005
  7.3658870e+005
  7.3658872e+005
  7.3658872e+005
  7.3658873e+005
  7.3658873e+005
  7.3658873e+005
  7.3658873e+005
  7.3658874e+005
  7.3658874e+005
  7.3658874e+005
  7.3658874e+005
  7.3658933e+005
  7.3658933e+005
  7.3658934e+005
  7.3658934e+005
  7.3658934e+005
  7.3658935e+005
  7.3658935e+005
  7.3658935e+005
  7.3658935e+005
  7.3658936e+005
  7.3658936e+005
  7.3658936e+005
  7.3658936e+005
  7.3658937e+005
  7.3658937e+005
  7.3658937e+005
  7.3658937e+005
  7.3658937e+005
  7.3658938e+005
  7.3658939e+005
  7.3658939e+005
  7.3658939e+005
  7.3658939e+005
  7.3658940e+005
  7.3658940e+005
  7.3658940e+005
  7.3658940e+005
  7.3658940e+005
  7.3658943e+005
  7.3658943e+005
  7.3658944e+005
  7.3658944e+005
  7.3658944e+005
  7.3658944e+005
  7.3658944e+005
  7.3658945e+005
  7.3658945e+005
  7.3658945e+005
  7.3658947e+005
  7.3658947e+005
  7.3658948e+005
  7.3658948e+005
  7.3658949e+005
  7.3658949e+005
  7.3658949e+005
  7.3658949e+005
  7.3658949e+005
  7.3658951e+005
  7.3658951e+005
  7.3658951e+005
  7.3658952e+005
  7.3658952e+005
  7.3658952e+005
  7.3658952e+005
  7.3658953e+005
  7.3658953e+005
  7.3658953e+005
  7.3658955e+005
  7.3658955e+005
  7.3658955e+005
  7.3658956e+005
  7.3658956e+005
  7.3658956e+005
  7.3658956e+005
  7.3658957e+005
  7.3658957e+005
  7.3658957e+005
  7.3658959e+005
  7.3658960e+005
  7.3658960e+005
  7.3658961e+005
  7.3658961e+005
  7.3658961e+005
  7.3658961e+005
  7.3658962e+005
  7.3658962e+005
  7.3658963e+005
  7.3658964e+005
  7.3658964e+005
  7.3658964e+005
  7.3658964e+005
  7.3658964e+005
  7.3658965e+005
  7.3658965e+005
  7.3658965e+005
  7.3658965e+005
  7.3658968e+005
  7.3658968e+005
  7.3658969e+005
  7.3658969e+005
  7.3658969e+005
  7.3658969e+005
  7.3658969e+005
  7.3658970e+005
  7.3658970e+005
  7.3658970e+005
  7.3658972e+005
  7.3658972e+005
  7.3658973e+005
  7.3658973e+005
  7.3658973e+005
  7.3658973e+005
  7.3658974e+005
  7.3658974e+005
  7.3658974e+005
  7.3658974e+005
  7.3658975e+005
  7.3658975e+005
  7.3658975e+005
  7.3658975e+005
  7.3658975e+005
  7.3658977e+005
  7.3658977e+005
  7.3658978e+005
  7.3658978e+005
  7.3658978e+005
  7.3659039e+005
  7.3659039e+005
  7.3659041e+005
  7.3659041e+005
  7.3659043e+005
  7.3659043e+005
  7.3659044e+005
  7.3659044e+005
  7.3659044e+005
  7.3659044e+005
  7.3659044e+005
  7.3659045e+005
  7.3659045e+005
  7.3659045e+005
  7.3659047e+005
  7.3659047e+005
  7.3659048e+005
  7.3659048e+005
  7.3659049e+005
  7.3659049e+005
  7.3659049e+005
  7.3659049e+005
  7.3659049e+005
  7.3659051e+005
  7.3659051e+005
  7.3659051e+005
  7.3659052e+005
  7.3659052e+005
  7.3659052e+005
  7.3659052e+005
  7.3659053e+005
  7.3659053e+005
  7.3659053e+005
  7.3659056e+005
  7.3659056e+005
  7.3659056e+005
  7.3659056e+005
  7.3659056e+005
  7.3659057e+005
  7.3659057e+005
  7.3659057e+005
  7.3659057e+005
  7.3659058e+005
  7.3659059e+005
  7.3659060e+005
  7.3659060e+005
  7.3659061e+005
  7.3659061e+005
  7.3659061e+005
  7.3659061e+005
  7.3659062e+005
  7.3659062e+005
  7.3659063e+005
  7.3659064e+005
  7.3659064e+005
  7.3659064e+005
  7.3659064e+005
  7.3659065e+005
  7.3659065e+005
  7.3659065e+005
  7.3659065e+005
  7.3659065e+005
  7.3659068e+005
  7.3659068e+005
  7.3659069e+005
  7.3659069e+005
  7.3659069e+005
  7.3659069e+005
  7.3659069e+005
  7.3659070e+005
  7.3659070e+005
  7.3659070e+005
  7.3659072e+005
  7.3659072e+005
  7.3659073e+005
  7.3659073e+005
  7.3659073e+005
  7.3659073e+005
  7.3659074e+005
  7.3659074e+005
  7.3659074e+005
  7.3659074e+005
  7.3659075e+005
  7.3659075e+005
  7.3659075e+005
  7.3659075e+005
  7.3659075e+005
  7.3659077e+005
  7.3659077e+005
  7.3659078e+005
  7.3659078e+005
  7.3659131e+005
  7.3659132e+005
  7.3659132e+005
  7.3659132e+005
  7.3659132e+005
  7.3659133e+005
  7.3659133e+005
  7.3659133e+005
  7.3659134e+005
  7.3659134e+005
  7.3659134e+005
  7.3659134e+005
  7.3659134e+005
  7.3659135e+005
  7.3659135e+005
  7.3659135e+005
  7.3659136e+005
  7.3659136e+005
  7.3659136e+005
  7.3659136e+005
  7.3659137e+005
  7.3659137e+005
  7.3659137e+005
  7.3659137e+005
  7.3659138e+005
  7.3659138e+005
  7.3659139e+005
  7.3659139e+005
  7.3659139e+005
  7.3659139e+005
  7.3659140e+005
  7.3659140e+005
  7.3659140e+005
  7.3659140e+005
  7.3659141e+005
  7.3659143e+005
  7.3659143e+005
  7.3659144e+005
  7.3659144e+005
  7.3659144e+005
  7.3659144e+005
  7.3659144e+005
  7.3659145e+005
  7.3659145e+005
  7.3659145e+005
  7.3659147e+005
  7.3659147e+005
  7.3659148e+005
  7.3659148e+005
  7.3659149e+005
  7.3659149e+005
  7.3659149e+005
  7.3659149e+005
  7.3659153e+005
  7.3659155e+005
  7.3659155e+005
  7.3659155e+005
  7.3659157e+005
  7.3659158e+005
  7.3659158e+005
  7.3659159e+005
  7.3659159e+005
  7.3659160e+005
  7.3659161e+005
  7.3659162e+005
  7.3659163e+005
  7.3659164e+005
  7.3659165e+005
  7.3659165e+005
  7.3659166e+005
  7.3659168e+005
  7.3659168e+005
  7.3659169e+005
  7.3659170e+005
  7.3659170e+005
  7.3659172e+005
  7.3659172e+005
  7.3659174e+005
  7.3659174e+005
  7.3659175e+005
  7.3659175e+005
  7.3659176e+005
  7.3659176e+005
  7.3659177e+005
  7.3659178e+005
  7.3659232e+005
  7.3659233e+005
  7.3659233e+005
  7.3659234e+005
  7.3659234e+005
  7.3659235e+005
  7.3659236e+005
  7.3659237e+005
  7.3659237e+005
  7.3659238e+005
  7.3659238e+005
  7.3659239e+005
  7.3659241e+005
  7.3659241e+005
  7.3659241e+005
  7.3659243e+005
  7.3659243e+005
  7.3659244e+005
  7.3659244e+005
  7.3659244e+005
  7.3659244e+005
  7.3659244e+005
  7.3659245e+005
  7.3659245e+005
  7.3659245e+005
  7.3659246e+005
  7.3659247e+005
  7.3659248e+005
  7.3659249e+005
  7.3659249e+005
  7.3659250e+005
  7.3659250e+005
  7.3659250e+005
  7.3659250e+005
  7.3659251e+005
  7.3659252e+005
  7.3659252e+005
  7.3659252e+005
  7.3659253e+005
  7.3659253e+005
  7.3659253e+005
  7.3659253e+005
  7.3659254e+005
  7.3659254e+005
  7.3659254e+005
  7.3659255e+005
  7.3659256e+005
  7.3659256e+005
  7.3659257e+005
  7.3659257e+005
  7.3659257e+005
  7.3659257e+005
  7.3659258e+005
  7.3659258e+005
  7.3659258e+005
  7.3659258e+005
  7.3659259e+005
  7.3659260e+005
  7.3659260e+005
  7.3659261e+005
  7.3659261e+005
  7.3659262e+005
  7.3659262e+005
  7.3659262e+005
  7.3659262e+005
  7.3659262e+005
  7.3659263e+005
  7.3659265e+005
  7.3659265e+005
  7.3659265e+005
  7.3659265e+005
  7.3659266e+005
  7.3659266e+005
  7.3659266e+005
  7.3659266e+005
  7.3659266e+005
  7.3659267e+005
  7.3659267e+005
  7.3659268e+005
  7.3659269e+005
  7.3659269e+005
  7.3659269e+005
  7.3659269e+005
  7.3659269e+005
  7.3659270e+005
  7.3659270e+005
  7.3659270e+005
  7.3659270e+005
  7.3659272e+005
  7.3659272e+005
  7.3659273e+005
  7.3659273e+005
  7.3659273e+005
  7.3659274e+005
  7.3659274e+005
  7.3659274e+005
  7.3659274e+005
  7.3659275e+005
  7.3659275e+005
  7.3659275e+005
  7.3659275e+005
  7.3659276e+005
  7.3659276e+005
  7.3659277e+005
  7.3659278e+005
  7.3659336e+005
  7.3659336e+005
  7.3659336e+005
  7.3659336e+005
  7.3659337e+005
  7.3659337e+005
  7.3659337e+005
  7.3659337e+005
  7.3659338e+005
  7.3659338e+005
  7.3659338e+005
  7.3659339e+005
  7.3659340e+005
  7.3659340e+005
  7.3659340e+005
  7.3659340e+005
  7.3659341e+005
  7.3659341e+005
  7.3659341e+005
  7.3659341e+005
  7.3659342e+005
  7.3659342e+005
  7.3659344e+005
  7.3659344e+005
  7.3659344e+005
  7.3659344e+005
  7.3659345e+005
  7.3659345e+005
  7.3659345e+005
  7.3659345e+005
  7.3659346e+005
  7.3659346e+005
  7.3659347e+005
  7.3659348e+005
  7.3659349e+005
  7.3659349e+005
  7.3659350e+005
  7.3659350e+005
  7.3659351e+005
  7.3659352e+005
  7.3659352e+005
  7.3659352e+005
  7.3659353e+005
  7.3659353e+005
  7.3659353e+005
  7.3659353e+005
  7.3659354e+005
  7.3659354e+005
  7.3659354e+005
  7.3659355e+005
  7.3659356e+005
  7.3659356e+005
  7.3659356e+005
  7.3659357e+005
  7.3659357e+005
  7.3659357e+005
  7.3659357e+005
  7.3659358e+005
  7.3659358e+005
  7.3659358e+005
  7.3659359e+005
  7.3659360e+005
  7.3659360e+005
  7.3659361e+005
  7.3659361e+005
  7.3659361e+005
  7.3659362e+005
  7.3659362e+005
  7.3659362e+005
  7.3659362e+005
  7.3659363e+005
  7.3659364e+005
  7.3659365e+005
  7.3659365e+005
  7.3659365e+005
  7.3659365e+005
  7.3659366e+005
  7.3659366e+005
  7.3659366e+005
  7.3659366e+005
  7.3659367e+005
  7.3659367e+005
  7.3659369e+005
  7.3659369e+005
  7.3659369e+005
  7.3659369e+005
  7.3659370e+005
  7.3659370e+005
  7.3659370e+005
  7.3659370e+005
  7.3659371e+005
  7.3659371e+005
  7.3659373e+005
  7.3659373e+005
  7.3659373e+005
  7.3659373e+005
  7.3659374e+005
  7.3659374e+005
  7.3659374e+005
  7.3659374e+005
  7.3659375e+005
  7.3659375e+005
  7.3659375e+005
  7.3659375e+005
  7.3659375e+005
  7.3659376e+005
  7.3659376e+005
  7.3659431e+005
  7.3659432e+005
  7.3659432e+005
  7.3659432e+005
  7.3659432e+005
  7.3659433e+005
  7.3659433e+005
  7.3659433e+005
  7.3659434e+005
  7.3659434e+005
  7.3659434e+005
  7.3659434e+005
  7.3659435e+005
  7.3659435e+005
  7.3659435e+005
  7.3659436e+005
  7.3659436e+005
  7.3659436e+005
  7.3659436e+005
  7.3659436e+005
  7.3659437e+005
  7.3659437e+005
  7.3659437e+005
  7.3659437e+005
  7.3659438e+005
  7.3659438e+005
  7.3659438e+005
  7.3659440e+005
  7.3659440e+005
  7.3659440e+005
  7.3659440e+005
  7.3659441e+005
  7.3659441e+005
  7.3659441e+005
  7.3659441e+005
  7.3659441e+005
  7.3659442e+005
  7.3659442e+005
  7.3659444e+005
  7.3659444e+005
  7.3659444e+005
  7.3659444e+005
  7.3659445e+005
  7.3659445e+005
  7.3659445e+005
  7.3659445e+005
  7.3659446e+005
  7.3659446e+005
  7.3659447e+005
  7.3659447e+005
  7.3659448e+005
  7.3659448e+005
  7.3659449e+005
  7.3659449e+005
  7.3659449e+005
  7.3659450e+005
  7.3659450e+005
  7.3659450e+005
  7.3659451e+005
  7.3659452e+005
  7.3659452e+005
  7.3659453e+005
  7.3659453e+005
  7.3659453e+005
  7.3659453e+005
  7.3659454e+005
  7.3659454e+005
  7.3659454e+005
  7.3659454e+005
  7.3659455e+005
  7.3659456e+005
  7.3659456e+005
  7.3659457e+005
  7.3659457e+005
  7.3659457e+005
  7.3659457e+005
  7.3659458e+005
  7.3659458e+005
  7.3659458e+005
  7.3659458e+005
  7.3659459e+005
  7.3659460e+005
  7.3659460e+005
  7.3659461e+005
  7.3659461e+005
  7.3659462e+005
  7.3659462e+005
  7.3659462e+005
  7.3659462e+005
  7.3659463e+005
  7.3659463e+005
  7.3659465e+005
  7.3659465e+005
  7.3659465e+005
  7.3659465e+005
  7.3659466e+005
  7.3659466e+005
  7.3659466e+005
  7.3659466e+005
  7.3659467e+005
  7.3659467e+005
  7.3659467e+005
  7.3659468e+005
  7.3659469e+005
  7.3659469e+005
  7.3659469e+005
  7.3659469e+005
  7.3659470e+005
  7.3659470e+005
  7.3659470e+005
  7.3659470e+005
  7.3659470e+005
  7.3659472e+005
  7.3659473e+005
  7.3659473e+005
  7.3659473e+005
  7.3659473e+005
  7.3659474e+005
  7.3659474e+005
  7.3659474e+005
  7.3659474e+005
  7.3659475e+005
  7.3659475e+005
  7.3659475e+005
  7.3659475e+005
  7.3659476e+005
  7.3659476e+005
  7.3659532e+005
  7.3659532e+005
  7.3659532e+005
  7.3659532e+005
  7.3659532e+005
  7.3659533e+005
  7.3659533e+005
  7.3659533e+005
  7.3659534e+005
  7.3659534e+005
  7.3659534e+005
  7.3659534e+005
  7.3659535e+005
  7.3659535e+005
  7.3659535e+005
  7.3659536e+005
  7.3659536e+005
  7.3659536e+005
  7.3659536e+005
  7.3659537e+005
  7.3659537e+005
  7.3659537e+005
  7.3659537e+005
  7.3659537e+005
  7.3659538e+005
  7.3659538e+005
  7.3659538e+005
  7.3659540e+005
  7.3659540e+005
  7.3659540e+005
  7.3659540e+005
  7.3659541e+005
  7.3659541e+005
  7.3659541e+005
  7.3659541e+005
  7.3659542e+005
  7.3659542e+005
  7.3659542e+005
  7.3659544e+005
  7.3659544e+005
  7.3659544e+005
  7.3659545e+005
  7.3659545e+005
  7.3659545e+005
  7.3659545e+005
  7.3659545e+005
  7.3659546e+005
  7.3659546e+005
  7.3659547e+005
  7.3659548e+005
  7.3659548e+005
  7.3659548e+005
  7.3659549e+005
  7.3659549e+005
  7.3659550e+005
  7.3659550e+005
  7.3659550e+005
  7.3659550e+005
  7.3659551e+005
  7.3659552e+005
  7.3659553e+005
  7.3659553e+005
  7.3659553e+005
  7.3659553e+005
  7.3659553e+005
  7.3659554e+005
  7.3659554e+005
  7.3659554e+005
  7.3659554e+005
  7.3659555e+005
  7.3659557e+005
  7.3659557e+005
  7.3659557e+005
  7.3659557e+005
  7.3659557e+005
  7.3659558e+005
  7.3659558e+005
  7.3659558e+005
  7.3659558e+005
  7.3659559e+005
  7.3659559e+005
  7.3659560e+005
  7.3659560e+005
  7.3659561e+005
  7.3659561e+005
  7.3659561e+005
  7.3659562e+005
  7.3659562e+005
  7.3659562e+005
  7.3659562e+005
  7.3659563e+005
  7.3659564e+005
  7.3659565e+005
  7.3659565e+005
  7.3659565e+005
  7.3659565e+005
  7.3659566e+005
  7.3659566e+005
  7.3659566e+005
  7.3659566e+005
  7.3659567e+005
  7.3659567e+005
  7.3659569e+005
  7.3659569e+005
  7.3659569e+005
  7.3659569e+005
  7.3659570e+005
  7.3659570e+005
  7.3659570e+005
  7.3659570e+005
  7.3659571e+005
  7.3659571e+005
  7.3659573e+005
  7.3659573e+005
  7.3659573e+005
  7.3659573e+005
  7.3659574e+005
  7.3659574e+005
  7.3659574e+005
  7.3659574e+005
  7.3659575e+005
  7.3659575e+005
  7.3659575e+005
  7.3659575e+005
  7.3659575e+005
  7.3659576e+005
  7.3659576e+005
  7.3659631e+005
  7.3659632e+005
  7.3659632e+005
  7.3659632e+005
  7.3659632e+005
  7.3659633e+005
  7.3659633e+005
  7.3659633e+005
  7.3659634e+005
  7.3659634e+005
  7.3659634e+005
  7.3659634e+005
  7.3659635e+005
  7.3659635e+005
  7.3659635e+005
  7.3659636e+005
  7.3659636e+005
  7.3659636e+005
  7.3659636e+005
  7.3659637e+005
  7.3659637e+005
  7.3659637e+005
  7.3659637e+005
  7.3659637e+005
  7.3659638e+005
  7.3659638e+005
  7.3659638e+005
  7.3659640e+005
  7.3659640e+005
  7.3659640e+005
  7.3659640e+005
  7.3659641e+005
  7.3659641e+005
  7.3659641e+005
  7.3659641e+005
  7.3659642e+005
  7.3659642e+005
  7.3659642e+005
  7.3659644e+005
  7.3659644e+005
  7.3659644e+005
  7.3659645e+005
  7.3659645e+005
  7.3659645e+005
  7.3659645e+005
  7.3659645e+005
  7.3659646e+005
  7.3659646e+005
  7.3659647e+005
  7.3659648e+005
  7.3659648e+005
  7.3659648e+005
  7.3659649e+005
  7.3659649e+005
  7.3659650e+005
  7.3659650e+005
  7.3659650e+005
  7.3659650e+005
  7.3659651e+005
  7.3659652e+005
  7.3659653e+005
  7.3659653e+005
  7.3659653e+005
  7.3659653e+005
  7.3659654e+005
  7.3659654e+005
  7.3659654e+005
  7.3659654e+005
  7.3659654e+005
  7.3659655e+005
  7.3659657e+005
  7.3659657e+005
  7.3659657e+005
  7.3659657e+005
  7.3659657e+005
  7.3659658e+005
  7.3659658e+005
  7.3659658e+005
  7.3659658e+005
  7.3659659e+005
  7.3659659e+005
  7.3659660e+005
  7.3659660e+005
  7.3659661e+005
  7.3659661e+005
  7.3659661e+005
  7.3659662e+005
  7.3659662e+005
  7.3659662e+005
  7.3659662e+005
  7.3659663e+005
  7.3659664e+005
  7.3659665e+005
  7.3659665e+005
  7.3659665e+005
  7.3659665e+005
  7.3659666e+005
  7.3659666e+005
  7.3659666e+005
  7.3659666e+005
  7.3659667e+005
  7.3659667e+005
  7.3659670e+005
  7.3659670e+005
  7.3659670e+005
  7.3659671e+005
  7.3659672e+005
  7.3659672e+005
  7.3659674e+005
  7.3659674e+005
  7.3659676e+005
  7.3659676e+005
  7.3659677e+005
  7.3659740e+005
  7.3659741e+005
  7.3659741e+005
  7.3659743e+005
  7.3659743e+005
  7.3659745e+005
  7.3659745e+005
  7.3659745e+005
  7.3659746e+005
  7.3659747e+005
  7.3659747e+005
  7.3659749e+005
  7.3659749e+005
  7.3659750e+005
  7.3659751e+005
  7.3659751e+005
  7.3659751e+005
  7.3659753e+005
  7.3659754e+005
  7.3659755e+005
  7.3659756e+005
  7.3659756e+005
  7.3659757e+005
  7.3659757e+005
  7.3659758e+005
  7.3659759e+005
  7.3659760e+005
  7.3659760e+005
  7.3659761e+005
  7.3659761e+005
  7.3659762e+005
  7.3659764e+005
  7.3659765e+005
  7.3659766e+005
  7.3659766e+005
  7.3659766e+005
  7.3659766e+005
  7.3659767e+005
  7.3659767e+005
  7.3659767e+005
  7.3659767e+005
  7.3659769e+005
  7.3659769e+005
  7.3659769e+005
  7.3659769e+005
  7.3659770e+005
  7.3659770e+005
  7.3659770e+005
  7.3659770e+005
  7.3659771e+005
  7.3659771e+005
  7.3659773e+005
  7.3659773e+005
  7.3659773e+005
  7.3659773e+005
  7.3659774e+005
  7.3659774e+005
  7.3659774e+005
  7.3659774e+005
  7.3659775e+005
  7.3659775e+005
  7.3659775e+005
  7.3659775e+005
  7.3659776e+005
  7.3659776e+005
  7.3659776e+005
  7.3659832e+005
  7.3659832e+005
  7.3659832e+005
  7.3659832e+005
  7.3659832e+005
  7.3659833e+005
  7.3659833e+005
  7.3659833e+005
  7.3659834e+005
  7.3659834e+005
  7.3659834e+005
  7.3659834e+005
  7.3659835e+005
  7.3659835e+005
  7.3659835e+005
  7.3659836e+005
  7.3659836e+005
  7.3659836e+005
  7.3659836e+005
  7.3659837e+005
  7.3659837e+005
  7.3659837e+005
  7.3659837e+005
  7.3659838e+005
  7.3659838e+005
  7.3659838e+005
  7.3659838e+005
  7.3659840e+005
  7.3659840e+005
  7.3659840e+005
  7.3659840e+005
  7.3659841e+005
  7.3659841e+005
  7.3659841e+005
  7.3659841e+005
  7.3659842e+005
  7.3659842e+005
  7.3659843e+005
  7.3659844e+005
  7.3659844e+005
  7.3659844e+005
  7.3659845e+005
  7.3659845e+005
  7.3659845e+005
  7.3659845e+005
  7.3659846e+005
  7.3659846e+005
  7.3659846e+005
  7.3659847e+005
  7.3659848e+005
  7.3659848e+005
  7.3659848e+005
  7.3659849e+005
  7.3659849e+005
  7.3659850e+005
  7.3659850e+005
  7.3659850e+005
  7.3659850e+005
  7.3659851e+005
  7.3659852e+005
  7.3659853e+005
  7.3659853e+005
  7.3659853e+005
  7.3659853e+005
  7.3659854e+005
  7.3659854e+005
  7.3659854e+005
  7.3659854e+005
  7.3659855e+005
  7.3659855e+005
  7.3659857e+005
  7.3659857e+005
  7.3659857e+005
  7.3659857e+005
  7.3659858e+005
  7.3659858e+005
  7.3659858e+005
  7.3659858e+005
  7.3659858e+005
  7.3659859e+005
  7.3659859e+005
  7.3659860e+005
  7.3659860e+005
  7.3659861e+005
  7.3659861e+005
  7.3659862e+005
  7.3659862e+005
  7.3659862e+005
  7.3659862e+005
  7.3659862e+005
  7.3659863e+005
  7.3659865e+005
  7.3659865e+005
  7.3659865e+005
  7.3659865e+005
  7.3659866e+005
  7.3659866e+005
  7.3659866e+005
  7.3659866e+005
  7.3659866e+005
  7.3659867e+005
  7.3659867e+005
  7.3659869e+005
  7.3659869e+005
  7.3659869e+005
  7.3659869e+005
  7.3659870e+005
  7.3659870e+005
  7.3659870e+005
  7.3659870e+005
  7.3659871e+005
  7.3659871e+005
  7.3659873e+005
  7.3659873e+005
  7.3659873e+005
  7.3659873e+005
  7.3659874e+005
  7.3659874e+005
  7.3659874e+005
  7.3659874e+005
  7.3659875e+005
  7.3659875e+005
  7.3659875e+005
  7.3659875e+005
  7.3659876e+005
  7.3659876e+005
  7.3659876e+005
  1.5428046e+000
  5.2893728e+000
  5.3946530e+000
  5.4863403e+000
  5.5990904e+000
  5.7058477e+000
  5.8011344e+000
  5.9433693e+000
  6.0565864e+000
  6.1816318e+000
  6.3116064e+000
  6.4264370e+000
  6.6999927e+000
  6.8177063e+000
  6.9449516e+000
  7.0834088e+000
  7.2129010e+000
  7.3454636e+000
  7.4869574e+000
  7.6182957e+000
  7.7525550e+000
  7.8860743e+000
  8.7815034e+000
  8.9118619e+000
  9.0505768e+000
  9.1761882e+000
  9.2932568e+000
  9.4340469e+000
  9.5528370e+000
  9.6776095e+000
  9.8027535e+000
  9.9314049e+000
  1.0931362e+001
  1.1016508e+001
  1.1123368e+001
  1.1225785e+001
  1.1338322e+001
  1.1444439e+001
  1.1543747e+001
  1.1635860e+001
  1.1728840e+001
  1.1828638e+001
  1.2422371e+001
  1.2603137e+001
  1.2674054e+001
  1.2885432e+001
  1.2949549e+001
  1.3007513e+001
  1.3076329e+001
  1.3134188e+001
  1.3189608e+001
  1.3501418e+001
  1.3538489e+001
  1.3588171e+001
  1.3621873e+001
  1.3652921e+001
  1.3686251e+001
  1.3709475e+001
  1.3724119e+001
  1.3748665e+001
  1.3773409e+001
  1.3761683e+001
  1.3720878e+001
  1.3708939e+001
  1.3673893e+001
  1.3648985e+001
  1.3617893e+001
  1.3592416e+001
  1.3552715e+001
  1.3524514e+001
  1.3454027e+001
  1.3174892e+001
  1.3044851e+001
  1.2961118e+001
  1.2763749e+001
  1.2670041e+001
  1.2591766e+001
  1.2518122e+001
  1.2434943e+001
  1.1551900e+001
  1.1529318e+001
  1.1424378e+001
  1.1308807e+001
  1.1189150e+001
  1.1096556e+001
  1.0980696e+001
  1.0875363e+001
  1.0753440e+001
  1.0653211e+001
  9.9074499e+000
  9.8093422e+000
  9.6848826e+000
  9.4334401e+000
  9.3197465e+000
  9.1874097e+000
  9.0446029e+000
  8.9284509e+000
  8.7877531e+000
  7.6098079e+000
  7.4908547e+000
  7.3753706e+000
  7.2361977e+000
  7.1149459e+000
  6.8022589e+000
  6.6885861e+000
  6.5551699e+000
  6.4305861e+000
  6.3082890e+000
  6.1261527e+000
  5.8546511e+000
  4.6923398e+000
  4.7946281e+000
  4.9470968e+000
  5.0218064e+000
  5.1132166e+000
  5.3598239e+000
  5.4568590e+000
  5.5620782e+000
  5.6735332e+000
  5.7953625e+000
  5.9136429e+000
  6.0368072e+000
  6.1520717e+000
  6.2723787e+000
  6.3968162e+000
  6.6643044e+000
  6.7924508e+000
  6.9193980e+000
  7.0595442e+000
  7.2024921e+000
  7.3116465e+000
  7.4515442e+000
  7.5767142e+000
  7.7074862e+000
  7.8627753e+000
  8.7338747e+000
  8.8653060e+000
  8.9989758e+000
  9.1216160e+000
  9.2460886e+000
  9.3690943e+000
  9.4958005e+000
  9.6221330e+000
  9.7377195e+000
  9.8694179e+000
  1.0575124e+001
  1.0694217e+001
  1.0802384e+001
  1.0914815e+001
  1.1021133e+001
  1.1127317e+001
  1.1226293e+001
  1.1335146e+001
  1.1436232e+001
  1.1534179e+001
  1.2346848e+001
  1.2522067e+001
  1.2606901e+001
  1.2808009e+001
  1.2872089e+001
  1.2935010e+001
  1.3003504e+001
  1.3052800e+001
  1.3104654e+001
  1.3396884e+001
  1.3465058e+001
  1.3502389e+001
  1.3537345e+001
  1.3562983e+001
  1.3602549e+001
  1.3636032e+001
  1.3654787e+001
  1.3678837e+001
  1.3701654e+001
  1.3760970e+001
  1.3767625e+001
  1.3779882e+001
  1.3771048e+001
  1.3764321e+001
  1.3750989e+001
  1.3730475e+001
  1.3713323e+001
  1.3692270e+001
  1.3663217e+001
  1.3203657e+001
  1.3078589e+001
  1.3019102e+001
  1.2833655e+001
  1.2779149e+001
  1.2700984e+001
  1.2624262e+001
  1.2548470e+001
  1.2474768e+001
  1.1773575e+001
  1.1681862e+001
  1.1586826e+001
  1.1490207e+001
  1.1387637e+001
  1.1289524e+001
  1.1188539e+001
  1.1084073e+001
  1.0974844e+001
  1.0861086e+001
  9.8670522e+000
  9.7425836e+000
  9.6124470e+000
  9.4899606e+000
  9.3743471e+000
  9.2467991e+000
  9.1104679e+000
  8.9852237e+000
  8.8711755e+000
  8.7297014e+000
  7.4460875e+000
  7.3132006e+000
  7.1948254e+000
  7.0566055e+000
  6.9375490e+000
  6.6286402e+000
  6.5182762e+000
  6.3843725e+000
  6.2590124e+000
  6.1340647e+000
  6.0095573e+000
  5.9136042e+000
  5.7902500e+000
  5.6726155e+000
  5.5718806e+000
  4.8940428e+000
  4.7828555e+000
  4.5674872e+000
  4.1575222e+000
  6.5476360e+001
  4.7422715e+000
  4.8598253e+000
  4.9279775e+000
  5.0456399e+000
  5.1357387e+000
  5.3555082e+000
  5.4616552e+000
  5.5635054e+000
  5.6862489e+000
  5.8000298e+000
  5.9025136e+000
  6.0153253e+000
  6.1375178e+000
  6.2662990e+000
  6.3836839e+000
  6.6628781e+000
  6.7827426e+000
  6.9018834e+000
  7.0380980e+000
  7.1684995e+000
  7.2996748e+000
  7.4246720e+000
  7.5597958e+000
  7.6889092e+000
  7.8217530e+000
  8.7100059e+000
  8.8519949e+000
  8.9707584e+000
  9.0933658e+000
  9.2271711e+000
  9.3557056e+000
  9.4660211e+000
  9.5055597e+000
  9.7136839e+000
  9.8369308e+000
  1.0561062e+001
  1.0666426e+001
  1.0782632e+001
  1.0892771e+001
  1.1003414e+001
  1.1108748e+001
  1.1211082e+001
  1.1307274e+001
  1.1405027e+001
  1.1508207e+001
  1.3702958e+001
  1.3711953e+001
  1.3725769e+001
  1.3670900e+001
  1.3648994e+001
  1.3627342e+001
  1.3601718e+001
  1.3568891e+001
  1.3539436e+001
  1.3513878e+001
  1.3472931e+001
  1.3433818e+001
  1.3395340e+001
  1.3050316e+001
  1.2903776e+001
  1.2847129e+001
  1.2643564e+001
  1.2575037e+001
  1.2496224e+001
  1.2425457e+001
  1.2345312e+001
  1.2268417e+001
  1.1722322e+001
  1.1620422e+001
  1.1526918e+001
  1.1436273e+001
  1.1329852e+001
  1.1227775e+001
  1.1127769e+001
  1.1019022e+001
  1.0913966e+001
  1.0804529e+001
  9.5254932e+000
  9.4033973e+000
  9.2780781e+000
  9.1418304e+000
  9.0278620e+000
  8.9018696e+000
  8.7762029e+000
  8.6441750e+000
  8.5066920e+000
  8.3792695e+000
  7.3230971e+000
  7.1981112e+000
  7.0676781e+000
  6.9390230e+000
  6.8044628e+000
  6.6078704e+000
  6.4748692e+000
  6.3559701e+000
  6.2430376e+000
  6.1152937e+000
  5.9879100e+000
  5.8815139e+000
  5.7805725e+000
  5.6553129e+000
  5.5470907e+000
  4.9356170e+000
  4.8363686e+000
  4.6984865e+000
  4.4662957e+000
  2.7925042e+000
  4.7372417e+000
  4.8530051e+000
  4.9345226e+000
  5.0175606e+000
  5.1081650e+000
  5.3295376e+000
  5.4326756e+000
  5.5385992e+000
  5.6492178e+000
  5.7582808e+000
  5.8785462e+000
  5.9975574e+000
  6.1205926e+000
  6.2488439e+000
  6.3638933e+000
  6.6314282e+000
  6.7606355e+000
  6.8858912e+000
  7.0117712e+000
  7.1423767e+000
  7.2723789e+000
  7.4088478e+000
  7.5340187e+000
  7.6654722e+000
  7.8024173e+000
  8.3253072e+000
  8.4445466e+000
  8.5876764e+000
  8.7196430e+000
  8.8399716e+000
  8.9775852e+000
  9.0880929e+000
  9.2262191e+000
  9.3595243e+000
  9.4750091e+000
  1.0785520e+001
  1.0895365e+001
  1.0997759e+001
  1.1105700e+001
  1.1209329e+001
  1.1306686e+001
  1.1401435e+001
  1.1506073e+001
  1.1608245e+001
  1.1694158e+001
  1.2298913e+001
  1.2485161e+001
  1.2558905e+001
  1.2761337e+001
  1.2820942e+001
  1.2886162e+001
  1.2952355e+001
  1.3008124e+001
  1.3063773e+001
  1.3355846e+001
  1.3397372e+001
  1.3436016e+001
  1.3470580e+001
  1.3494309e+001
  1.3523623e+001
  1.3554399e+001
  1.3587241e+001
  1.3607437e+001
  1.3632254e+001
  1.3612756e+001
  1.3594719e+001
  1.3567472e+001
  1.3520221e+001
  1.3515615e+001
  1.3488514e+001
  1.3449514e+001
  1.3422132e+001
  1.3377607e+001
  1.3353392e+001
  1.2992343e+001
  1.2836762e+001
  1.2773435e+001
  1.2568057e+001
  1.2506369e+001
  1.2435182e+001
  1.2360126e+001
  1.2274728e+001
  1.2191473e+001
  1.1658671e+001
  1.1556424e+001
  1.1462954e+001
  1.1364835e+001
  1.1261227e+001
  1.1159535e+001
  1.1056325e+001
  1.0953115e+001
  1.0842090e+001
  1.0727460e+001
  9.4516607e+000
  9.3206125e+000
  9.1999578e+000
  9.0608036e+000
  8.9365715e+000
  8.8114775e+000
  8.6954807e+000
  8.5490452e+000
  8.4329419e+000
  8.2809819e+000
  7.2210683e+000
  7.0958824e+000
  6.9684872e+000
  6.8359705e+000
  6.7118475e+000
  6.5167304e+000
  6.3922619e+000
  6.2732091e+000
  6.1531097e+000
  6.0242518e+000
  5.2323664e+000
  5.3353282e+000
  5.8954119e+000
  6.0147674e+000
  6.1462913e+000
  6.2720255e+000
  6.4244945e+000
  6.5111371e+000
  6.6399240e+000
  6.7619437e+000
  6.8910716e+000
  7.0221485e+000
  7.1491856e+000
  7.2810636e+000
  7.4083927e+000
  7.5355245e+000
  7.6746125e+000
  7.8104815e+000
  8.3281472e+000
  8.4656636e+000
  8.5935239e+000
  8.7212618e+000
  8.8492252e+000
  8.9845017e+000
  9.1024180e+000
  9.2401816e+000
  9.3624372e+000
  9.4834638e+000
  1.0762231e+001
  1.0879420e+001
  1.0984707e+001
  1.1086999e+001
  1.1094851e+001
  1.1288686e+001
  1.1392171e+001
  1.1481860e+001
  1.1593197e+001
  1.1677411e+001
  1.2281427e+001
  1.2467793e+001
  1.2536365e+001
  1.2735664e+001
  1.2806596e+001
  1.2862006e+001
  1.2922894e+001
  1.2980858e+001
  1.3036658e+001
  1.3328519e+001
  1.3368819e+001
  1.3398360e+001
  1.3430931e+001
  1.3463969e+001
  1.3494780e+001
  1.3520059e+001
  1.3557022e+001
  1.3573790e+001
  1.3595696e+001
  1.3626616e+001
  1.3611301e+001
  1.3578645e+001
  1.3575355e+001
  1.3538064e+001
  1.3516702e+001
  1.3491718e+001
  1.3451764e+001
  1.3420047e+001
  1.3400981e+001
  1.2967750e+001
  1.2818546e+001
  1.2757618e+001
  1.2561261e+001
  1.2483062e+001
  1.2410773e+001
  1.2337209e+001
  1.2263612e+001
  1.2182190e+001
  1.1641857e+001
  1.1546102e+001
  1.1442758e+001
  1.1354484e+001
  1.1249655e+001
  1.1141851e+001
  1.1039100e+001
  1.0944417e+001
  1.0822735e+001
  1.0717276e+001
  9.3979776e+000
  9.2786861e+000
  9.1407075e+000
  9.0265103e+000
  8.9034232e+000
  8.7729969e+000
  8.6408225e+000
  8.5163573e+000
  8.3769890e+000
  8.2559492e+000
  7.1938122e+000
  7.0643374e+000
  6.9308048e+000
  6.8075052e+000
  6.6819288e+000
  6.4855493e+000
  6.3612276e+000
  6.2379378e+000
  6.1266970e+000
  6.0028950e+000
  5.8838037e+000
  5.7688724e+000
  5.6575460e+000
  5.5432749e+000
  5.4374642e+000
  4.7901997e+000
  4.7101694e+000
  4.4829229e+000
  4.0579366e+000
  1.6913667e+002
  8.6191885e+000
  8.7487429e+000
  9.7248215e+000
  9.8368852e+000
  1.0730608e+001
  1.0834390e+001
  1.0943943e+001
  1.1041130e+001
  1.1109557e+001
  1.1240198e+001
  1.1350318e+001
  1.1449079e+001
  1.1548043e+001
  1.1636263e+001
  1.2243554e+001
  1.2416438e+001
  1.2481464e+001
  1.2690615e+001
  1.2753365e+001
  1.2807567e+001
  1.2883939e+001
  1.2928450e+001
  1.2988708e+001
  1.3278432e+001
  1.3324421e+001
  1.3358497e+001
  1.3399228e+001
  1.3423354e+001
  1.3449684e+001
  1.3482300e+001
  1.3508397e+001
  1.3531262e+001
  1.3552605e+001
  1.3528891e+001
  1.3509977e+001
  1.3483920e+001
  1.3452370e+001
  1.3428017e+001
  1.3395738e+001
  1.3362226e+001
  1.3324170e+001
  1.3280484e+001
  1.3230991e+001
  1.2898353e+001
  1.2745084e+001
  1.2683422e+001
  1.2478154e+001
  1.2406171e+001
  1.2334814e+001
  1.2260442e+001
  1.2172860e+001
  1.2091517e+001
  1.1541332e+001
  1.1456053e+001
  1.1360171e+001
  1.1257671e+001
  1.1160817e+001
  1.1055424e+001
  1.0950254e+001
  1.0842639e+001
  1.0739126e+001
  1.0621604e+001
  9.3254826e+000
  9.1996033e+000
  9.0815342e+000
  8.9555062e+000
  8.8298251e+000
  8.6899852e+000
  8.5775126e+000
  8.4291366e+000
  8.3083043e+000
  8.1755957e+000
  7.1103887e+000
  6.9870358e+000
  6.8614283e+000
  6.7330415e+000
  6.5971686e+000
  6.4016199e+000
  6.2843608e+000
  6.1648508e+000
  6.0487811e+000
  5.9196185e+000
  5.8067261e+000
  5.6953832e+000
  5.5834619e+000
  5.4795061e+000
  5.3696388e+000
  4.7194674e+000
  4.5943406e+000
  4.3948509e+000
  3.1178991e+000
  4.6964965e+000
  4.7872017e+000
  4.8719518e+000
  4.9596471e+000
  5.0669032e+000
  5.2966039e+000
  5.3951461e+000
  5.5035993e+000
  5.6264218e+000
  5.7336423e+000
  5.8537255e+000
  5.9620961e+000
  6.0937526e+000
  6.2165074e+000
  6.3323605e+000
  6.6013364e+000
  6.7328174e+000
  6.8706350e+000
  6.9915962e+000
  7.1175643e+000
  7.2600124e+000
  7.3886849e+000
  7.5173153e+000
  7.6447110e+000
  7.7754354e+000
  8.3013537e+000
  8.4284417e+000
  8.5610737e+000
  8.6853576e+000
  8.8270161e+000
  8.9450155e+000
  9.0709944e+000
  9.1866778e+000
  9.3272352e+000
  9.4500856e+000
  1.0685946e+001
  1.0793347e+001
  1.0893863e+001
  1.0998130e+001
  1.1100628e+001
  1.1197086e+001
  1.1298562e+001
  1.1398797e+001
  1.1490723e+001
  1.1580723e+001
  1.2334737e+001
  1.2418495e+001
  1.2607468e+001
  1.2673610e+001
  1.2740571e+001
  1.2799516e+001
  1.2862990e+001
  1.2925418e+001
  1.3497438e+001
  1.3545916e+001
  1.3515034e+001
  1.3500261e+001
  1.3268165e+001
  1.3182347e+001
  1.3143424e+001
  1.2936641e+001
  1.2818578e+001
  1.2758259e+001
  1.2246773e+001
  1.2042431e+001
  1.1469357e+001
  1.1273298e+001
  1.0831743e+001
  1.0601731e+001
  1.0479146e+001
  9.2369088e+000
  9.1298711e+000
  8.6197265e+000
  8.3352886e+000
  8.2168370e+000
  7.2210270e+000
  6.9295702e+000
  6.0901037e+000
  5.8264334e+000
  5.7103329e+000
  5.2730678e+000
  5.0516368e+000
  4.9603050e+000
  4.6936913e+000
  3.3879846e+000
  4.9263535e+000
  5.1399244e+000
  5.2429857e+000
  5.6811397e+000
  5.9338595e+000
  6.0552127e+000
  7.0110609e+000
  7.2876999e+000
  7.4217587e+000
  7.9471340e+000
  8.2306387e+000
  8.3818869e+000
  9.5917127e+000
  9.7096167e+000
  9.8283979e+000
  1.0615048e+001
  1.0729193e+001
  1.0839848e+001
  1.0940220e+001
  1.0949073e+001
  1.1141146e+001
  1.1249169e+001
  1.1340878e+001
  1.1443583e+001
  1.1536469e+001
  1.1825959e+001
  1.2287224e+001
  1.2539965e+001
  1.2698581e+001
  1.2755913e+001
  1.2920165e+001
  1.2970409e+001
  1.3020838e+001
  1.3066717e+001
  1.3112476e+001
  1.3318923e+001
  1.3345977e+001
  1.3382241e+001
  1.3410678e+001
  1.3425927e+001
  1.3441242e+001
  1.3449518e+001
  1.3470985e+001
  1.3482373e+001
  1.3482467e+001
  1.3468849e+001
  1.3353466e+001
  1.3324984e+001
  1.3294252e+001
  1.3258061e+001
  1.3223864e+001
  1.3191223e+001
  1.3152296e+001
  1.3105618e+001
  1.3061382e+001
  1.3003960e+001
  1.2839109e+001
  1.2628449e+001
  1.2476417e+001
  1.2396089e+001
  1.2181222e+001
  1.2098584e+001
  1.2019922e+001
  1.1929838e+001
  1.1855643e+001
  1.1763375e+001
  1.1474715e+001
  1.0906311e+001
  1.0793239e+001
  1.0685975e+001
  1.0576743e+001
  1.0465789e+001
  1.0361383e+001
  1.0241301e+001
  1.0128403e+001
  1.0008416e+001
  9.8951874e+000
  9.7580893e+000
  9.0651515e+000
  8.9359971e+000
  8.8139291e+000
  8.6653831e+000
  8.5493628e+000
  8.4199569e+000
  8.2716054e+000
  8.1515302e+000
  8.0187444e+000
  7.8936407e+000
  6.8472604e+000
  6.7191145e+000
  6.5885495e+000
  6.4548363e+000
  6.3303988e+000
  6.0900332e+000
  5.9676000e+000
  5.8425345e+000
  5.7232998e+000
  5.6073502e+000
  5.4965985e+000
  5.3806371e+000
  5.2789804e+000
  5.1670550e+000
  5.0644188e+000
  4.1017700e+000
  1.9011939e+001
  6.6644066e+000
  6.7964369e+000
  6.9259202e+000
  7.0580127e+000
  7.1958254e+000
  7.3233470e+000
  7.4600819e+000
  7.5858981e+000
  7.7244792e+000
  7.8596317e+000
  7.9978186e+000
  8.6160352e+000
  8.8829683e+000
  9.0017826e+000
  9.1160935e+000
  9.2537493e+000
  9.3688628e+000
  9.5029764e+000
  9.6156286e+000
  9.7415254e+000
  9.8595546e+000
  1.0237174e+001
  1.0865096e+001
  1.0970046e+001
  1.1068529e+001
  1.1166673e+001
  1.1269239e+001
  1.1365339e+001
  1.1453138e+001
  1.1553964e+001
  1.1634337e+001
  1.1722921e+001
  1.2010475e+001
  1.2483238e+001
  1.2714050e+001
  1.2848014e+001
  1.2896957e+001
  1.3032635e+001
  1.3082026e+001
  1.3284851e+001
  1.3306387e+001
  1.3343405e+001
  1.3360249e+001
  1.3379445e+001
  1.3389068e+001
  1.3410693e+001
  1.3423985e+001
  1.3419491e+001
  1.3431773e+001
  1.3419801e+001
  1.3310856e+001
  1.3278073e+001
  1.3254678e+001
  1.3230660e+001
  1.3186529e+001
  1.3154544e+001
  1.3112151e+001
  1.3075531e+001
  1.3026307e+001
  1.2984761e+001
  1.2817571e+001
  1.2609020e+001
  1.2449362e+001
  1.2372482e+001
  1.2167908e+001
  1.2092309e+001
  1.2010573e+001
  1.1931709e+001
  1.1846881e+001
  1.1760059e+001
  1.1480203e+001
  1.0907262e+001
  1.0804573e+001
  1.0698784e+001
  1.0597490e+001
  1.0477320e+001
  1.0368727e+001
  1.0262463e+001
  1.0144311e+001
  1.0032697e+001
  9.9120319e+000
  9.5203930e+000
  8.8079130e+000
  8.6735600e+000
  8.5415272e+000
  8.4195383e+000
  8.2902112e+000
  8.1601059e+000
  8.0229396e+000
  7.9016398e+000
  7.7647730e+000
  7.6456957e+000
  6.5951825e+000
  6.4622431e+000
  6.3432104e+000
  6.2150987e+000
  6.0927385e+000
  5.9770832e+000
  5.8509340e+000
  5.7307327e+000
  5.6150629e+000
  5.5405664e+000
  5.3874756e+000
  5.2772903e+000
  5.1717115e+000
  5.0725843e+000
  4.9789398e+000
  4.6820745e+000
  4.7951985e+000
  4.9039874e+000
  4.9979986e+000
  5.0719374e+000
  5.2938213e+000
  5.3999339e+000
  5.5155164e+000
  5.6221224e+000
  5.7277015e+000
  5.8529920e+000
  5.9621010e+000
  6.0762676e+000
  6.2038619e+000
  6.3188912e+000
  6.5820463e+000
  6.7248596e+000
  6.8345182e+000
  6.9669970e+000
  7.0837583e+000
  7.2260960e+000
  7.3505759e+000
  7.4816735e+000
  7.6150341e+000
  7.7370979e+000
  7.9431233e+000
  8.0810714e+000
  8.8345054e+000
  8.9477394e+000
  9.0748613e+000
  9.2027366e+000
  9.3233572e+000
  9.4475527e+000
  9.5617066e+000
  9.6871919e+000
  9.8031990e+000
  9.9149831e+000
  1.0297020e+001
  1.0911108e+001
  1.1021255e+001
  1.1110075e+001
  1.1206867e+001
  1.1305687e+001
  1.1402367e+001
  1.1494548e+001
  1.1583810e+001
  1.1679584e+001
  1.1755875e+001
  1.2027464e+001
  1.2305782e+001
  1.2470910e+001
  1.2532978e+001
  1.2711071e+001
  1.2770155e+001
  1.2819207e+001
  1.2878784e+001
  1.2930309e+001
  1.2969968e+001
  1.3128133e+001
  1.3300378e+001
  1.3313649e+001
  1.3348435e+001
  1.3369016e+001
  1.3380457e+001
  1.3396937e+001
  1.3411571e+001
  1.3426721e+001
  1.3419156e+001
  1.3413112e+001
  1.3392777e+001
  1.3263566e+001
  1.3231024e+001
  1.3202195e+001
  1.3162288e+001
  1.3131502e+001
  1.3092128e+001
  1.3047467e+001
  1.3001871e+001
  1.2958837e+001
  1.2903613e+001
  1.2737147e+001
  1.2516730e+001
  1.2362371e+001
  1.2285924e+001
  1.2062834e+001
  1.1986903e+001
  1.1905622e+001
  1.1819725e+001
  1.1736847e+001
  1.1644366e+001
  1.1349248e+001
  1.0776799e+001
  1.0668613e+001
  1.0562613e+001
  1.0449768e+001
  1.0342937e+001
  1.0224667e+001
  1.0114514e+001
  9.9930008e+000
  9.8423914e+000
  9.7619644e+000
  9.6429539e+000
  8.9271119e+000
  8.8019675e+000
  8.6781561e+000
  8.5451576e+000
  8.4186856e+000
  8.2938056e+000
  8.1567804e+000
  8.0274066e+000
  7.8951299e+000
  7.7777301e+000
  6.7338318e+000
  6.6072799e+000
  6.4834387e+000
  6.3542789e+000
  6.2300242e+000
  5.9982291e+000
  5.8699767e+000
  5.7700060e+000
  5.6456940e+000
  5.5439055e+000
  5.4265454e+000
  5.3120495e+000
  5.2212613e+000
  5.1244699e+000
  5.0254381e+000
  4.7044994e+000
  4.8059839e+000
  4.8911201e+000
  4.9820106e+000
  5.0690799e+000
  5.2742743e+000
  5.3778359e+000
  5.4835239e+000
  5.6102877e+000
  5.7166511e+000
  5.8274798e+000
  5.9436185e+000
  6.0811519e+000
  6.1853359e+000
  6.3119864e+000
  6.5886965e+000
  6.7085184e+000
  6.8350516e+000
  6.9700203e+000
  7.1015385e+000
  7.2281889e+000
  7.3577268e+000
  7.4933832e+000
  7.6235284e+000
  7.7536744e+000
  7.9608130e+000
  8.0939991e+000
  8.7185440e+000
  8.9578678e+000
  9.0803733e+000
  9.2040365e+000
  9.3312758e+000
  9.4480526e+000
  9.5710331e+000
  9.6873663e+000
  9.7934515e+000
  9.9270898e+000
  1.0297054e+001
  1.0908282e+001
  1.1001622e+001
  1.1105005e+001
  1.1210785e+001
  1.1294078e+001
  1.1395021e+001
  1.1486947e+001
  1.1576772e+001
  1.1664008e+001
  1.1750668e+001
  1.2013913e+001
  1.2294097e+001
  1.2443539e+001
  1.2512610e+001
  1.2698270e+001
  1.2752161e+001
  1.2808971e+001
  1.2857679e+001
  1.2913006e+001
  1.2940829e+001
  1.3090971e+001
  1.3271150e+001
  1.3258570e+001
  1.3308413e+001
  1.3328481e+001
  1.3343173e+001
  1.3358004e+001
  1.3364942e+001
  1.3374131e+001
  1.3374725e+001
  1.3365321e+001
  1.3333668e+001
  1.3177988e+001
  1.3146288e+001
  1.3107936e+001
  1.3074265e+001
  1.3034095e+001
  1.2990702e+001
  1.2942483e+001
  1.2902991e+001
  1.2850971e+001
  1.2793329e+001
  1.2746977e+001
  1.2532705e+001
  1.2372208e+001
  1.2309031e+001
  1.2095264e+001
  1.2018720e+001
  1.1937147e+001
  1.1857524e+001
  1.1767729e+001
  1.1678188e+001
  1.1395022e+001
  1.0831995e+001
  1.0729632e+001
  1.0617962e+001
  1.0514493e+001
  1.0411381e+001
  1.0296930e+001
  1.0188435e+001
  1.0068293e+001
  9.9563435e+000
  9.8323546e+000
  9.4563541e+000
  8.7462437e+000
  8.6191073e+000
  8.4817476e+000
  8.3534182e+000
  8.2358166e+000
  8.1109160e+000
  7.9713831e+000
  7.8502486e+000
  7.7101346e+000
  7.5872079e+000
  6.5704988e+000
  6.4377767e+000
  6.3143780e+000
  6.1862445e+000
  6.0752579e+000
  5.9446477e+000
  5.8302489e+000
  5.7165601e+000
  5.6123379e+000
  5.5060652e+000
  5.4059935e+000
  5.3007797e+000
  5.1958046e+000
  5.1099073e+000
  5.0100181e+000
  4.6845794e+000
  4.7688206e+000
  4.8686499e+000
  4.9587547e+000
  5.0505382e+000
  5.2826599e+000
  5.3744042e+000
  5.4911716e+000
  5.6020766e+000
  5.7072131e+000
  5.8224841e+000
  5.9389558e+000
  6.0522703e+000
  6.1802224e+000
  6.2983423e+000
  6.5833267e+000
  6.6990489e+000
  6.8271624e+000
  6.9561900e+000
  7.0954953e+000
  7.2233077e+000
  7.3486759e+000
  7.4786555e+000
  7.6130004e+000
  7.7358146e+000
  7.9442063e+000
  8.0858224e+000
  8.8200146e+000
  8.9421359e+000
  9.0664220e+000
  9.1927095e+000
  9.3150797e+000
  9.4342868e+000
  9.5422988e+000
  9.6647793e+000
  9.7849735e+000
  9.9008621e+000
  1.0268973e+001
  1.0884827e+001
  1.0987674e+001
  1.1084916e+001
  1.1188908e+001
  1.1282528e+001
  1.1374123e+001
  1.1453363e+001
  1.1557344e+001
  1.1644144e+001
  1.1733879e+001
  1.1991789e+001
  1.2264595e+001
  1.2431900e+001
  1.2490662e+001
  1.2666343e+001
  1.2721181e+001
  1.2772880e+001
  1.2823765e+001
  1.2872750e+001
  1.2921809e+001
  1.3059597e+001
  1.3236916e+001
  1.3260408e+001
  1.3277965e+001
  1.3298515e+001
  1.3318353e+001
  1.3327934e+001
  1.3344156e+001
  1.3346838e+001
  1.3349318e+001
  1.3333800e+001
  1.3296332e+001
  1.3141185e+001
  1.3115328e+001
  1.3078267e+001
  1.3041420e+001
  1.3019038e+001
  1.2976479e+001
  1.2912146e+001
  1.2870396e+001
  1.2817227e+001
  1.2769523e+001
  1.2705986e+001
  1.2494853e+001
  1.2339164e+001
  1.2263532e+001
  1.2048366e+001
  1.1978588e+001
  1.1893100e+001
  1.1812466e+001
  1.1728903e+001
  1.1642674e+001
  1.1354410e+001
  1.0778234e+001
  1.0675923e+001
  1.0565217e+001
  1.0465845e+001
  1.0356785e+001
  1.0249897e+001
  1.0131232e+001
  1.0016193e+001
  9.8958494e+000
  9.7777261e+000
  9.3908030e+000
  8.1705623e+000
  7.8893528e+000
  7.7671387e+000
  7.2385779e+000
  6.9754262e+000
  6.8414815e+000
  5.9199485e+000
  5.6756117e+000
  5.0004381e+000
  4.8061955e+000
  1.3931969e+001
  9.0513581e+000
  9.3208401e+000
  9.4416951e+000
  1.0270087e+001
  1.0519067e+001
  1.1222245e+001
  1.1426942e+001
  1.1518944e+001
  1.1868301e+001
  1.2042680e+001
  1.2110380e+001
  1.2565703e+001
  1.2696865e+001
  1.2742412e+001
  1.2935187e+001
  1.3022198e+001
  1.3060125e+001
  1.3248344e+001
  1.3281424e+001
  1.3239257e+001
  1.3191281e+001
  1.3162241e+001
  1.3036556e+001
  1.2956961e+001
  1.2913427e+001
  1.2556209e+001
  1.2432943e+001
  1.2362776e+001
  1.2086939e+001
  1.1914897e+001
  1.1842606e+001
  1.0865686e+001
  1.0258989e+001
  1.0139804e+001
  1.0024395e+001
  9.9090833e+000
  9.7945543e+000
  9.6855005e+000
  9.5751319e+000
  9.4430609e+000
  9.3199319e+000
  8.5984913e+000
  8.4844166e+000
  8.3598846e+000
  8.2239549e+000
  8.0968898e+000
  7.9703417e+000
  7.8280816e+000
  7.7085121e+000
  7.5770530e+000
  7.4483434e+000
  6.4323127e+000
  6.3106789e+000
  6.1864575e+000
  6.0676842e+000
  5.9467683e+000
  5.7365802e+000
  5.6428530e+000
  5.5291816e+000
  5.4302909e+000
  5.3269393e+000
  5.2321554e+000
  5.1184228e+000
  5.0305965e+000
  4.9594921e+000
  4.8506532e+000
  4.6534445e+000
  4.7564990e+000
  4.8388321e+000
  4.9283800e+000
  5.0116169e+000
  5.2528525e+000
  5.3461925e+000
  5.4635719e+000
  5.5716648e+000
  5.6798961e+000
  5.7983110e+000
  5.9151546e+000
  6.0477354e+000
  6.1655922e+000
  6.2855828e+000
  6.5554595e+000
  6.6861266e+000
  6.8160952e+000
  6.9361911e+000
  7.0691357e+000
  7.1921873e+000
  7.3204117e+000
  7.4533665e+000
  7.5896716e+000
  7.7136853e+000
  7.9165447e+000
  8.0571746e+000
  8.7825712e+000
  8.9098193e+000
  9.0454876e+000
  9.1495012e+000
  9.2840214e+000
  9.4020547e+000
  9.5194596e+000
  9.6402504e+000
  9.7569911e+000
  9.8584810e+000
  1.0234567e+001
  1.0839576e+001
  1.0940554e+001
  1.1038901e+001
  1.1135506e+001
  1.1234809e+001
  1.1323327e+001
  1.1415953e+001
  1.1501695e+001
  1.1588688e+001
  1.1673071e+001
  1.1929861e+001
  1.2196612e+001
  1.2357173e+001
  1.2422038e+001
  1.2602010e+001
  1.2653221e+001
  1.2703116e+001
  1.2758731e+001
  1.2802387e+001
  1.2849673e+001
  1.2979229e+001
  1.3140360e+001
  1.3187094e+001
  1.3188777e+001
  1.3211564e+001
  1.3219720e+001
  1.3233091e+001
  1.3234238e+001
  1.3239477e+001
  1.3235382e+001
  1.3223121e+001
  1.3180889e+001
  1.3025336e+001
  1.2987306e+001
  1.2952165e+001
  1.2912132e+001
  1.2873170e+001
  1.2824239e+001
  1.2786941e+001
  1.2731913e+001
  1.2683705e+001
  1.2623691e+001
  1.2570324e+001
  1.2350870e+001
  1.2187707e+001
  1.2126234e+001
  1.1910765e+001
  1.1821370e+001
  1.1742252e+001
  1.1671331e+001
  1.1580263e+001
  1.1490801e+001
  1.1195409e+001
  1.0625500e+001
  1.0521571e+001
  1.0428742e+001
  1.0302007e+001
  1.0192099e+001
  1.0084686e+001
  9.9644977e+000
  9.8470159e+000
  9.7342906e+000
  9.6239337e+000
  9.2340095e+000
  8.5201593e+000
  8.3937726e+000
  8.2601589e+000
  8.1332096e+000
  7.9982228e+000
  7.8859702e+000
  7.7519057e+000
  7.6136397e+000
  7.4950950e+000
  7.3583096e+000
  6.3685307e+000
  6.2352646e+000
  6.1109905e+000
  6.0041450e+000
  5.8819232e+000
  5.7681839e+000
  5.6586332e+000
  5.5444536e+000
  5.4263075e+000
  5.3402521e+000
  5.2327681e+000
  5.1383276e+000
  5.0452958e+000
  4.9507631e+000
  4.8663178e+000
