"Instrument #064"
"Intercomparison date: 09-19-2016"
"Site: Izana, Tenerife"
"N table date:24-April-2014"
Lamp Corrections:,  -0.6,  -0.6,  -0.6
"Observations,",46
Time Local Mu_C   M_C   RC    NC   O3_C    Mu_D   M_D    RD    ND  O3_D    Mu_A   M_A   RA    NA   O3_A   Mu_CD   M_CD O3_CD  Mu_AD   M_AD O3_AD
07:56:00, 4.172, 4.367,144.5,129.7,0.269, 4.112, 4.299, 89.4, 75.4,0.269, 4.055, 4.232,244.3,232.4,0.267, 4.142, 4.333,0.269, 4.083, 4.265,0.267
08:00:00, 3.944, 4.106,137.4,122.3,0.269, 3.890, 4.045, 85.1, 71.0,0.269, 3.838, 3.986,232.4,219.3,0.267, 3.917, 4.075,0.269, 3.864, 4.016,0.266
08:04:00, 3.738, 3.874,131.1,115.9,0.269, 3.690, 3.820, 81.4, 67.3,0.269, 3.644, 3.768,222.2,208.3,0.267, 3.714, 3.847,0.269, 3.667, 3.794,0.266
08:08:00, 3.553, 3.668,125.4,110.0,0.269, 3.510, 3.620, 78.1, 64.0,0.269, 3.468, 3.573,213.3,198.8,0.268, 3.532, 3.644,0.269, 3.489, 3.596,0.267
08:12:00, 3.386, 3.483,120.5,105.0,0.270, 3.346, 3.440, 74.9, 60.7,0.268, 3.308, 3.398,204.6,189.4,0.268, 3.366, 3.462,0.271, 3.327, 3.419,0.268
08:16:00, 3.234, 3.317,116.0,100.5,0.271, 3.198, 3.278, 72.2, 58.0,0.268, 3.163, 3.240,197.3,181.6,0.269, 3.216, 3.298,0.273, 3.180, 3.259,0.269
08:20:00, 3.095, 3.167,111.2, 95.8,0.270, 3.062, 3.132, 69.8, 55.6,0.269, 3.030, 3.097,189.8,173.5,0.268, 3.078, 3.149,0.270, 3.046, 3.114,0.268
08:24:00, 2.968, 3.030,107.4, 92.0,0.271, 2.938, 2.998, 67.7, 53.4,0.271, 2.908, 2.967,183.8,167.0,0.269, 2.953, 3.014,0.271, 2.923, 2.982,0.269
08:28:00, 2.851, 2.906,103.8, 88.5,0.271, 2.824, 2.876, 65.6, 51.3,0.271, 2.796, 2.848,177.9,160.6,0.269, 2.837, 2.891,0.272, 2.810, 2.862,0.269
08:32:00, 2.744, 2.792,100.3, 85.1,0.271, 2.718, 2.765, 63.7, 49.4,0.271, 2.693, 2.738,172.3,154.5,0.269, 2.731, 2.778,0.271, 2.706, 2.752,0.268
08:36:00, 2.645, 2.687, 97.2, 82.0,0.271, 2.621, 2.662, 62.0, 47.6,0.271, 2.598, 2.638,166.9,148.7,0.268, 2.633, 2.675,0.271, 2.610, 2.650,0.267
08:40:00, 2.553, 2.591, 94.3, 79.1,0.271, 2.532, 2.568, 60.3, 45.9,0.270, 2.510, 2.545,162.5,144.0,0.269, 2.542, 2.579,0.272, 2.521, 2.556,0.269
08:44:00, 2.468, 2.501, 91.6, 76.5,0.271, 2.448, 2.480, 58.7, 44.2,0.269, 2.428, 2.459,158.1,139.3,0.269, 2.458, 2.491,0.273, 2.438, 2.470,0.269
08:48:00, 2.389, 2.419, 89.1, 74.0,0.271, 2.371, 2.399, 57.4, 42.8,0.269, 2.352, 2.380,153.9,134.9,0.269, 2.380, 2.409,0.272, 2.361, 2.390,0.269
08:52:00, 2.316, 2.342, 86.9, 71.8,0.271, 2.298, 2.324, 56.1, 41.5,0.269, 2.281, 2.306,149.8,130.6,0.269, 2.307, 2.333,0.274, 2.290, 2.315,0.268
08:56:00, 2.247, 2.271, 84.7, 69.6,0.271, 2.231, 2.254, 55.1, 40.4,0.271, 2.215, 2.237,146.2,126.8,0.269, 2.239, 2.262,0.271, 2.223, 2.246,0.268
09:00:00, 2.183, 2.205, 82.7, 67.6,0.271, 2.168, 2.189, 53.9, 39.1,0.269, 2.153, 2.173,142.6,123.0,0.268, 2.176, 2.197,0.273, 2.160, 2.181,0.268
09:04:00, 2.123, 2.142, 80.7, 65.6,0.270, 2.109, 2.128, 52.9, 38.1,0.269, 2.095, 2.113,139.3,119.5,0.268, 2.116, 2.135,0.271, 2.102, 2.120,0.267
09:08:00, 2.067, 2.084, 78.8, 63.7,0.269, 2.054, 2.070, 52.1, 37.2,0.272, 2.040, 2.057,136.5,116.6,0.268, 2.060, 2.077,0.268, 2.047, 2.063,0.267
09:12:00, 2.014, 2.030, 77.3, 62.1,0.270, 2.002, 2.017, 51.2, 36.3,0.272, 1.989, 2.004,133.5,113.5,0.268, 2.008, 2.023,0.269, 1.995, 2.010,0.267
09:16:00, 1.965, 1.979, 75.9, 60.7,0.271, 1.953, 1.966, 50.4, 35.4,0.272, 1.941, 1.954,130.9,110.8,0.268, 1.959, 1.972,0.270, 1.947, 1.960,0.267
09:20:00, 1.918, 1.931, 74.6, 59.4,0.272, 1.906, 1.919, 49.6, 34.6,0.272, 1.895, 1.908,128.7,108.6,0.269, 1.912, 1.925,0.272, 1.901, 1.913,0.268
09:24:00, 1.874, 1.885, 73.2, 58.0,0.271, 1.863, 1.874, 48.9, 33.8,0.273, 1.853, 1.864,126.1,105.9,0.268, 1.868, 1.880,0.271, 1.858, 1.869,0.267
09:28:00, 1.832, 1.843, 71.9, 56.7,0.271, 1.822, 1.832, 48.2, 33.0,0.272, 1.812, 1.822,124.1,103.9,0.269, 1.827, 1.837,0.271, 1.817, 1.827,0.268
09:32:00, 1.793, 1.802, 70.6, 55.4,0.271, 1.783, 1.793, 47.5, 32.3,0.272, 1.774, 1.783,121.3,101.0,0.267, 1.788, 1.798,0.270, 1.778, 1.788,0.266
09:36:00, 1.755, 1.764, 69.4, 54.2,0.270, 1.746, 1.755, 46.8, 31.5,0.270, 1.738, 1.746,120.0, 99.7,0.270, 1.751, 1.760,0.270, 1.742, 1.751,0.269
09:40:00, 1.720, 1.728, 68.6, 53.3,0.272, 1.712, 1.720, 46.1, 30.8,0.268, 1.703, 1.711,117.3, 97.0,0.267, 1.716, 1.724,0.275, 1.708, 1.715,0.267
09:44:00, 1.687, 1.694, 67.3, 52.0,0.270, 1.679, 1.686, 45.7, 30.3,0.271, 1.671, 1.678,115.8, 95.5,0.268, 1.683, 1.690,0.270, 1.675, 1.682,0.268
09:48:00, 1.655, 1.662, 66.6, 51.3,0.272, 1.648, 1.654, 45.1, 29.7,0.270, 1.640, 1.647,114.1, 93.8,0.269, 1.651, 1.658,0.274, 1.644, 1.650,0.268
10:20:00, 1.453, 1.457, 60.3, 44.9,0.271, 1.448, 1.451, 41.9, 26.2,0.273, 1.443, 1.446,102.6, 82.3,0.268, 1.451, 1.454,0.270, 1.445, 1.449,0.266
10:24:00, 1.433, 1.436, 59.8, 44.4,0.272, 1.428, 1.431, 41.6, 25.9,0.273, 1.423, 1.426,101.5, 81.2,0.268, 1.431, 1.434,0.271, 1.426, 1.429,0.266
10:28:00, 1.414, 1.417, 59.3, 43.8,0.272, 1.409, 1.412, 41.4, 25.7,0.276, 1.405, 1.408,100.4, 80.1,0.268, 1.412, 1.415,0.270, 1.407, 1.410,0.266
10:32:00, 1.396, 1.398, 58.7, 43.2,0.272, 1.391, 1.394, 41.1, 25.4,0.276, 1.387, 1.390, 99.3, 79.0,0.268, 1.394, 1.396,0.268, 1.389, 1.392,0.265
10:36:00, 1.378, 1.381, 58.3, 42.8,0.273, 1.374, 1.377, 40.8, 25.1,0.276, 1.370, 1.372, 98.4, 78.1,0.268, 1.376, 1.379,0.270, 1.372, 1.375,0.266
10:40:00, 1.362, 1.364, 57.7, 42.1,0.272, 1.358, 1.360, 40.5, 24.7,0.275, 1.354, 1.356, 97.5, 77.2,0.268, 1.360, 1.362,0.269, 1.356, 1.358,0.266
10:44:00, 1.346, 1.348, 57.3, 41.7,0.272, 1.342, 1.344, 40.3, 24.5,0.277, 1.339, 1.341, 96.9, 76.7,0.269, 1.344, 1.346,0.269, 1.340, 1.343,0.267
10:48:00, 1.331, 1.333, 56.9, 41.3,0.273, 1.328, 1.329, 40.0, 24.2,0.276, 1.324, 1.326, 95.9, 75.7,0.268, 1.329, 1.331,0.270, 1.326, 1.328,0.267
10:52:00, 1.317, 1.319, 56.6, 41.0,0.274, 1.313, 1.315, 39.9, 24.1,0.279, 1.310, 1.312, 95.5, 75.3,0.270, 1.315, 1.317,0.270, 1.312, 1.313,0.268
10:56:00, 1.303, 1.305, 56.1, 40.4,0.273, 1.300, 1.302, 39.6, 23.7,0.277, 1.297, 1.298, 94.7, 74.5,0.270, 1.302, 1.303,0.270, 1.298, 1.300,0.268
11:00:00, 1.290, 1.292, 55.7, 40.0,0.273, 1.287, 1.289, 39.4, 23.5,0.277, 1.284, 1.286, 93.9, 73.7,0.270, 1.289, 1.290,0.269, 1.286, 1.287,0.268
11:04:00, 1.278, 1.279, 55.4, 39.7,0.273, 1.275, 1.276, 39.3, 23.4,0.280, 1.272, 1.273, 93.3, 73.1,0.270, 1.277, 1.278,0.268, 1.274, 1.275,0.268
11:08:00, 1.266, 1.268, 55.0, 39.3,0.273, 1.264, 1.265, 39.2, 23.3,0.282, 1.261, 1.262, 92.6, 72.4,0.270, 1.265, 1.266,0.265, 1.262, 1.263,0.267
11:12:00, 1.255, 1.256, 54.8, 39.1,0.274, 1.253, 1.254, 39.0, 23.1,0.281, 1.250, 1.251, 92.1, 71.9,0.271, 1.254, 1.255,0.268, 1.251, 1.252,0.268
11:16:00, 1.245, 1.246, 54.6, 38.8,0.275, 1.242, 1.243, 39.0, 23.1,0.286, 1.240, 1.241, 91.7, 71.5,0.271, 1.243, 1.244,0.267, 1.241, 1.242,0.268
11:20:00, 1.235, 1.236, 54.4, 38.6,0.276, 1.232, 1.233, 38.9, 23.0,0.287, 1.230, 1.231, 91.2, 71.0,0.272, 1.233, 1.234,0.267, 1.231, 1.232,0.268
11:24:00, 1.225, 1.226, 54.0, 38.2,0.275, 1.223, 1.224, 38.6, 22.6,0.284, 1.221, 1.221, 90.6, 70.4,0.272, 1.224, 1.225,0.268, 1.222, 1.223,0.268
