"Instrument #064"
"Intercomparison date: 09-21-2016"
"Site: Izana, Tenerife"
"N table date:24-April-2014"
Lamp Corrections:,  -0.7,  -0.7,  -0.7
"Observations,",45
Time Local Mu_C   M_C   RC    NC   O3_C    Mu_D   M_D    RD    ND  O3_D    Mu_A   M_A   RA    NA   O3_A   Mu_CD   M_CD O3_CD  Mu_AD   M_AD O3_AD
07:56:00, 4.233, 4.438,149.0,134.3,0.277, 4.172, 4.368, 91.6, 77.5,0.275, 4.113, 4.299,251.7,240.6,0.274, 4.203, 4.403,0.278, 4.142, 4.333,0.273
08:00:00, 3.999, 4.169,141.8,126.8,0.277, 3.944, 4.106, 87.4, 73.3,0.277, 3.891, 4.046,239.8,227.3,0.274, 3.971, 4.137,0.277, 3.917, 4.076,0.273
08:04:00, 3.789, 3.930,135.5,120.3,0.278, 3.739, 3.875, 83.6, 69.4,0.277, 3.691, 3.822,230.0,216.6,0.275, 3.764, 3.903,0.279, 3.715, 3.848,0.275
08:08:00, 3.599, 3.719,129.4,114.1,0.278, 3.555, 3.669, 80.0, 65.8,0.277, 3.511, 3.621,220.2,206.0,0.276, 3.577, 3.694,0.279, 3.533, 3.645,0.275
08:12:00, 3.428, 3.529,124.2,108.7,0.278, 3.387, 3.485, 76.9, 62.7,0.277, 3.348, 3.442,210.9,196.1,0.275, 3.407, 3.507,0.279, 3.368, 3.463,0.274
08:16:00, 3.272, 3.359,119.3,103.7,0.278, 3.235, 3.319, 74.0, 59.7,0.277, 3.200, 3.280,202.7,187.3,0.275, 3.254, 3.339,0.280, 3.217, 3.300,0.274
08:20:00, 3.130, 3.205,114.6, 99.0,0.278, 3.097, 3.169, 71.6, 57.3,0.279, 3.064, 3.134,195.2,179.2,0.275, 3.113, 3.187,0.277, 3.080, 3.151,0.274
08:24:00, 3.001, 3.066,110.4, 94.9,0.278, 2.970, 3.033, 69.0, 54.7,0.276, 2.940, 3.000,188.4,171.9,0.275, 2.985, 3.049,0.279, 2.955, 3.016,0.274
08:28:00, 2.882, 2.938,106.3, 90.8,0.277, 2.853, 2.908, 66.8, 52.4,0.276, 2.826, 2.879,182.0,165.0,0.274, 2.867, 2.923,0.278, 2.840, 2.893,0.274
08:32:00, 2.772, 2.822,102.9, 87.5,0.278, 2.746, 2.794, 64.8, 50.4,0.276, 2.721, 2.767,176.5,159.0,0.275, 2.759, 2.808,0.280, 2.734, 2.781,0.275
08:36:00, 2.671, 2.715, 99.6, 84.3,0.278, 2.647, 2.690, 63.0, 48.5,0.276, 2.624, 2.665,171.1,153.1,0.274, 2.659, 2.702,0.279, 2.636, 2.677,0.274
08:40:00, 2.578, 2.617, 96.4, 81.1,0.277, 2.556, 2.593, 61.3, 46.8,0.275, 2.534, 2.570,165.9,147.5,0.274, 2.567, 2.605,0.278, 2.545, 2.582,0.273
08:44:00, 2.492, 2.526, 93.6, 78.3,0.276, 2.471, 2.504, 59.8, 45.3,0.276, 2.451, 2.483,161.7,143.0,0.275, 2.481, 2.515,0.277, 2.461, 2.494,0.274
08:48:00, 2.412, 2.442, 91.1, 75.9,0.277, 2.392, 2.422, 58.5, 43.9,0.277, 2.374, 2.402,157.2,138.3,0.274, 2.402, 2.432,0.277, 2.383, 2.412,0.273
08:52:00, 2.337, 2.364, 88.7, 73.5,0.277, 2.319, 2.345, 57.2, 42.5,0.277, 2.301, 2.327,153.5,134.4,0.275, 2.328, 2.355,0.277, 2.310, 2.336,0.274
08:56:00, 2.267, 2.291, 86.5, 71.3,0.277, 2.250, 2.274, 56.0, 41.3,0.277, 2.234, 2.257,149.7,130.4,0.275, 2.259, 2.283,0.277, 2.242, 2.266,0.274
09:00:00, 2.202, 2.224, 84.4, 69.2,0.277, 2.186, 2.208, 54.8, 40.0,0.276, 2.171, 2.192,146.1,126.6,0.274, 2.194, 2.216,0.278, 2.179, 2.200,0.274
09:04:00, 2.141, 2.161, 82.3, 67.1,0.276, 2.127, 2.146, 53.8, 38.9,0.276, 2.112, 2.131,142.6,122.9,0.274, 2.134, 2.153,0.275, 2.119, 2.138,0.273
09:08:00, 2.084, 2.102, 80.6, 65.4,0.276, 2.070, 2.088, 52.8, 37.9,0.276, 2.057, 2.074,139.9,120.0,0.275, 2.077, 2.095,0.277, 2.064, 2.081,0.274
09:12:00, 2.030, 2.047, 79.1, 63.9,0.277, 2.018, 2.033, 52.0, 37.0,0.278, 2.005, 2.020,136.9,116.9,0.275, 2.024, 2.040,0.277, 2.011, 2.027,0.274
09:16:00, 1.980, 1.995, 77.5, 62.2,0.277, 1.968, 1.982, 51.1, 36.1,0.277, 1.956, 1.970,134.0,113.9,0.274, 1.974, 1.988,0.277, 1.962, 1.976,0.273
09:20:00, 1.933, 1.946, 76.0, 60.7,0.277, 1.921, 1.934, 50.3, 35.2,0.277, 1.910, 1.923,131.7,111.6,0.275, 1.927, 1.940,0.277, 1.916, 1.928,0.275
09:24:00, 1.888, 1.900, 74.6, 59.3,0.277, 1.877, 1.889, 49.6, 34.5,0.278, 1.867, 1.878,128.8,108.6,0.274, 1.883, 1.894,0.276, 1.872, 1.884,0.273
09:28:00, 1.846, 1.857, 73.3, 58.0,0.277, 1.836, 1.846, 48.8, 33.6,0.277, 1.826, 1.836,126.6,106.4,0.274, 1.841, 1.852,0.277, 1.831, 1.841,0.274
09:32:00, 1.806, 1.816, 72.0, 56.7,0.277, 1.796, 1.806, 48.1, 32.8,0.276, 1.787, 1.796,124.2,103.9,0.274, 1.801, 1.811,0.277, 1.792, 1.801,0.273
09:36:00, 1.768, 1.777, 70.7, 55.4,0.276, 1.759, 1.768, 47.7, 32.4,0.280, 1.750, 1.759,122.7,102.4,0.276, 1.764, 1.773,0.273, 1.755, 1.764,0.274
09:40:00, 1.733, 1.741, 69.7, 54.4,0.277, 1.724, 1.732, 47.0, 31.6,0.279, 1.716, 1.724,120.0, 99.6,0.273, 1.728, 1.737,0.275, 1.720, 1.728,0.272
09:44:00, 1.699, 1.707, 68.7, 53.3,0.277, 1.691, 1.698, 46.4, 31.0,0.278, 1.683, 1.690,118.2, 97.8,0.274, 1.695, 1.702,0.276, 1.687, 1.694,0.273
09:48:00, 1.667, 1.674, 67.7, 52.3,0.277, 1.659, 1.666, 46.0, 30.6,0.280, 1.652, 1.658,116.4, 96.0,0.274, 1.663, 1.670,0.274, 1.655, 1.662,0.272
10:20:00, 1.463, 1.466, 61.4, 45.9,0.277, 1.458, 1.461, 42.7, 27.0,0.284, 1.452, 1.456,105.0, 84.6,0.275, 1.460, 1.464,0.272, 1.455, 1.458,0.272
10:24:00, 1.442, 1.446, 60.8, 45.3,0.277, 1.438, 1.441, 42.4, 26.7,0.284, 1.433, 1.436,103.7, 83.3,0.274, 1.440, 1.443,0.271, 1.435, 1.438,0.271
10:28:00, 1.423, 1.426, 60.2, 44.7,0.277, 1.418, 1.421, 42.1, 26.4,0.285, 1.414, 1.417,102.5, 82.1,0.274, 1.421, 1.424,0.271, 1.416, 1.419,0.271
10:32:00, 1.405, 1.408, 59.7, 44.2,0.278, 1.400, 1.403, 41.8, 26.0,0.285, 1.396, 1.399,101.6, 81.2,0.274, 1.403, 1.405,0.271, 1.398, 1.401,0.271
10:36:00, 1.387, 1.390, 59.1, 43.5,0.277, 1.383, 1.386, 41.5, 25.7,0.285, 1.379, 1.381,100.7, 80.3,0.275, 1.385, 1.388,0.270, 1.381, 1.383,0.272
10:40:00, 1.371, 1.373, 58.7, 43.1,0.278, 1.367, 1.369, 41.2, 25.4,0.285, 1.363, 1.365, 99.7, 79.3,0.274, 1.369, 1.371,0.272, 1.365, 1.367,0.271
10:44:00, 1.355, 1.357, 58.2, 42.6,0.277, 1.351, 1.353, 41.1, 25.3,0.289, 1.347, 1.349, 99.0, 78.6,0.275, 1.353, 1.355,0.268, 1.349, 1.351,0.272
10:48:00, 1.340, 1.342, 57.8, 42.1,0.278, 1.336, 1.338, 40.9, 25.1,0.290, 1.332, 1.334, 98.2, 77.8,0.276, 1.338, 1.340,0.268, 1.334, 1.336,0.272
10:52:00, 1.325, 1.327, 57.4, 41.7,0.278, 1.322, 1.324, 40.6, 24.7,0.289, 1.318, 1.320, 97.3, 76.9,0.275, 1.324, 1.325,0.270, 1.320, 1.322,0.272
10:56:00, 1.312, 1.313, 57.1, 41.4,0.279, 1.308, 1.310, 40.3, 24.4,0.287, 1.305, 1.307, 96.5, 76.2,0.275, 1.310, 1.312,0.273, 1.307, 1.308,0.272
11:00:00, 1.299, 1.300, 56.6, 40.9,0.278, 1.295, 1.297, 40.1, 24.2,0.288, 1.292, 1.294, 95.9, 75.6,0.276, 1.297, 1.299,0.270, 1.294, 1.295,0.273
11:04:00, 1.286, 1.288, 56.2, 40.4,0.278, 1.283, 1.285, 40.0, 24.1,0.290, 1.280, 1.282, 95.4, 75.1,0.277, 1.285, 1.286,0.268, 1.282, 1.283,0.273
11:08:00, 1.274, 1.276, 55.9, 40.1,0.278, 1.272, 1.273, 39.8, 23.9,0.290, 1.269, 1.270, 94.6, 74.3,0.276, 1.273, 1.274,0.269, 1.270, 1.271,0.272
11:12:00, 1.263, 1.264, 55.6, 39.8,0.279, 1.260, 1.262, 39.6, 23.6,0.290, 1.258, 1.259, 94.0, 73.7,0.276, 1.262, 1.263,0.269, 1.259, 1.260,0.273
11:16:00, 1.253, 1.254, 55.2, 39.4,0.278, 1.250, 1.251, 39.4, 23.4,0.290, 1.247, 1.249, 93.3, 73.0,0.276, 1.251, 1.252,0.268, 1.249, 1.250,0.272
11:20:00, 1.242, 1.244, 55.0, 39.2,0.279, 1.240, 1.241, 39.3, 23.3,0.291, 1.238, 1.239, 92.8, 72.5,0.276, 1.241, 1.242,0.269, 1.239, 1.240,0.272
