"Instrument #83"
"Intercomparison date: 09-18-2016"
"Site: Izana, Tenerife"
"N table date: 10-01-1993"
"Lamp Corrections: -0.9, -0.7, -0.7"
"alph:IUP"
"Observations, 32:
Time Local Mu_C   M_C   RC    NC    O3_C    Mu_D   M_D    RD    ND   O3_D  Mu_A   M_A   RA    NA    O3_A   Mu_CD M_CD O3_CD  Mu_AD M_AD O3_AD
 07:56:00  4.139	4.329  138.6 129.8 275     4.080	4.262   79.5 	75.9 287   4.023	4.196  248.1 235.2 276    4.109	4.295 265   4.051	4.229	273.8
 08:00:00  3.914	4.072  131.1 122.7 275     3.861	4.012   74.9 	71.7 287   3.810	3.954  236.3 223.1 277    3.887	4.042 266   3.835	3.983	274.7
 08:04:00  3.711	3.844  124.8 116.8 277     3.664	3.791   71.0 	68.1 289   3.618	3.739  225.3 211.8 277    3.687	3.817 268   3.641	3.765	274.6
 08:08:00  3.529	3.641  118.5 111.0 277     3.486	3.593   67.3 	64.7 289   3.444	3.547  215.5 202.0 278    3.507	3.617 268   3.465	3.570	275.5
 08:12:00  3.363	3.459  112.6 105.5 276     3.324	3.416   64.2 	61.9 291   3.286	3.375  206.1 192.7 278    3.344	3.437 265   3.305	3.395	274.9
 08:16:00  3.213	3.295  107.5 100.8 277     3.177	3.256   61.2 	59.1 291   3.143	3.219  197.4 184.1 278    3.195	3.275 266   3.160	3.237	274.7
 08:20:00  3.076	3.146  102.7  96.3 276     3.043	3.111   58.3 	56.4 290   3.012	3.077  189.4 176.2 278    3.059	3.129 266   3.027	3.094	274.6
 08:24:00  2.950	3.011   98.5  92.4 277     2.920	2.980   55.7 	54.0 289   2.891	2.949  182.4 169.3 278    2.935	2.995 267   2.906	2.964	275.3
 08:28:00  2.835	2.888   94.8  89.0 278     2.807	2.859   53.6 	52.1 291   2.781	2.831  175.7 162.7 278    2.821	2.874 267   2.794	2.845	274.8
 08:32:00  2.729	2.776   91.1  85.6 277     2.703	2.749   51.6 	50.2 292   2.679	2.723  170.0 157.2 279    2.716	2.762 266   2.691	2.736	275.7
 08:36:00  2.631	2.672   87.9  82.6 278     2.607	2.647   49.7 	48.4 292   2.584	2.623  164.1 151.4 279    2.619	2.660 267   2.596	2.635	275.1
 08:40:00  2.540	2.577   85.0  79.9 279     2.518	2.554   47.8 	46.6 291   2.497	2.532  159.0 146.4 279    2.529	2.565 270   2.508	2.543	275.9
 08:44:00  2.456	2.488   82.1  77.2 279     2.436	2.467   46.3 	45.1 292   2.416	2.447  154.1 141.7 279    2.446	2.478 269   2.426	2.457	275.7
 08:48:00  2.378	2.407   79.4  74.8 279     2.359	2.387   44.7 	43.6 291   2.341	2.368  149.4 137.1 279    2.368	2.397 270   2.350	2.377	275.7
 08:52:00  2.305	2.331   76.7  72.3 278     2.287	2.312   43.3 	42.2 291   2.270	2.295  145.1 133.0 279    2.296	2.322 268   2.279	2.304	275.8
 08:56:00  2.237	2.260   74.4  70.1 278     2.221	2.243   41.9 	40.9 289   2.204	2.226  140.9 129.0 278    2.229	2.251 270   2.212	2.235	275.7
 09:00:00  2.173	2.194   72.3  68.2 279     2.158	2.178   40.8 	39.8 290   2.143	2.163  137.2 125.5 279    2.166	2.186 270   2.150	2.170	275.7
 09:04:00  2.114	2.132   70.4  66.5 279     2.099	2.118   39.9 	38.9 293   2.085	2.103  133.8 122.2 279    2.107	2.125 269   2.092	2.110	275.4
 09:08:00  2.058	2.075   68.4  64.6 279     2.045	2.061   38.7 	37.7 291   2.031	2.047  130.5 119.1 279    2.051	2.068 270   2.038	2.054	276.0
 09:12:00  2.005	2.021   66.5  62.9 278     1.993	2.008   37.6 	36.7 289   1.980	1.995  127.3 116.0 279    1.999	2.014 270   1.987	2.001	276.3
 09:40:00  1.714	1.722   56.5  53.6 278     1.705	1.713   32.5 	31.6 293   1.697	1.704  109.7 	99.4 279    1.709	1.717 266   1.701	1.709	275.7
 09:44:00  1.681	1.688   55.7  52.8 280     1.673	1.680   32.0 	31.1 295   1.665	1.672  107.9 	97.8 280    1.676	1.684 268   1.669	1.676	276.1
 09:48:00  1.649	1.656   54.9  52.1 282     1.641	1.648   31.5 	30.5 296   1.634	1.640  105.7 	95.7 279    1.645	1.652 270   1.638	1.644	274.8
 09:52:00  1.619	1.625   53.7  51.0 280     1.612	1.618   30.9 	29.9 295   1.605	1.611  104.0 	94.1 279    1.616	1.622 269   1.608	1.614	275.5
 09:56:00  1.591	1.597   52.7  50.0 280     1.584	1.590   30.3 	29.3 294   1.577	1.583  102.4 	92.6 280    1.588	1.593 269   1.581	1.586	276.4
 10:00:00  1.564	1.569   51.8  49.2 280     1.558	1.563   29.8 	28.8 293   1.551	1.556  100.6 	90.9 279    1.561	1.566 269   1.554	1.559	275.8
 10:04:00  1.539	1.543   51.0  48.4 280     1.532	1.537   29.1 	28.1 289   1.526	1.531   99.3 	89.7 280    1.535	1.540 274   1.529	1.534	278.0
 10:08:00  1.514	1.519   50.1  47.6 280     1.508	1.513   28.7 	27.7 290   1.502	1.507   97.8 	88.3 280    1.511	1.516 272   1.505	1.510	277.8
 10:12:00  1.491	1.495   49.5  47.0 281     1.485	1.489   28.4 	27.4 292   1.480	1.484   96.2 	86.8 280    1.488	1.492 272   1.483	1.487	276.4
 10:16:00  1.469	1.473   48.8  46.3 281     1.464	1.467   28.2 	27.2 296   1.458	1.462   95.0 	85.7 280    1.466	1.470 270   1.461	1.465	276.1
 10:20:00  1.448	1.452   48.0  45.6 280     1.443	1.446   27.8 	26.8 295   1.438	1.441   93.8 	84.5 280    1.446	1.449 269   1.440	1.444	276.5
 10:24:00  1.428	1.431   47.4  45.0 281     1.423	1.426   28.1 	27.1 308   1.419	1.422   92.8 	83.6 281    1.426	1.429 259   1.421	1.424	274.2
 10:28:00  1.409	1.412   47.0  44.6 283     1.405	1.407   27.5 	26.5 303   1.400	1.403   91.9 	82.8 282    1.407	1.410 267   1.402	1.405	276.8
 10:32:00  1.391	1.394   46.2  43.9 281     1.387	1.389   27.4 	26.4 308   1.382	1.385   90.6 	81.5 281    1.389	1.391 260   1.384	1.387	274.7