"Instrument #083"
"Intercomparison date: 09-26-2016"
"Site: Izana, Tenerife"
"N table date:1992"
Lamp Corrections:,  -0.9,  -0.7,  -0.7
"Observations,",45
Time Local Mu_C   M_C   RC    NC   O3_C    Mu_D   M_D    RD    ND  O3_D    Mu_A   M_A   RA    NA   O3_A   Mu_CD   M_CD O3_CD  Mu_AD   M_AD O3_AD
08:00:00, 4.150, 4.342,137.3,128.6,0.268, 4.091, 4.274, 78.7, 75.1,0.270, 4.034, 4.209,245.3,232.3,0.269, 4.120, 4.308,0.266, 4.063, 4.242,0.268
08:04:00, 3.925, 4.085,130.2,121.9,0.269, 3.873, 4.025, 74.3, 71.1,0.271, 3.822, 3.968,233.7,220.4,0.270, 3.899, 4.055,0.268, 3.847, 3.996,0.269
08:08:00, 3.723, 3.857,123.3,115.5,0.269, 3.676, 3.805, 70.1, 67.3,0.271, 3.630, 3.753,222.8,209.3,0.270, 3.700, 3.831,0.268, 3.653, 3.779,0.269
08:12:00, 3.541, 3.655,117.0,109.6,0.269, 3.499, 3.607, 66.6, 64.1,0.272, 3.457, 3.561,212.7,199.2,0.270, 3.520, 3.631,0.267, 3.478, 3.584,0.269
08:16:00, 3.376, 3.473,111.6,104.6,0.269, 3.338, 3.431, 63.4, 61.1,0.273, 3.300, 3.389,203.3,189.9,0.270, 3.357, 3.452,0.267, 3.319, 3.410,0.269
08:20:00, 3.226, 3.309,106.2, 99.6,0.268, 3.191, 3.271, 60.3, 58.3,0.272, 3.156, 3.234,195.1,181.8,0.270, 3.209, 3.290,0.266, 3.174, 3.252,0.269
08:24:00, 3.090, 3.161,101.8, 95.5,0.269, 3.057, 3.126, 57.6, 55.8,0.272, 3.026, 3.092,187.5,174.4,0.270, 3.073, 3.144,0.267, 3.041, 3.109,0.270
08:28:00, 2.964, 3.027, 97.5, 91.5,0.269, 2.935, 2.995, 55.3, 53.6,0.273, 2.906, 2.964,180.4,167.4,0.270, 2.949, 3.011,0.266, 2.920, 2.979,0.269
08:32:00, 2.849, 2.904, 93.9, 88.1,0.270, 2.822, 2.875, 53.0, 51.5,0.273, 2.795, 2.846,173.9,161.0,0.270, 2.836, 2.889,0.268, 2.809, 2.860,0.269
08:36:00, 2.743, 2.791, 90.2, 84.7,0.269, 2.718, 2.765, 51.0, 49.6,0.273, 2.694, 2.738,167.9,155.1,0.270, 2.731, 2.778,0.266, 2.706, 2.751,0.269
08:40:00, 2.646, 2.688, 87.0, 81.7,0.270, 2.622, 2.663, 49.1, 47.8,0.273, 2.600, 2.639,162.6,149.9,0.271, 2.634, 2.676,0.267, 2.611, 2.651,0.270
08:44:00, 2.555, 2.593, 83.4, 78.4,0.267, 2.534, 2.570, 47.4, 46.2,0.273, 2.512, 2.548,157.2,144.7,0.270, 2.544, 2.581,0.263, 2.523, 2.559,0.269
08:48:00, 2.471, 2.505, 80.4, 75.7,0.267, 2.451, 2.484, 45.8, 44.6,0.273, 2.432, 2.463,152.5,140.1,0.271, 2.461, 2.494,0.262, 2.441, 2.473,0.270
08:52:00, 2.393, 2.423, 78.5, 73.9,0.270, 2.375, 2.403, 44.5, 43.4,0.274, 2.356, 2.384,148.0,135.8,0.271, 2.384, 2.413,0.267, 2.365, 2.394,0.269
08:56:00, 2.321, 2.347, 76.1, 71.7,0.270, 2.303, 2.329, 43.1, 42.0,0.274, 2.286, 2.311,143.7,131.7,0.270, 2.312, 2.338,0.267, 2.295, 2.320,0.269
09:00:00, 2.253, 2.277, 73.7, 69.5,0.270, 2.237, 2.260, 41.9, 40.8,0.275, 2.221, 2.243,140.0,128.1,0.271, 2.245, 2.268,0.266, 2.229, 2.252,0.270
09:04:00, 2.190, 2.211, 71.7, 67.7,0.270, 2.174, 2.195, 40.5, 39.5,0.272, 2.159, 2.180,136.3,124.6,0.271, 2.182, 2.203,0.269, 2.167, 2.187,0.271
09:08:00, 2.130, 2.150, 69.8, 65.9,0.271, 2.116, 2.135, 39.6, 38.6,0.275, 2.102, 2.120,132.8,121.3,0.271, 2.123, 2.142,0.268, 2.109, 2.128,0.270
09:12:00, 2.075, 2.092, 67.8, 64.1,0.270, 2.061, 2.078, 38.8, 37.8,0.277, 2.048, 2.065,129.4,118.0,0.271, 2.068, 2.085,0.265, 2.055, 2.071,0.269
09:16:00, 2.022, 2.038, 66.0, 62.4,0.270, 2.010, 2.025, 37.6, 36.6,0.274, 1.997, 2.012,126.3,115.1,0.271, 2.016, 2.032,0.267, 2.004, 2.019,0.270
09:20:00, 1.973, 1.988, 63.7, 60.3,0.267, 1.961, 1.975, 36.7, 35.7,0.274, 1.950, 1.963,123.2,112.1,0.270, 1.967, 1.981,0.261, 1.956, 1.969,0.269
10:00:00, 1.610, 1.616, 52.2, 49.6,0.270, 1.603, 1.609, 30.1, 29.1,0.273, 1.596, 1.602,101.3, 91.6,0.270, 1.606, 1.612,0.267, 1.599, 1.605,0.269
10:04:00, 1.583, 1.588, 51.2, 48.6,0.269, 1.576, 1.582, 29.5, 28.5,0.271, 1.570, 1.575, 99.6, 90.0,0.269, 1.580, 1.585,0.267, 1.573, 1.579,0.269
10:08:00, 1.558, 1.563, 50.4, 47.9,0.269, 1.551, 1.556, 29.0, 28.0,0.270, 1.545, 1.550, 98.1, 88.6,0.269, 1.554, 1.560,0.268, 1.548, 1.553,0.269
10:12:00, 1.533, 1.538, 49.7, 47.2,0.270, 1.528, 1.532, 29.2, 28.2,0.281, 1.522, 1.526, 96.6, 87.2,0.269, 1.531, 1.535,0.260, 1.525, 1.529,0.266
10:16:00, 1.510, 1.515, 48.8, 46.3,0.268, 1.505, 1.509, 28.7, 27.7,0.280, 1.499, 1.504, 95.2, 85.9,0.269, 1.508, 1.512,0.259, 1.502, 1.506,0.266
10:20:00, 1.489, 1.493, 48.3, 45.9,0.270, 1.483, 1.487, 28.4, 27.4,0.281, 1.478, 1.482, 94.1, 84.9,0.270, 1.486, 1.490,0.261, 1.481, 1.485,0.267
10:24:00, 1.468, 1.472, 47.7, 45.3,0.270, 1.463, 1.466, 28.0, 26.9,0.281, 1.458, 1.461, 92.9, 83.7,0.270, 1.465, 1.469,0.262, 1.460, 1.464,0.267
10:28:00, 1.448, 1.452, 47.0, 44.6,0.270, 1.443, 1.447, 27.5, 26.4,0.278, 1.439, 1.442, 91.6, 82.5,0.270, 1.446, 1.449,0.264, 1.441, 1.444,0.267
10:32:00, 1.429, 1.432, 46.4, 44.0,0.270, 1.425, 1.428, 27.1, 26.0,0.276, 1.420, 1.423, 90.5, 81.5,0.270, 1.427, 1.430,0.265, 1.423, 1.426,0.268
10:36:00, 1.411, 1.414, 45.7, 43.3,0.269, 1.407, 1.410, 26.8, 25.7,0.277, 1.403, 1.406, 89.4, 80.4,0.270, 1.409, 1.412,0.262, 1.405, 1.408,0.268
10:40:00, 1.394, 1.397, 45.5, 43.1,0.272, 1.390, 1.393, 26.6, 25.5,0.279, 1.386, 1.389, 88.7, 79.8,0.271, 1.392, 1.395,0.266, 1.388, 1.391,0.269
10:44:00, 1.378, 1.381, 44.8, 42.5,0.270, 1.374, 1.377, 26.2, 25.1,0.276, 1.370, 1.373, 87.7, 78.9,0.271, 1.376, 1.379,0.265, 1.372, 1.375,0.269
10:48:00, 1.363, 1.365, 44.4, 42.1,0.271, 1.359, 1.361, 26.0, 24.9,0.278, 1.355, 1.357, 86.8, 78.0,0.271, 1.361, 1.363,0.265, 1.357, 1.359,0.269
10:52:00, 1.348, 1.350, 43.8, 41.5,0.270, 1.344, 1.347, 25.7, 24.6,0.277, 1.341, 1.343, 85.8, 77.1,0.270, 1.346, 1.348,0.264, 1.343, 1.345,0.269
10:56:00, 1.334, 1.336, 43.3, 41.0,0.269, 1.331, 1.333, 25.4, 24.3,0.276, 1.327, 1.329, 85.0, 76.3,0.271, 1.332, 1.334,0.264, 1.329, 1.331,0.269
11:00:00, 1.321, 1.323, 43.0, 40.7,0.270, 1.317, 1.319, 25.4, 24.3,0.281, 1.314, 1.316, 84.1, 75.5,0.270, 1.319, 1.321,0.262, 1.316, 1.318,0.267
11:04:00, 1.308, 1.310, 42.5, 40.2,0.269, 1.305, 1.307, 25.1, 24.0,0.279, 1.302, 1.304, 83.2, 74.7,0.270, 1.307, 1.308,0.262, 1.303, 1.305,0.267
11:08:00, 1.296, 1.298, 42.2, 39.9,0.270, 1.293, 1.295, 24.8, 23.6,0.277, 1.290, 1.292, 82.5, 74.0,0.270, 1.295, 1.296,0.265, 1.292, 1.293,0.268
11:12:00, 1.285, 1.286, 41.9, 39.6,0.271, 1.282, 1.283, 24.7, 23.5,0.279, 1.279, 1.281, 81.8, 73.4,0.270, 1.283, 1.285,0.264, 1.281, 1.282,0.267
11:16:00, 1.274, 1.275, 41.5, 39.3,0.270, 1.271, 1.273, 24.5, 23.3,0.279, 1.269, 1.270, 81.2, 72.8,0.270, 1.273, 1.274,0.263, 1.270, 1.271,0.267
11:20:00, 1.264, 1.265, 41.3, 39.1,0.271, 1.261, 1.262, 24.3, 23.1,0.279, 1.259, 1.260, 80.6, 72.3,0.270, 1.262, 1.264,0.266, 1.260, 1.261,0.267
11:24:00, 1.254, 1.255, 40.9, 38.7,0.271, 1.252, 1.253, 24.0, 22.8,0.276, 1.249, 1.250, 80.0, 71.7,0.270, 1.253, 1.254,0.266, 1.250, 1.251,0.268
11:28:00, 1.245, 1.246, 40.5, 38.3,0.270, 1.242, 1.244, 23.9, 22.7,0.277, 1.240, 1.241, 79.3, 71.0,0.269, 1.244, 1.245,0.263, 1.241, 1.242,0.267
11:32:00, 1.236, 1.237, 40.2, 38.0,0.269, 1.234, 1.235, 23.8, 22.6,0.279, 1.232, 1.233, 78.8, 70.6,0.269, 1.235, 1.236,0.262, 1.233, 1.234,0.267
