DiaFrac	Hora	Sza	O3vert	NO2vert
245.281	6.7449	90.798	280	3.31E15
245.2823	6.7742	90.416	278	3.31E15
245.2836	6.8051	90.013	278	3.28E15
245.285	6.8389	89.573	278	3.25E15
245.2864	6.8739	89.116	277	3.2E15
245.8045	19.3075	89.029	277	4.32E15
245.8059	19.3422	89.483	275	4.31E15
245.8074	19.3772	89.94	276	4.38E15
245.8088	19.4122	90.396	274	4.44E15
245.8103	19.4472	90.853	275	4.45E15
246.2814	6.7535	90.792	285	2.9E15
246.2826	6.7825	90.413	282	2.82E15
246.2839	6.8135	90.009	283	2.83E15
246.2853	6.8472	89.569	279	2.8E15
246.2868	6.8822	89.112	281	2.72E15
246.8038	19.2906	89.052	277	4.27E15
246.8052	19.325	89.502	275	4.26E15
246.8067	19.36	89.96	274	4.31E15
246.8081	19.3951	90.419	274	4.34E15
246.8096	19.4303	90.878	275	4.37E15
247.2817	6.7603	90.808	283	2.98E15
247.283	6.7915	90.401	282	2.91E15
247.2843	6.824	89.976	283	2.87E15
247.2857	6.8567	89.55	282	2.84E15
247.2871	6.891	89.101	281	2.83E15
247.8029	19.2703	89.033	269	4E15
247.8044	19.3049	89.486	266	4.02E15
247.8058	19.3396	89.94	268	4.04E15
247.8073	19.3743	90.394	266	4.11E15
247.8087	19.4093	90.852	267	4.19E15
248.2821	6.7701	90.785	272	2.83E15
248.2833	6.7996	90.4	271	2.79E15
248.2846	6.8304	89.997	270	2.74E15
248.286	6.8638	89.561	268	2.71E15
248.2874	6.8988	89.105	268	2.64E15
248.8022	19.2525	89.048	270	4.07E15
248.8036	19.2874	89.505	268	4.1E15
248.8051	19.3226	89.967	268	4.16E15
248.8066	19.3581	90.431	267	4.24E15
248.8081	19.3943	90.905	269	4.28E15
249.2825	6.7796	90.767	270	2.91E15
249.2837	6.8089	90.383	271	2.89E15
249.285	6.8397	89.98	269	2.82E15
249.2864	6.8732	89.542	268	2.77E15
249.2878	6.9082	89.083	267	2.72E15
249.8015	19.2347	89.063	264	4.11E15
249.8029	19.2697	89.524	262	4.17E15
249.8044	19.3053	89.99	264	4.19E15
249.8059	19.3413	90.462	263	4.27E15
249.8074	19.3776	90.938	263	4.35E15
250.2828	6.7865	90.781	267	2.88E15
250.2841	6.8181	90.368	266	2.82E15
250.2854	6.8507	89.94	266	2.77E15
250.2868	6.8833	89.513	263	2.7E15
250.2882	6.9176	89.063	263	2.67E15
250.8006	19.2156	89.065	264	4.11E15
250.8021	19.2507	89.526	262	4.17E15
250.8036	19.2863	89.993	263	4.24E15
250.8051	19.3221	90.463	262	4.31E15
250.8066	19.3585	90.94	263	4.39E15
251.2831	6.7946	90.78	268	2.87E15
251.2844	6.8261	90.367	268	2.81E15
251.2858	6.8586	89.941	267	2.76E15
251.2871	6.8913	89.513	267	2.74E15
251.2886	6.9257	89.061	267	2.67E15
251.7999	19.1969	89.073	270	4.05E15
251.8013	19.2319	89.533	268	4.1E15
251.8028	19.2675	90	268	4.15E15
251.8043	19.3035	90.473	269	4.23E15
251.8058	19.3399	90.95	268	4.28E15
252.2834	6.8018	90.79	270	2.83E15
252.2846	6.8311	90.406	270	2.8E15
252.2859	6.8619	90.001	269	2.72E15
252.2873	6.8954	89.562	269	2.68E15
252.2888	6.9301	89.106	269	2.61E15
252.799	19.1749	89.037	265	3.85E15
252.8005	19.211	89.512	263	3.88E15
252.802	19.2478	89.996	263	3.91E15
252.8035	19.2832	90.462	262	3.98E15
252.805	19.3193	90.936	264	4.05E15
253.2837	6.8092	90.798	267	2.71E15
253.285	6.8403	90.39	265	2.67E15
253.2864	6.8725	89.966	266	2.56E15
253.2877	6.905	89.54	264	2.53E15
253.2891	6.9393	89.089	266	2.47E15
253.7982	19.1572	89.061	263	3.87E15
253.7997	19.1931	89.532	262	3.93E15
253.8012	19.2297	90.015	262	4E15
253.8027	19.2653	90.482	261	4.03E15
253.8042	19.3014	90.957	262	4.1E15
254.284	6.8165	90.806	268	2.74E15
254.2853	6.8478	90.395	263	2.68E15
254.2867	6.88	89.972	263	2.62E15
254.288	6.9124	89.547	264	2.58E15
254.2894	6.9465	89.097	264	2.51E15
254.7973	19.1364	89.043	263	3.88E15
254.7989	19.1725	89.519	259	3.91E15
254.8004	19.2093	90.004	259	3.94E15
254.8019	19.2447	90.47	260	4.03E15
254.8034	19.281	90.946	261	4.12E15
255.2844	6.826	90.786	269	2.85E15
255.2857	6.8574	90.374	268	2.8E15
255.2871	6.8899	89.946	267	2.73E15
255.2884	6.9225	89.517	265	2.66E15
255.2899	6.9568	89.065	266	2.6E15
255.7966	19.1186	89.067	275	4.11E15
255.798	19.1532	89.523	273	4.12E15
255.7995	19.1882	89.984	275	4.21E15
255.801	19.2236	90.45	273	4.3E15
255.8025	19.2599	90.927	273	4.37E15
256.2841	6.8176	91	288	2.81E15
256.2853	6.8471	90.613	287	2.75E15
256.2866	6.8776	90.211	286	2.68E15
256.2879	6.909	89.798	284	2.63E15
256.2892	6.941	89.378	284	2.58E15
256.7956	19.0949	89.013	273	3.94E15
256.7971	19.13	89.476	275	4.02E15
256.7986	19.1665	89.957	274	4.01E15
256.8001	19.2024	90.43	279	4.24E15
256.8016	19.2376	90.894	276	4.24E15
257.2851	6.8433	90.767	275	2.88E15
257.2864	6.8744	90.358	273	2.83E15
257.2878	6.9067	89.933	273	2.81E15
257.2891	6.9392	89.505	272	2.78E15
257.2906	6.9735	89.053	271	2.72E15
257.795	19.08	89.076	273	3.94E15
257.7964	19.1144	89.531	271	3.98E15
257.7979	19.1493	89.99	272	4.02E15
257.7993	19.1846	90.455	272	4.1E15
257.8009	19.2207	90.931	272	4.14E15
258.2854	6.8496	90.789	274	2.93E15
258.2867	6.8807	90.38	271	2.86E15
258.288	6.9129	89.955	270	2.82E15
258.2894	6.9453	89.529	269	2.8E15
258.2908	6.9794	89.079	268	2.69E15
258.7942	19.0603	89.076	272	3.96E15
258.7956	19.0953	89.538	272	4.03E15
258.7971	19.1307	90.006	273	4.1E15
258.7986	19.1665	90.478	271	4.18E15
258.8001	19.2031	90.96	272	4.24E15
259.2858	6.8585	90.777	276	2.84E15
259.2871	6.8899	90.364	276	2.8E15
259.2884	6.9222	89.937	275	2.72E15
259.2898	6.9547	89.509	274	2.67E15
259.2912	6.9889	89.058	274	2.64E15
259.7934	19.0404	89.075	269	3.86E15
259.7948	19.0753	89.535	267	3.92E15
259.7963	19.1103	89.997	268	3.96E15
259.7977	19.1453	90.459	268	4E15
259.7992	19.1813	90.934	270	4.07E15
260.286	6.8651	90.794	272	2.74E15
260.2873	6.8961	90.386	270	2.67E15
260.2887	6.9283	89.961	271	2.61E15
260.29	6.9608	89.533	270	2.55E15
260.2915	6.9951	89.08	268	2.48E15
260.7926	19.0224	89.098	269	3.77E15
260.7941	19.0574	89.56	267	3.79E15
260.7956	19.0932	90.033	268	3.86E15
260.7971	19.1294	90.512	269	3.92E15
261.2866	6.8774	90.738	272	2.65E15
261.2878	6.9082	90.332	270	2.56E15
261.2892	6.9401	89.91	270	2.53E15
261.2905	6.9722	89.487	268	2.47E15
261.2919	7.0061	89.04	268	2.45E15
261.7917	19.0011	89.079	269	3.82E15
261.7932	19.0363	89.543	268	3.9E15
261.7947	19.0719	90.015	269	3.97E15
261.7962	19.1079	90.49	270	4.04E15
261.7977	19.1449	90.978	270	4.09E15
262.287	6.8881	90.703	275	2.75E15
262.2883	6.9186	90.3	273	2.68E15
262.2895	6.9488	89.902	272	2.64E15
262.2908	6.9803	89.486	270	2.6E15
262.2923	7.0144	89.035	270	2.52E15
262.7909	18.9818	89.086	265	3.91E15
262.7924	19.0175	89.558	263	3.98E15
262.7939	19.0539	90.039	264	4E15
262.7954	19.0892	90.505	262	4.03E15
262.7969	19.1254	90.983	264	4.09E15
263.2874	6.8969	90.691	271	2.6E15
263.2886	6.9272	90.292	268	2.58E15
263.2899	6.959	89.872	267	2.52E15
263.2913	6.9915	89.443	264	2.48E15
263.2927	7.0239	89.016	262	2.45E15
263.79	18.9611	89.075	257	3.76E15
263.7916	18.9972	89.552	257	3.83E15
263.7931	19.0339	90.037	256	3.87E15
263.7946	19.0694	90.507	257	3.95E15
263.7961	19.1056	90.984	259	3.98E15
264.2874	6.8978	90.786	259	2.58E15
264.2887	6.9289	90.376	259	2.55E15
264.29	6.9613	89.948	258	2.49E15
264.2914	6.9938	89.519	256	2.45E15
264.2928	7.0279	89.068	257	2.41E15
264.7892	18.9414	89.077	260	3.61E15
264.7907	18.9776	89.556	259	3.63E15
264.7923	19.0142	90.039	259	3.73E15
264.7937	19.0494	90.505	260	3.77E15
264.7953	19.0858	90.986	259	3.85E15
265.2878	6.9078	90.761	267	2.67E15
265.2891	6.9383	90.357	265	2.66E15
265.2904	6.9703	89.936	266	2.6E15
265.2918	7.0028	89.506	264	2.56E15
265.2932	7.0369	89.055	265	2.49E15
265.7883	18.9194	89.049	261	3.8E15
265.7898	18.9542	89.508	260	3.83E15
265.7912	18.9893	89.972	261	3.89E15
265.7927	19.0247	90.44	260	3.94E15
265.7942	19.061	90.919	261	4E15
266.2881	6.9138	90.789	266	2.72E15
266.2894	6.9449	90.378	264	2.68E15
266.2907	6.9771	89.952	263	2.64E15
266.2921	7.0097	89.522	261	2.57E15
266.2935	7.0439	89.071	262	2.54E15
266.7876	18.9021	89.081	261	3.84E15
266.7891	18.9374	89.548	261	3.87E15
266.7906	18.9731	90.019	262	3.91E15
266.7921	19.0096	90.502	262	3.97E15
266.7936	19.0472	91	263	4.02E15
267.2885	6.9229	90.775	268	2.58E15
267.2897	6.9538	90.368	266	2.55E15
267.2911	6.9858	89.944	265	2.5E15
267.2924	7.0182	89.517	264	2.43E15
267.2939	7.0525	89.064	263	2.38E15
267.7867	18.8794	89.044	261	3.68E15
267.7881	18.914	89.501	261	3.74E15
267.7896	18.9489	89.962	261	3.77E15
267.791	18.9839	90.424	261	3.82E15
267.7924	19.0189	90.887	261	3.88E15
268.2888	6.931	90.776	265	2.63E15
268.2901	6.9622	90.364	264	2.61E15
268.2914	6.9944	89.938	264	2.59E15
268.2928	7.0269	89.509	262	2.52E15
268.2942	7.0611	89.058	263	2.46E15
268.7859	18.8608	89.059	262	3.75E15
268.7873	18.8958	89.522	260	3.81E15
268.7888	18.9317	89.995	262	3.87E15
268.7903	18.9685	90.482	261	3.91E15
268.7919	19.0064	90.983	262	3.98E15
269.2891	6.9385	90.785	266	2.78E15
269.2904	6.9692	90.38	266	2.75E15
269.2917	7.0013	89.957	262	2.67E15
269.2931	7.0339	89.526	261	2.6E15
269.2945	7.0681	89.075	263	2.56E15
269.7851	18.8428	89.082	264	3.91E15
269.7866	18.8779	89.546	263	3.99E15
269.7881	18.9138	90.019	263	4.04E15
269.7896	18.9501	90.5	263	4.1E15
269.7912	18.9878	90.998	264	4.15E15
270.2895	6.9475	90.775	267	2.66E15
270.2908	6.9783	90.368	266	2.64E15
270.2921	7.0106	89.943	264	2.54E15
270.2935	7.0429	89.516	262	2.51E15
270.2949	7.0771	89.065	263	2.44E15
270.7843	18.8229	89.078	260	3.77E15
270.7858	18.8585	89.549	260	3.82E15
270.7873	18.8949	90.03	260	3.88E15
270.7888	18.9322	90.523	259	3.98E15
270.7903	18.9672	90.986	261	4.05E15
271.2898	6.9553	90.782	261	2.76E15
271.2911	6.986	90.377	258	2.69E15
271.2924	7.0181	89.956	258	2.64E15
271.2938	7.0504	89.527	258	2.58E15
271.2952	7.0846	89.078	257	2.52E15
271.7835	18.8033	89.08	257	3.9E15
271.7849	18.8382	89.541	256	3.97E15
271.7864	18.8738	90.01	257	4.01E15
271.7879	18.9096	90.483	256	4.06E15
271.7894	18.946	90.964	257	4.14E15
272.2902	6.9642	90.775	277	2.54E15
272.2915	6.9956	90.361	275	2.51E15
272.2928	7.0279	89.934	275	2.45E15
272.2942	7.0604	89.505	272	2.41E15
272.2956	7.0946	89.055	272	2.38E15
272.7826	18.7828	89.068	275	3.55E15
272.7841	18.8175	89.526	275	3.58E15
272.7855	18.8526	89.99	275	3.62E15
272.787	18.8881	90.457	274	3.66E15
272.7885	18.9243	90.936	275	3.75E15
273.2905	6.971	90.796	280	2.45E15
273.2917	7.0019	90.387	279	2.4E15
273.2931	7.0343	89.961	278	2.36E15
273.2945	7.0669	89.531	277	2.31E15
273.2959	7.1011	89.08	277	2.31E15
273.7818	18.7624	89.056	275	3.41E15
273.7833	18.7985	89.532	275	3.45E15
273.7848	18.8353	90.018	275	3.51E15
273.7863	18.871	90.489	276	3.57E15
273.7878	18.9075	90.971	276	3.6E15
274.2908	6.9803	90.785	273	2.46E15
274.2921	7.0115	90.373	272	2.45E15
274.2935	7.0439	89.946	272	2.41E15
274.2949	7.0765	89.516	271	2.35E15
274.2963	7.1106	89.068	271	2.3E15
274.781	18.7447	89.08	270	3.44E15
274.7825	18.7793	89.536	267	3.46E15
274.7839	18.8144	89.999	268	3.52E15
274.7854	18.85	90.468	268	3.55E15
274.7869	18.8861	90.945	270	3.62E15
