"Instrument #064"
"Intercomparison date: 09-24-2016"
"Site: Izana, Tenerife"
"N table date:24-April-2014"
Lamp Corrections:,  -1.1,  -1.1,  -1.7
"Observations,",44
08:00:00, 4.087, 4.270,143.8,128.4,0.276, 4.030, 4.204, 88.7, 73.6,0.282, 3.975, 4.141,243.6,231.1,0.273, 4.059, 4.237,0.275, 4.002, 4.173,0.272
08:04:00, 3.869, 4.021,137.3,121.7,0.277, 3.817, 3.963, 84.6, 69.4,0.281, 3.768, 3.907,233.0,219.5,0.274, 3.843, 3.992,0.277, 3.792, 3.935,0.273
08:08:00, 3.672, 3.800,131.1,115.4,0.277, 3.626, 3.748, 80.8, 65.6,0.279, 3.581, 3.698,222.9,208.5,0.274, 3.649, 3.774,0.278, 3.603, 3.723,0.274
08:12:00, 3.494, 3.603,125.6,109.7,0.277, 3.453, 3.557, 77.6, 62.4,0.279, 3.412, 3.512,213.5,198.5,0.274, 3.473, 3.579,0.279, 3.432, 3.534,0.274
08:16:00, 3.333, 3.426,120.7,104.7,0.277, 3.295, 3.384, 74.7, 59.4,0.279, 3.258, 3.344,205.7,190.1,0.275, 3.314, 3.405,0.279, 3.277, 3.364,0.275
08:20:00, 3.187, 3.266,116.1,100.1,0.277, 3.152, 3.229, 72.2, 56.9,0.280, 3.118, 3.192,197.8,181.6,0.275, 3.169, 3.247,0.279, 3.135, 3.210,0.274
08:24:00, 3.053, 3.122,111.7, 95.7,0.277, 3.021, 3.088, 69.7, 54.4,0.279, 2.990, 3.054,191.1,174.4,0.275, 3.037, 3.104,0.279, 3.005, 3.071,0.275
08:28:00, 2.930, 2.990,107.8, 91.9,0.277, 2.901, 2.959, 67.4, 52.0,0.278, 2.873, 2.929,184.6,167.4,0.275, 2.915, 2.974,0.281, 2.887, 2.944,0.275
08:32:00, 2.817, 2.870,104.1, 88.2,0.277, 2.791, 2.841, 65.3, 49.9,0.277, 2.764, 2.814,178.7,161.0,0.275, 2.804, 2.856,0.281, 2.777, 2.827,0.276
08:36:00, 2.714, 2.760,100.8, 85.0,0.277, 2.689, 2.734, 63.5, 48.1,0.277, 2.665, 2.708,173.3,155.1,0.275, 2.701, 2.747,0.281, 2.677, 2.721,0.275
08:40:00, 2.618, 2.658, 97.9, 82.2,0.278, 2.595, 2.634, 61.8, 46.3,0.277, 2.572, 2.611,168.1,149.5,0.274, 2.606, 2.646,0.283, 2.584, 2.622,0.275
08:44:00, 2.529, 2.565, 94.8, 79.1,0.277, 2.508, 2.543, 60.3, 44.8,0.277, 2.487, 2.521,163.4,144.4,0.274, 2.518, 2.554,0.280, 2.497, 2.532,0.275
08:48:00, 2.447, 2.479, 92.1, 76.4,0.277, 2.427, 2.458, 58.8, 43.2,0.276, 2.408, 2.438,159.2,140.0,0.274, 2.437, 2.468,0.281, 2.417, 2.448,0.275
08:52:00, 2.370, 2.399, 89.8, 74.1,0.277, 2.352, 2.379, 57.5, 41.9,0.276, 2.334, 2.361,155.2,135.8,0.275, 2.361, 2.389,0.282, 2.343, 2.370,0.276
08:56:00, 2.299, 2.324, 87.5, 71.8,0.277, 2.281, 2.306, 56.5, 40.8,0.278, 2.265, 2.289,151.3,131.7,0.275, 2.290, 2.315,0.280, 2.273, 2.298,0.275
09:00:00, 2.232, 2.255, 85.3, 69.6,0.276, 2.216, 2.238, 55.4, 39.6,0.278, 2.200, 2.222,147.7,127.9,0.275, 2.224, 2.247,0.279, 2.208, 2.230,0.275
09:04:00, 2.170, 2.190, 83.5, 67.8,0.277, 2.155, 2.175, 54.4, 38.6,0.279, 2.140, 2.159,144.5,124.5,0.275, 2.162, 2.182,0.280, 2.147, 2.167,0.275
09:08:00, 2.111, 2.130, 81.6, 65.9,0.277, 2.097, 2.115, 53.4, 37.5,0.279, 2.083, 2.101,141.4,121.2,0.275, 2.104, 2.122,0.279, 2.090, 2.108,0.275
09:12:00, 2.056, 2.073, 79.9, 64.2,0.277, 2.043, 2.060, 52.3, 36.3,0.276, 2.030, 2.046,138.3,118.0,0.275, 2.050, 2.066,0.281, 2.037, 2.053,0.275
09:16:00, 2.005, 2.020, 78.2, 62.5,0.276, 1.992, 2.007, 51.4, 35.4,0.276, 1.980, 1.995,135.5,115.1,0.275, 1.999, 2.014,0.281, 1.986, 2.001,0.276
09:48:00, 1.686, 1.693, 68.3, 52.5,0.276, 1.678, 1.685, 46.2, 29.8,0.276, 1.670, 1.677,118.0, 97.2,0.275, 1.682, 1.689,0.280, 1.674, 1.681,0.276
09:52:00, 1.655, 1.661, 67.6, 51.8,0.278, 1.647, 1.654, 45.9, 29.5,0.280, 1.640, 1.646,116.1, 95.3,0.275, 1.651, 1.658,0.280, 1.644, 1.650,0.275
09:56:00, 1.625, 1.632, 66.6, 50.8,0.277, 1.618, 1.624, 45.5, 29.0,0.281, 1.611, 1.617,114.8, 94.0,0.276, 1.622, 1.628,0.278, 1.615, 1.621,0.276
10:00:00, 1.598, 1.603, 65.7, 49.8,0.277, 1.591, 1.597, 45.0, 28.5,0.281, 1.584, 1.590,113.3, 92.5,0.276, 1.594, 1.600,0.278, 1.588, 1.593,0.276
10:04:00, 1.571, 1.576, 64.9, 49.0,0.277, 1.565, 1.570, 44.7, 28.2,0.283, 1.558, 1.564,111.2, 90.4,0.274, 1.568, 1.573,0.276, 1.562, 1.567,0.273
10:08:00, 1.546, 1.551, 64.1, 48.2,0.277, 1.540, 1.545, 44.2, 27.6,0.282, 1.534, 1.539,110.2, 89.4,0.276, 1.543, 1.548,0.277, 1.537, 1.542,0.276
10:12:00, 1.522, 1.527, 63.4, 47.5,0.277, 1.516, 1.521, 43.8, 27.2,0.281, 1.511, 1.515,108.8, 88.0,0.276, 1.519, 1.524,0.277, 1.514, 1.518,0.275
10:16:00, 1.500, 1.504, 62.8, 46.9,0.278, 1.494, 1.498, 43.5, 26.9,0.283, 1.489, 1.493,107.5, 86.7,0.276, 1.497, 1.501,0.278, 1.491, 1.495,0.275
10:20:00, 1.478, 1.482, 62.0, 46.1,0.277, 1.473, 1.476, 43.2, 26.6,0.284, 1.468, 1.471,106.3, 85.5,0.276, 1.475, 1.479,0.275, 1.470, 1.474,0.275
10:24:00, 1.457, 1.461, 61.5, 45.6,0.278, 1.452, 1.456, 42.8, 26.1,0.283, 1.447, 1.451,105.0, 84.2,0.275, 1.455, 1.458,0.278, 1.450, 1.453,0.274
10:28:00, 1.438, 1.441, 60.8, 44.8,0.277, 1.433, 1.436, 42.4, 25.7,0.281, 1.428, 1.432,103.8, 83.0,0.275, 1.435, 1.439,0.277, 1.431, 1.434,0.274
10:32:00, 1.419, 1.422, 60.2, 44.2,0.277, 1.415, 1.418, 42.1, 25.4,0.281, 1.410, 1.413,102.8, 82.0,0.275, 1.417, 1.420,0.277, 1.412, 1.415,0.275
10:36:00, 1.401, 1.404, 59.7, 43.7,0.277, 1.397, 1.400, 41.8, 25.0,0.281, 1.393, 1.396,101.7, 80.9,0.275, 1.399, 1.402,0.278, 1.395, 1.398,0.274
10:40:00, 1.385, 1.387, 59.3, 43.3,0.278, 1.380, 1.383, 41.5, 24.7,0.281, 1.376, 1.379,101.0, 80.2,0.276, 1.382, 1.385,0.280, 1.378, 1.381,0.276
10:44:00, 1.368, 1.371, 58.8, 42.8,0.278, 1.365, 1.367, 41.2, 24.4,0.280, 1.361, 1.363,100.0, 79.2,0.275, 1.367, 1.369,0.280, 1.363, 1.365,0.275
10:48:00, 1.353, 1.355, 58.3, 42.2,0.277, 1.349, 1.352, 41.0, 24.2,0.281, 1.346, 1.348, 99.3, 78.5,0.276, 1.351, 1.353,0.278, 1.348, 1.350,0.276
10:52:00, 1.339, 1.341, 57.9, 41.8,0.278, 1.335, 1.337, 40.8, 24.0,0.282, 1.332, 1.334, 98.3, 77.5,0.275, 1.337, 1.339,0.278, 1.333, 1.335,0.275
10:56:00, 1.325, 1.327, 57.6, 41.5,0.279, 1.321, 1.323, 40.6, 23.7,0.283, 1.318, 1.320, 97.6, 76.8,0.276, 1.323, 1.325,0.279, 1.320, 1.322,0.275
11:00:00, 1.312, 1.313, 57.2, 41.1,0.279, 1.308, 1.310, 40.3, 23.4,0.281, 1.305, 1.307, 96.9, 76.1,0.276, 1.310, 1.312,0.281, 1.307, 1.308,0.276
11:04:00, 1.299, 1.301, 56.8, 40.6,0.278, 1.296, 1.298, 40.2, 23.3,0.283, 1.293, 1.295, 96.1, 75.3,0.276, 1.297, 1.299,0.278, 1.294, 1.296,0.275
11:08:00, 1.287, 1.289, 56.4, 40.2,0.278, 1.284, 1.286, 40.0, 23.1,0.283, 1.281, 1.283, 95.3, 74.6,0.275, 1.286, 1.287,0.277, 1.283, 1.284,0.275
11:12:00, 1.276, 1.277, 56.1, 39.9,0.278, 1.273, 1.274, 39.8, 22.9,0.283, 1.270, 1.272, 94.6, 73.9,0.275, 1.274, 1.276,0.278, 1.272, 1.273,0.274
11:16:00, 1.265, 1.266, 55.7, 39.5,0.277, 1.262, 1.264, 39.7, 22.8,0.285, 1.260, 1.261, 94.0, 73.3,0.275, 1.264, 1.265,0.275, 1.261, 1.262,0.274
11:20:00, 1.255, 1.256, 55.3, 39.0,0.276, 1.252, 1.254, 39.5, 22.6,0.284, 1.250, 1.251, 93.3, 72.6,0.275, 1.254, 1.255,0.274, 1.251, 1.252,0.274
