%BTS ozone retrieval from direct irradiance
%4 8 2017 Luca Egli (Format: Date/Time, TO3, Crit.) range: 300 -340 nm, with wl-shift
%Using Ozonesonde ozonsonde/ozonesonde_16092111.24Z.csv
%Effective ozone temperature 229.1 K
%Effective ozone height 24.5 km 
%Using ozone x-sections bremen
2016 09 24 08 46 22 259.2  9.4
2016 09 24 08 52 48 269.7 11.0
2016 09 24 08 54 47 273.5  8.4
2016 09 24 08 56 16 263.3  9.1
2016 09 24 08 57 15 260.2  9.9
2016 09 24 08 58 15 281.9 11.0
2016 09 24 08 58 44 277.1  9.1
2016 09 24 08 59 14 263.6  7.4
2016 09 24 08 59 44 274.7 11.0
2016 09 24 09 00 43 273.9  9.5
2016 09 24 09 01 13 261.5  7.6
2016 09 24 09 02 12 261.9  9.3
2016 09 24 09 03 12 263.6  9.3
2016 09 24 09 03 42 271.9  6.8
2016 09 24 09 04 11 261.8  8.8
2016 09 24 09 04 41 270.4  7.4
2016 09 24 09 05 11 271.6  8.3
2016 09 24 09 06 40 271.1  7.3
2016 09 24 09 07 09 276.3  7.6
2016 09 24 09 07 39 271.4  8.1
2016 09 24 09 08 09 278.5  7.4
2016 09 24 09 08 38 265.5 11.4
2016 09 24 09 09 08 271.6  6.6
2016 09 24 09 10 07 270.1  7.5
2016 09 24 09 10 37 270.7  8.5
2016 09 24 09 11 07 272.8 10.9
2016 09 24 09 11 36 268.9  9.1
2016 09 24 09 12 06 270.3  7.1
2016 09 24 09 12 36 271.0  9.0
2016 09 24 09 13 33 268.4  7.2
2016 09 24 09 14 01 275.2  5.6
2016 09 24 09 14 29 272.6  5.6
2016 09 24 09 14 56 274.6  9.9
2016 09 24 09 15 23 263.2  7.1
2016 09 24 09 15 51 268.6  8.4
2016 09 24 09 16 18 274.3  6.9
2016 09 24 09 16 44 276.2  8.4
2016 09 24 09 17 11 271.2  8.2
2016 09 24 09 17 37 280.8  8.5
2016 09 24 09 18 04 276.0  6.7
2016 09 24 09 18 30 266.4  8.8
2016 09 24 09 18 56 275.1  7.0
2016 09 24 09 19 22 264.0  8.7
2016 09 24 09 19 47 271.5  6.7
2016 09 24 09 20 13 270.9  7.2
2016 09 24 09 20 39 268.7  7.6
2016 09 24 09 21 04 269.9  7.6
2016 09 24 09 21 55 274.1  6.0
2016 09 24 09 22 20 272.6  7.3
2016 09 24 09 22 45 284.7  6.9
2016 09 24 09 23 09 274.5  8.3
2016 09 24 09 23 34 281.1  6.7
2016 09 24 09 23 58 272.1  9.1
2016 09 24 09 24 23 281.1  7.7
2016 09 24 09 24 47 288.0  9.3
2016 09 24 09 25 12 279.9 11.2
2016 09 24 09 25 36 292.6 10.8
2016 09 24 09 25 59 268.3  8.3
2016 09 24 09 26 23 279.4  7.4
2016 09 24 09 26 47 273.8  9.5
2016 09 24 09 27 11 276.8  5.4
2016 09 24 09 27 35 278.2  8.6
2016 09 24 09 27 58 277.3  7.7
2016 09 24 09 28 22 275.2  5.5
2016 09 24 09 28 45 273.2  6.5
2016 09 24 09 29 08 276.4  7.5
2016 09 24 09 29 31 267.7  7.5
2016 09 24 09 29 55 275.1  4.6
2016 09 24 09 30 18 273.6  5.7
2016 09 24 09 30 40 276.9  7.7
2016 09 24 09 31 03 277.2  6.2
2016 09 24 09 31 26 275.4  7.6
2016 09 24 09 31 48 276.6  6.0
2016 09 24 09 32 11 268.6  5.8
2016 09 24 09 32 33 278.9  6.7
2016 09 24 09 32 56 272.4  8.5
2016 09 24 09 33 18 273.0  6.6
2016 09 24 09 33 40 273.4  6.4
2016 09 24 09 34 02 273.8  5.1
2016 09 24 09 34 24 279.5  9.3
2016 09 24 09 34 46 273.9  6.3
2016 09 24 09 35 08 272.7  8.0
2016 09 24 09 35 30 274.3  5.6
2016 09 24 09 35 51 276.0  7.4
2016 09 24 09 36 13 278.6  8.4
2016 09 24 09 36 35 270.4  7.5
2016 09 24 09 36 56 277.5  7.0
2016 09 24 09 37 18 281.4 11.2
2016 09 24 09 37 39 279.4 10.3
2016 09 24 09 38 01 273.0  6.3
2016 09 24 09 38 22 268.9  6.7
2016 09 24 09 38 43 278.5  6.2
2016 09 24 09 39 04 271.9  6.3
2016 09 24 09 39 25 272.3  6.0
2016 09 24 09 39 46 274.6  6.4
2016 09 24 09 40 06 270.9  8.3
2016 09 24 09 40 27 277.8  9.4
2016 09 24 09 40 48 274.7  5.8
2016 09 24 09 41 08 276.7  5.4
2016 09 24 09 41 28 272.5  7.2
2016 09 24 09 41 49 273.5  6.9
2016 09 24 09 42 09 280.1  6.0
2016 09 24 09 42 30 272.9  7.2
2016 09 24 09 42 50 275.3  5.6
2016 09 24 09 43 10 277.9  7.6
2016 09 24 09 43 31 275.1  5.5
2016 09 24 09 43 51 277.3  6.9
2016 09 24 09 44 10 276.8  6.4
2016 09 24 09 44 30 278.2  6.9
2016 09 24 09 44 51 268.6  6.5
2016 09 24 09 45 11 280.7  5.7
2016 09 24 09 45 31 273.4  5.5
2016 09 24 09 45 51 277.7  5.2
2016 09 24 09 46 11 274.5  7.8
2016 09 24 09 46 31 275.1  6.1
2016 09 24 09 46 50 273.1  5.8
2016 09 24 09 47 10 275.9  6.2
2016 09 24 09 47 30 277.2  8.9
2016 09 24 09 47 49 279.4  6.5
2016 09 24 09 48 09 276.8  7.3
2016 09 24 09 48 28 282.8  6.8
2016 09 24 09 48 47 273.4  6.6
2016 09 24 09 49 07 269.4  7.4
2016 09 24 09 49 26 272.7  5.9
2016 09 24 09 49 45 272.0  6.0
2016 09 24 09 50 05 272.6  7.2
2016 09 24 09 50 24 275.4  5.7
2016 09 24 09 50 43 273.9  6.7
2016 09 24 09 51 02 277.6  5.9
2016 09 24 09 51 21 280.2  7.3
2016 09 24 09 51 40 277.2  8.9
2016 09 24 09 51 59 272.6  6.5
2016 09 24 09 52 18 270.1  7.4
2016 09 24 09 52 37 278.3  5.4
2016 09 24 09 52 55 273.7  6.5
2016 09 24 09 53 14 276.1  6.6
2016 09 24 09 53 33 274.7  8.1
2016 09 24 09 53 51 282.8  8.7
2016 09 24 09 54 10 271.7  7.2
2016 09 24 09 54 29 272.9  6.1
2016 09 24 09 54 47 274.8  6.8
2016 09 24 09 55 06 271.1  6.9
2016 09 24 09 55 24 273.8  7.6
2016 09 24 09 55 42 272.8  6.6
2016 09 24 09 56 01 275.0  6.7
2016 09 24 09 56 19 281.4  6.2
2016 09 24 09 56 38 275.2  5.8
2016 09 24 09 56 56 275.0  6.0
2016 09 24 09 57 14 282.5  7.0
2016 09 24 09 57 32 276.3  5.6
2016 09 24 09 57 50 280.1  6.2
2016 09 24 09 58 08 274.2  7.2
2016 09 24 09 58 26 273.3  7.1
2016 09 24 09 58 45 280.0  7.3
2016 09 24 09 59 03 276.6  6.5
2016 09 24 09 59 21 272.3  7.6
2016 09 24 09 59 39 273.0  7.7
2016 09 24 09 59 57 275.8  6.3
2016 09 24 10 00 15 277.5  5.6
2016 09 24 10 00 33 278.3  6.5
2016 09 24 10 00 50 278.2  6.4
2016 09 24 10 01 08 273.4  7.5
2016 09 24 10 01 26 278.9  6.3
2016 09 24 10 01 43 277.3  7.6
2016 09 24 10 02 01 280.0  6.2
2016 09 24 10 02 18 275.9  6.9
2016 09 24 10 02 36 277.9  6.6
2016 09 24 10 02 54 279.4  5.8
2016 09 24 10 03 11 282.2  7.8
2016 09 24 10 03 29 275.6  6.7
2016 09 24 10 03 47 276.4  7.0
2016 09 24 10 04 04 276.2  7.9
2016 09 24 10 04 21 276.6  7.4
2016 09 24 10 04 39 280.7  6.7
2016 09 24 10 04 56 281.1  6.4
2016 09 24 10 05 14 277.3  6.0
2016 09 24 10 05 31 274.2  7.1
2016 09 24 10 05 48 277.8  7.3
2016 09 24 10 06 06 276.3  6.7
2016 09 24 10 06 23 278.6  7.7
2016 09 24 10 06 40 279.5  6.3
2016 09 24 10 06 58 281.2  6.7
2016 09 24 10 07 14 273.9  7.0
2016 09 24 10 07 31 274.0  7.4
2016 09 24 10 07 48 278.0  6.3
2016 09 24 10 08 05 277.3  7.0
2016 09 24 10 08 22 276.6  8.1
2016 09 24 10 08 39 271.3  8.0
2016 09 24 10 08 56 277.5  8.6
2016 09 24 10 09 14 276.2  7.0
2016 09 24 10 09 30 274.6  6.1
2016 09 24 10 09 47 273.5  5.6
2016 09 24 10 10 04 275.2  6.0
2016 09 24 10 10 21 276.2  6.4
2016 09 24 10 10 38 274.7  6.1
2016 09 24 10 10 54 273.5  6.4
2016 09 24 10 11 11 272.7  6.6
2016 09 24 10 11 28 280.4  5.6
2016 09 24 10 11 45 276.7  7.0
2016 09 24 10 12 01 278.1  6.3
2016 09 24 10 12 18 278.1  6.9
2016 09 24 10 12 35 274.5  6.6
2016 09 24 10 12 51 274.9  7.2
2016 09 24 10 13 08 277.7  6.9
2016 09 24 10 13 25 275.6  5.3
2016 09 24 10 13 41 280.1  6.3
2016 09 24 10 13 58 283.4  7.0
2016 09 24 10 14 14 275.1  6.3
2016 09 24 10 14 30 281.0  6.3
2016 09 24 10 14 47 277.4  7.5
2016 09 24 10 15 03 273.7  7.1
2016 09 24 10 15 19 278.6  6.2
2016 09 24 10 15 36 279.2  7.4
2016 09 24 10 15 52 278.1  6.7
2016 09 24 10 16 08 279.4  7.3
2016 09 24 10 16 25 279.5  6.5
2016 09 24 10 16 41 275.4  5.6
2016 09 24 10 16 57 274.0  7.2
2016 09 24 10 17 14 280.0  6.8
2016 09 24 10 17 30 273.6  6.8
2016 09 24 10 17 46 274.8  7.6
2016 09 24 10 18 03 277.0  6.1
2016 09 24 10 18 19 277.3  6.2
2016 09 24 10 18 35 275.8  6.9
2016 09 24 10 18 51 278.0  6.1
2016 09 24 10 19 07 279.1  6.4
2016 09 24 10 19 24 277.0  6.3
2016 09 24 10 19 40 276.3  6.9
2016 09 24 10 19 56 277.1  5.5
2016 09 24 10 20 12 275.4  6.2
2016 09 24 10 20 28 283.2  7.6
2016 09 24 10 20 44 277.9  7.7
2016 09 24 10 21 00 276.4  6.1
2016 09 24 10 21 16 276.7  7.7
2016 09 24 10 21 32 279.9  6.7
2016 09 24 10 21 48 277.3  6.1
2016 09 24 10 22 03 279.5  7.7
2016 09 24 10 22 19 277.2  7.4
2016 09 24 10 22 35 274.9  6.2
2016 09 24 10 22 51 276.2  7.9
2016 09 24 10 23 07 277.5  6.7
2016 09 24 10 23 22 275.6  6.6
2016 09 24 10 23 38 277.7  7.5
2016 09 24 10 23 54 277.4  6.7
2016 09 24 10 24 10 272.5  7.7
2016 09 24 10 24 25 278.7  7.3
2016 09 24 10 24 41 279.3  5.6
2016 09 24 10 24 56 276.0  7.8
2016 09 24 10 25 12 279.6  5.7
2016 09 24 10 25 28 275.1  6.4
2016 09 24 10 25 43 276.9  6.8
2016 09 24 10 25 59 276.7  6.5
2016 09 24 10 26 14 281.9  7.2
2016 09 24 10 26 30 275.9  6.8
2016 09 24 10 26 45 279.6  7.0
2016 09 24 10 27 01 279.6  6.7
2016 09 24 10 27 16 278.0  7.0
2016 09 24 10 27 32 278.6  7.5
2016 09 24 10 27 47 276.6  7.0
2016 09 24 10 28 03 273.6  7.6
2016 09 24 10 28 19 278.7  6.3
2016 09 24 10 28 34 277.3  7.3
2016 09 24 10 28 49 275.7  7.2
2016 09 24 10 29 05 276.8  6.4
2016 09 24 10 29 20 274.7  6.8
2016 09 24 10 29 35 277.0  6.1
2016 09 24 10 29 51 279.2  6.3
2016 09 24 10 30 06 278.2  6.3
2016 09 24 10 30 21 276.6  6.2
2016 09 24 10 30 37 278.0  6.3
2016 09 24 10 30 52 278.3  6.8
2016 09 24 10 31 07 276.8  6.6
2016 09 24 10 31 22 277.9  6.1
2016 09 24 10 31 37 280.0  7.6
2016 09 24 10 31 52 275.8  6.5
2016 09 24 10 32 08 281.2  7.0
2016 09 24 10 32 23 278.1  7.4
2016 09 24 10 32 38 275.2  7.0
2016 09 24 10 32 53 276.2  7.0
2016 09 24 10 33 08 277.8  7.3
2016 09 24 10 33 23 275.0  7.0
2016 09 24 10 33 38 278.3  7.7
2016 09 24 10 33 53 274.8  7.0
2016 09 24 10 34 08 275.9  7.3
2016 09 24 10 34 23 275.9  6.7
2016 09 24 10 34 38 277.3  6.8
2016 09 24 10 34 53 279.2  6.3
2016 09 24 10 35 08 276.2  7.1
2016 09 24 10 35 23 277.1  7.3
2016 09 24 10 35 38 275.1  7.0
2016 09 24 10 35 53 277.2  7.2
2016 09 24 10 36 08 274.8  6.0
2016 09 24 10 36 23 278.4  7.8
2016 09 24 10 36 38 274.1  6.6
2016 09 24 10 36 53 274.8  6.9
2016 09 24 10 37 08 278.0  6.4
2016 09 24 10 37 22 277.5  7.6
2016 09 24 10 37 37 276.6  7.1
2016 09 24 10 37 52 276.7  6.6
2016 09 24 10 38 07 276.5  6.0
2016 09 24 10 38 22 279.2  6.5
2016 09 24 10 38 37 277.0  6.6
2016 09 24 10 38 52 279.5  7.6
2016 09 24 10 39 06 275.8  6.5
2016 09 24 10 39 21 279.6  8.2
2016 09 24 10 39 36 276.3  6.2
2016 09 24 10 39 50 279.0  6.9
2016 09 24 10 40 05 275.9  7.1
2016 09 24 10 40 20 277.8  6.9
2016 09 24 10 40 34 281.4  6.5
2016 09 24 10 40 49 274.8  6.7
2016 09 24 10 41 04 274.5  7.1
2016 09 24 10 41 18 279.5  7.5
2016 09 24 10 41 33 277.2  7.3
2016 09 24 10 41 48 277.3  7.2
2016 09 24 10 42 02 278.0  8.0
2016 09 24 10 42 17 276.4  6.5
2016 09 24 10 42 31 278.8  7.9
2016 09 24 10 42 46 279.5  7.5
2016 09 24 10 43 00 277.1  8.0
2016 09 24 10 43 15 277.6  6.3
2016 09 24 10 43 29 278.1  7.7
2016 09 24 10 43 44 277.4  6.6
2016 09 24 10 43 58 279.0  7.5
2016 09 24 10 44 13 280.3  6.3
2016 09 24 10 44 27 280.2  6.9
2016 09 24 10 44 42 276.8  7.0
2016 09 24 10 44 56 277.5  6.3
2016 09 24 10 45 11 276.5  7.5
2016 09 24 10 45 25 276.5  7.0
2016 09 24 10 45 39 277.9  6.4
2016 09 24 10 45 54 274.3  7.0
2016 09 24 10 46 08 277.4  7.8
2016 09 24 10 46 23 278.8  7.2
2016 09 24 10 46 37 277.3  6.9
2016 09 24 10 46 51 276.9  7.1
2016 09 24 10 47 06 276.2  7.0
2016 09 24 10 47 20 274.8  8.2
2016 09 24 10 47 34 274.4  6.8
2016 09 24 10 47 49 278.3  7.6
2016 09 24 10 48 03 278.6  6.6
2016 09 24 10 48 17 277.1  6.9
2016 09 24 10 48 31 277.1  6.7
2016 09 24 10 48 46 279.7  7.0
2016 09 24 10 49 00 277.9  7.3
2016 09 24 10 49 14 277.0  7.2
2016 09 24 10 49 28 277.0  7.3
2016 09 24 10 49 43 278.2  6.2
2016 09 24 10 49 57 277.1  7.3
2016 09 24 10 50 11 279.9  6.7
2016 09 24 10 50 25 277.5  7.0
2016 09 24 10 50 39 274.5  7.5
2016 09 24 10 50 53 277.0  7.6
2016 09 24 10 51 07 277.4  6.7
2016 09 24 10 51 22 278.1  7.9
2016 09 24 10 51 36 279.3  7.2
2016 09 24 10 51 50 278.1  7.5
2016 09 24 10 52 04 278.5  7.5
2016 09 24 10 52 18 278.0  6.8
2016 09 24 10 52 32 279.3  6.9
2016 09 24 10 52 46 278.3  7.0
2016 09 24 10 53 00 278.4  9.2
2016 09 24 10 53 14 281.1  6.8
2016 09 24 10 53 28 280.3  6.8
2016 09 24 10 53 43 279.8  7.1
2016 09 24 10 53 57 279.1  6.8
2016 09 24 10 54 11 276.6  7.6
2016 09 24 10 54 25 278.5  7.1
2016 09 24 10 54 39 275.4  7.9
2016 09 24 10 54 53 276.9  6.9
2016 09 24 10 55 07 278.4  7.3
2016 09 24 10 55 21 275.2  7.8
2016 09 24 10 55 35 281.2  7.0
2016 09 24 10 55 48 281.7  7.0
2016 09 24 10 56 02 281.4  6.4
2016 09 24 10 56 16 279.1  7.2
2016 09 24 10 56 30 275.9  6.4
2016 09 24 10 56 44 279.5  8.1
2016 09 24 10 56 58 276.2  7.7
2016 09 24 10 57 12 275.4  7.3
2016 09 24 10 57 26 280.1  8.2
2016 09 24 10 57 39 278.1  6.5
2016 09 24 10 57 53 278.9  7.3
2016 09 24 10 58 07 277.7  7.7
2016 09 24 10 58 21 278.2  7.7
2016 09 24 10 58 35 276.9  7.6
2016 09 24 10 58 49 277.3  7.1
2016 09 24 10 59 03 281.1  6.6
2016 09 24 10 59 16 278.9  8.3
2016 09 24 10 59 30 279.2  7.0
2016 09 24 10 59 44 278.1  6.7
2016 09 24 10 59 58 277.0  6.8
2016 09 24 11 00 12 277.6  7.6
2016 09 24 11 00 26 275.5  7.1
2016 09 24 11 00 39 278.8  6.7
2016 09 24 11 00 53 281.3  7.6
2016 09 24 11 01 07 279.2  7.9
2016 09 24 11 01 21 280.0  8.7
2016 09 24 11 01 34 275.4  8.0
2016 09 24 11 01 48 277.2  7.8
2016 09 24 11 02 02 277.2  7.1
2016 09 24 11 02 15 276.0  8.0
2016 09 24 11 02 29 275.9  6.9
2016 09 24 11 02 42 280.5  8.0
2016 09 24 11 02 56 279.3  7.2
2016 09 24 11 03 10 276.7  7.3
2016 09 24 11 03 24 277.6  7.3
2016 09 24 11 03 37 277.5  7.0
2016 09 24 11 03 51 279.5  6.7
2016 09 24 11 04 04 280.2  6.8
2016 09 24 11 04 18 279.5  7.5
2016 09 24 11 04 32 278.2  7.1
2016 09 24 11 04 45 276.6  7.7
2016 09 24 11 04 59 279.0  7.1
2016 09 24 11 05 13 278.3  7.2
2016 09 24 11 05 26 280.6  7.3
2016 09 24 11 05 40 276.8  8.3
2016 09 24 11 05 54 278.5  7.3
2016 09 24 11 06 07 277.7  7.3
2016 09 24 11 06 21 276.5  9.1
2016 09 24 11 06 34 277.9  6.5
2016 09 24 11 06 48 278.7  6.7
2016 09 24 11 07 01 279.0  7.3
2016 09 24 11 07 15 277.7  7.2
2016 09 24 11 07 29 277.8  6.9
2016 09 24 11 07 42 277.8  7.6
2016 09 24 11 07 56 278.2  7.5
2016 09 24 11 08 09 281.2  7.7
2016 09 24 11 08 23 279.8  7.2
2016 09 24 11 08 36 279.5  7.1
2016 09 24 11 08 50 277.7  7.8
2016 09 24 11 09 04 278.3  7.0
2016 09 24 11 09 18 279.1  6.4
2016 09 24 11 09 32 279.2  7.5
2016 09 24 11 09 45 279.3  7.5
2016 09 24 11 09 59 278.9  7.2
2016 09 24 11 10 12 277.0  6.6
2016 09 24 11 10 26 277.1  7.0
2016 09 24 11 10 39 277.7  7.3
2016 09 24 11 10 52 279.8  7.0
2016 09 24 11 11 06 278.5  6.9
2016 09 24 11 11 19 278.5  7.1
2016 09 24 11 11 33 276.7  6.3
2016 09 24 11 11 46 279.1  6.2
2016 09 24 11 11 59 277.5  9.0
2016 09 24 11 12 13 279.4  6.9
2016 09 24 11 12 26 280.4  7.3
2016 09 24 11 12 39 279.2  7.6
2016 09 24 11 12 53 279.3  7.8
2016 09 24 11 13 06 276.7  7.2
2016 09 24 11 13 20 277.5  7.9
2016 09 24 11 13 33 273.7  7.6
2016 09 24 11 13 47 277.3  8.0
2016 09 24 11 13 60 274.8  7.9
2016 09 24 11 14 13 279.0  7.8
2016 09 24 11 14 26 278.3  7.9
2016 09 24 11 14 39 277.2  7.2
2016 09 24 11 14 53 276.7  7.2
2016 09 24 11 15 06 278.7  7.6
2016 09 24 11 15 19 278.4  8.1
2016 09 24 11 15 33 279.6  8.3
2016 09 24 11 15 46 280.4  7.3
2016 09 24 11 15 59 278.4  7.7
2016 09 24 11 16 12 281.6  7.0
2016 09 24 11 16 26 281.2  8.4
2016 09 24 11 16 39 279.9  7.7
2016 09 24 11 16 52 279.1  7.3
2016 09 24 11 17 05 277.9  7.3
2016 09 24 11 17 19 281.7  7.1
2016 09 24 11 17 32 280.1  8.1
2016 09 24 11 17 45 278.5  7.5
2016 09 24 11 17 58 277.0  7.8
2016 09 24 11 18 12 278.2  6.9
2016 09 24 11 18 25 277.1  7.8
2016 09 24 11 18 38 278.1  7.8
2016 09 24 11 18 52 277.8  8.1
2016 09 24 11 19 05 277.8  8.5
2016 09 24 11 19 18 278.8  7.7
2016 09 24 11 19 31 278.3  7.5
2016 09 24 11 19 44 278.1  8.1
2016 09 24 11 19 57 278.5  7.5
2016 09 24 11 20 11 281.1  7.3
2016 09 24 11 20 24 279.1  6.9
2016 09 24 11 20 38 280.0  8.1
2016 09 24 11 20 51 278.6  7.6
2016 09 24 11 21 04 278.5  6.7
2016 09 24 11 21 17 276.6  7.5
2016 09 24 11 21 30 278.5  7.2
2016 09 24 11 21 44 280.6  8.1
2016 09 24 11 21 57 276.6  8.3
2016 09 24 11 22 11 278.5  8.3
2016 09 24 11 22 24 277.3  7.4
2016 09 24 11 22 37 280.9  7.5
2016 09 24 11 22 50 279.9  7.9
2016 09 24 11 23 03 278.1  8.7
2016 09 24 11 23 16 279.0  8.1
2016 09 24 11 23 29 282.1  7.3
2016 09 24 11 23 42 280.4  8.1
2016 09 24 11 23 55 282.5  7.5
2016 09 24 11 24 08 278.5  7.0
2016 09 24 11 24 21 277.9  7.9
2016 09 24 11 24 34 279.2  7.2
2016 09 24 11 24 48 278.2  8.3
2016 09 24 11 25 01 275.8  8.1
2016 09 24 11 25 15 280.5  8.1
2016 09 24 11 25 28 277.5  6.6
2016 09 24 11 25 41 280.7  8.3
2016 09 24 11 25 54 280.4  7.2
2016 09 24 11 26 07 276.8  8.1
2016 09 24 11 26 20 278.6  8.2
2016 09 24 11 26 33 279.2  7.4
2016 09 24 11 26 46 280.9  7.9
2016 09 24 11 26 59 278.7  7.8
2016 09 24 11 27 12 278.0  7.3
2016 09 24 11 27 25 277.5  7.0
2016 09 24 11 27 38 278.4  8.0
2016 09 24 11 27 51 277.6  7.7
2016 09 24 11 28 03 281.3  8.2
2016 09 24 11 28 16 279.1  7.5
2016 09 24 11 28 29 278.9  7.7
2016 09 24 11 28 42 278.8  7.7
2016 09 24 11 28 55 278.8  7.3
2016 09 24 11 29 08 276.9  8.0
2016 09 24 11 29 21 275.6  7.4
2016 09 24 11 29 34 279.7  8.6
2016 09 24 11 29 47 274.9  7.4
2016 09 24 11 29 60 279.5  8.4
2016 09 24 11 30 13 279.5  8.0
2016 09 24 11 30 26 281.6  7.6
2016 09 24 11 30 39 277.5  8.2
2016 09 24 11 30 52 279.7  8.0
2016 09 24 11 31 05 278.0  7.7
2016 09 24 11 31 18 277.1  7.7
2016 09 24 11 31 31 280.6  7.5
2016 09 24 11 31 44 278.0  7.8
2016 09 24 11 31 58 277.7  8.7
2016 09 24 11 32 10 276.9  7.7
2016 09 24 11 32 23 281.3  7.8
2016 09 24 11 32 36 280.4  7.9
2016 09 24 11 32 49 278.3  7.3
2016 09 24 11 33 02 276.9  8.2
2016 09 24 11 33 15 281.7  7.7
2016 09 24 11 33 28 277.0  7.1
2016 09 24 11 33 41 280.1  7.5
2016 09 24 11 33 54 277.6  8.3
2016 09 24 11 34 06 279.5  7.1
2016 09 24 11 34 19 277.7  8.4
2016 09 24 11 34 32 276.7  7.7
2016 09 24 11 34 45 281.1  8.0
2016 09 24 11 34 58 283.1  6.6
2016 09 24 11 35 10 280.2  7.9
2016 09 24 11 35 23 279.3  7.5
2016 09 24 11 35 36 278.4  7.5
2016 09 24 11 35 48 277.4  8.4
2016 09 24 11 36 01 280.9  7.6
2016 09 24 11 36 14 278.5  7.9
2016 09 24 11 36 26 280.1  6.8
2016 09 24 11 36 39 276.6  7.8
2016 09 24 11 36 52 279.3  7.8
2016 09 24 11 37 05 278.3  7.6
2016 09 24 11 37 17 281.4  7.4
2016 09 24 11 37 30 278.9  7.1
2016 09 24 11 37 43 279.1  7.1
2016 09 24 11 37 56 278.5  7.5
2016 09 24 11 38 08 280.2  7.9
2016 09 24 11 38 21 280.8  7.2
2016 09 24 11 38 34 279.6  8.8
2016 09 24 11 38 46 280.1  8.9
2016 09 24 11 38 59 277.6  7.1
2016 09 24 11 39 12 276.5  7.9
2016 09 24 11 39 25 280.8  8.0
2016 09 24 11 39 38 277.3  7.3
2016 09 24 11 39 50 279.4  7.9
2016 09 24 11 40 03 278.2  7.6
2016 09 24 11 40 16 277.8  8.0
2016 09 24 11 40 28 279.2  8.0
2016 09 24 11 40 41 276.3  9.5
2016 09 24 11 40 54 280.9  7.6
2016 09 24 11 41 06 280.2  7.1
2016 09 24 11 41 19 277.6  8.0
2016 09 24 11 41 32 279.9  8.2
2016 09 24 11 41 44 277.2  8.8
2016 09 24 11 41 57 279.5  7.8
2016 09 24 11 42 10 280.3  8.0
2016 09 24 11 42 23 277.7  7.1
2016 09 24 11 42 36 279.3  7.4
2016 09 24 11 42 48 280.6  7.6
2016 09 24 11 43 01 279.7  8.3
2016 09 24 11 43 13 279.9  7.6
2016 09 24 11 43 26 280.9  7.9
2016 09 24 11 43 38 281.7  7.1
2016 09 24 11 43 51 277.9  8.3
2016 09 24 11 44 03 280.9  8.1
2016 09 24 11 44 16 278.9  8.4
2016 09 24 11 44 28 278.9  7.5
2016 09 24 11 44 41 280.6  7.4
2016 09 24 11 44 53 279.7  8.0
2016 09 24 11 45 06 275.4  7.9
2016 09 24 11 45 19 278.8  7.8
2016 09 24 11 45 31 280.6  7.8
2016 09 24 11 45 44 279.0  8.0
2016 09 24 11 45 56 279.1  7.3
2016 09 24 11 46 09 280.5  7.9
2016 09 24 11 46 21 278.6  9.6
2016 09 24 11 46 33 277.0  7.8
2016 09 24 11 46 46 280.2  8.1
2016 09 24 11 46 58 280.4  9.0
2016 09 24 11 47 11 278.5  8.3
2016 09 24 11 47 23 279.3  7.7
2016 09 24 11 47 36 280.8  7.5
2016 09 24 11 47 48 281.9  7.6
2016 09 24 11 48 01 280.3  8.2
2016 09 24 11 48 13 280.1  7.1
2016 09 24 11 48 26 278.0  7.4
2016 09 24 11 48 39 280.9  7.8
2016 09 24 11 48 51 279.1  7.7
2016 09 24 11 49 04 280.7  7.8
2016 09 24 11 49 16 278.6  8.2
2016 09 24 11 49 28 281.0  7.6
2016 09 24 11 49 41 277.0  7.8
2016 09 24 11 49 53 280.3  6.9
2016 09 24 11 50 06 276.4  8.3
2016 09 24 11 50 18 280.0  8.2
2016 09 24 11 50 31 278.5  7.5
2016 09 24 11 50 43 279.0  8.5
2016 09 24 11 50 56 278.4  8.2
2016 09 24 11 51 08 279.8  7.3
2016 09 24 11 51 21 279.5  8.9
2016 09 24 11 51 33 280.1  8.5
2016 09 24 11 51 46 277.5  8.8
2016 09 24 11 51 58 278.5  8.4
2016 09 24 11 52 10 280.6  7.9
2016 09 24 11 52 23 278.5  7.5
2016 09 24 11 52 35 278.5  7.7
2016 09 24 11 52 48 276.6  7.5
2016 09 24 11 53 00 278.4  7.6
2016 09 24 11 53 12 280.0  7.5
2016 09 24 11 53 25 279.1  8.8
2016 09 24 11 53 37 277.3  8.0
2016 09 24 11 53 50 277.8  7.5
2016 09 24 11 54 02 278.8  7.4
2016 09 24 11 54 14 279.0  9.0
2016 09 24 11 54 27 279.4  7.9
2016 09 24 11 54 39 279.0  7.7
2016 09 24 11 54 51 280.6  7.4
2016 09 24 11 55 04 277.8  7.6
2016 09 24 11 55 16 281.0  8.4
2016 09 24 11 55 29 277.6  8.0
2016 09 24 11 55 41 279.3  8.0
2016 09 24 11 55 53 281.7  7.7
2016 09 24 11 56 06 279.3  8.0
2016 09 24 11 56 18 278.0  7.7
2016 09 24 11 56 30 278.4  7.6
2016 09 24 11 56 43 281.8  8.4
2016 09 24 11 56 55 280.0  7.6
2016 09 24 11 57 07 278.8  8.6
2016 09 24 11 57 20 280.7  7.3
2016 09 24 11 57 32 277.9  7.7
2016 09 24 11 57 44 280.0  7.3
2016 09 24 11 57 57 278.3  7.5
2016 09 24 11 58 10 280.1  8.1
2016 09 24 11 58 23 277.5  8.5
2016 09 24 11 58 35 279.0  7.9
2016 09 24 11 58 47 282.8  8.6
2016 09 24 11 58 59 280.3  7.6
2016 09 24 11 59 12 277.5  7.6
2016 09 24 11 59 24 281.8  7.3
2016 09 24 11 59 36 278.4  8.4
2016 09 24 11 59 49 280.6  7.5
2016 09 24 12 00 01 279.3  7.9
2016 09 24 12 00 13 280.7  8.1
2016 09 24 12 00 26 277.5  7.9
2016 09 24 12 00 38 276.7  8.3
2016 09 24 12 00 50 277.9  8.3
2016 09 24 12 01 03 282.1  7.6
2016 09 24 12 01 15 280.9  8.1
2016 09 24 12 01 27 277.8  8.4
2016 09 24 12 01 40 281.0  8.4
2016 09 24 12 01 52 277.6  8.1
2016 09 24 12 02 04 277.9  7.1
2016 09 24 12 02 16 277.5  8.2
2016 09 24 12 02 29 279.8  8.4
2016 09 24 12 02 41 279.9  7.7
2016 09 24 12 02 53 277.3  7.6
2016 09 24 12 03 05 280.3  7.4
2016 09 24 12 03 18 282.2  9.1
2016 09 24 12 03 30 279.1  8.6
2016 09 24 12 03 42 278.8  7.9
2016 09 24 12 03 55 280.2  7.5
2016 09 24 12 04 07 278.5  7.7
2016 09 24 12 04 19 279.4  8.0
2016 09 24 12 04 32 277.7  8.7
2016 09 24 12 04 44 278.2  7.8
2016 09 24 12 04 56 279.9  7.6
2016 09 24 12 05 09 281.4  7.8
2016 09 24 12 05 21 280.9  8.2
2016 09 24 12 05 33 279.4  7.5
2016 09 24 12 05 46 278.1  8.0
2016 09 24 12 05 58 282.2  7.6
2016 09 24 12 06 11 278.3  8.5
2016 09 24 12 06 23 278.9  8.2
2016 09 24 12 06 35 279.0  8.1
2016 09 24 12 06 48 277.1  8.9
2016 09 24 12 07 00 280.0  8.2
2016 09 24 12 07 13 278.7  7.9
2016 09 24 12 07 25 279.5  8.0
2016 09 24 12 07 37 279.7  8.4
2016 09 24 12 07 50 278.8  8.7
2016 09 24 12 08 02 279.1  8.4
2016 09 24 12 08 15 279.3  7.8
2016 09 24 12 08 27 277.9  7.8
2016 09 24 12 08 39 281.6  7.7
2016 09 24 12 08 52 278.5  8.1
2016 09 24 12 09 04 276.2  8.5
2016 09 24 12 09 16 277.9  8.1
2016 09 24 12 09 28 278.6  8.5
2016 09 24 12 09 40 278.0  8.5
2016 09 24 12 09 53 277.9  8.5
2016 09 24 12 10 05 280.0  7.5
2016 09 24 12 10 17 278.3  8.0
2016 09 24 12 10 29 279.3  7.5
2016 09 24 12 10 41 280.7  9.3
2016 09 24 12 10 54 277.6  8.0
2016 09 24 12 11 07 279.7  7.6
2016 09 24 12 11 19 282.7  8.1
2016 09 24 12 11 31 280.2  7.2
2016 09 24 12 11 44 281.2  7.8
2016 09 24 12 11 56 281.8  8.2
2016 09 24 12 12 08 280.0  8.2
2016 09 24 12 12 20 277.6  8.4
2016 09 24 12 12 32 281.6  9.2
2016 09 24 12 12 44 277.9  7.8
2016 09 24 12 12 57 278.5  8.1
2016 09 24 12 13 09 278.7  8.4
2016 09 24 12 13 21 277.6  8.5
2016 09 24 12 13 33 281.3  8.3
2016 09 24 12 13 45 277.8  7.7
2016 09 24 12 13 57 278.4  8.0
2016 09 24 12 14 10 278.0  8.5
2016 09 24 12 14 22 279.8  7.9
2016 09 24 12 14 34 280.0  7.9
2016 09 24 12 14 46 277.7  7.7
2016 09 24 12 14 59 280.8  8.6
2016 09 24 12 15 11 279.4  8.7
2016 09 24 12 15 23 277.9  7.6
2016 09 24 12 15 35 279.4  7.3
2016 09 24 12 15 47 282.5  7.5
2016 09 24 12 15 59 278.4  7.6
2016 09 24 12 16 11 278.9  7.6
2016 09 24 12 16 24 278.6  9.3
2016 09 24 12 16 36 278.4  8.8
2016 09 24 12 16 48 279.0  8.0
2016 09 24 12 17 01 277.7  8.0
2016 09 24 12 17 13 281.8  7.6
2016 09 24 12 17 25 280.5  8.9
2016 09 24 12 17 37 280.4  8.7
2016 09 24 12 17 49 278.8  8.1
2016 09 24 12 18 01 280.2  8.5
2016 09 24 12 18 14 280.4  8.2
2016 09 24 12 18 26 279.5  7.6
2016 09 24 12 18 38 279.5  8.1
2016 09 24 12 18 51 279.1  8.1
2016 09 24 12 19 03 278.3  8.9
2016 09 24 12 19 15 279.0  7.5
2016 09 24 12 19 27 280.1  8.5
2016 09 24 12 19 39 278.4  7.6
2016 09 24 12 19 51 279.3  7.9
2016 09 24 12 20 03 280.6  8.5
2016 09 24 12 20 15 277.1  8.1
2016 09 24 12 20 27 278.2  8.6
2016 09 24 12 20 39 282.1  9.1
2016 09 24 12 20 52 279.2  8.1
2016 09 24 12 21 04 283.0  8.7
2016 09 24 12 21 16 276.8  7.8
2016 09 24 12 21 28 279.9  8.6
2016 09 24 12 21 41 278.9  7.2
2016 09 24 12 21 53 283.4  8.4
2016 09 24 12 22 05 279.3  8.4
2016 09 24 12 22 17 279.3  7.9
2016 09 24 12 22 29 279.9  8.3
2016 09 24 12 22 42 279.6  8.2
2016 09 24 12 22 54 279.0  8.1
2016 09 24 12 23 06 278.6  7.6
2016 09 24 12 23 18 280.3  8.3
2016 09 24 12 23 31 277.6  7.5
2016 09 24 12 23 44 280.4  8.8
2016 09 24 12 23 56 278.5  8.1
2016 09 24 12 24 09 278.6  8.4
2016 09 24 12 24 21 279.6  7.5
2016 09 24 12 24 33 278.8  8.3
2016 09 24 12 24 46 280.7  8.1
2016 09 24 12 24 58 278.8  8.3
2016 09 24 12 25 10 279.2  8.4
2016 09 24 12 25 22 278.5  7.6
2016 09 24 12 25 35 282.7  9.2
2016 09 24 12 25 47 280.1  8.2
2016 09 24 12 25 59 279.3  7.5
2016 09 24 12 26 11 278.1  7.7
2016 09 24 12 26 24 280.3  8.6
2016 09 24 12 26 36 278.2  8.4
2016 09 24 12 26 48 280.7  7.9
2016 09 24 12 27 01 278.3  8.5
2016 09 24 12 27 13 278.7  8.2
2016 09 24 12 27 25 280.2  7.8
2016 09 24 12 27 37 279.3  8.2
2016 09 24 12 27 49 279.9  8.1
2016 09 24 12 28 01 279.5  8.3
2016 09 24 12 28 14 282.9  7.8
2016 09 24 12 28 26 282.3  8.5
2016 09 24 12 28 38 280.8  8.5
2016 09 24 12 28 50 279.3  7.8
2016 09 24 12 29 02 280.8  8.8
2016 09 24 12 29 14 279.5  8.1
2016 09 24 12 29 27 280.6  8.4
2016 09 24 12 29 39 279.4  8.2
2016 09 24 12 29 51 281.6  7.9
2016 09 24 12 30 03 277.5  7.6
2016 09 24 12 30 15 278.5  7.8
2016 09 24 12 30 28 281.0  8.2
2016 09 24 12 30 40 278.1  7.5
2016 09 24 12 30 52 281.2  8.7
2016 09 24 12 31 04 279.4  8.3
2016 09 24 12 31 16 281.1  8.2
2016 09 24 12 31 28 280.5  9.4
2016 09 24 12 31 40 279.9  8.4
2016 09 24 12 31 52 279.2  8.3
2016 09 24 12 32 04 281.0  8.2
2016 09 24 12 32 16 279.1  9.3
2016 09 24 12 32 29 278.9  8.2
2016 09 24 12 32 41 280.0  7.9
2016 09 24 12 32 53 280.0  8.4
2016 09 24 12 33 05 277.2  8.4
2016 09 24 12 33 17 279.1  8.7
2016 09 24 12 33 29 282.1  9.2
2016 09 24 12 33 41 281.4  7.6
2016 09 24 12 33 54 278.2  8.8
2016 09 24 12 34 06 278.3  7.7
2016 09 24 12 34 19 281.1  7.8
2016 09 24 12 34 32 279.2  8.3
2016 09 24 12 34 44 277.9  7.8
2016 09 24 12 34 56 277.8  8.5
2016 09 24 12 35 08 279.7  7.8
2016 09 24 12 35 20 279.1  7.3
2016 09 24 12 35 32 279.5  8.1
2016 09 24 12 35 44 279.5  7.5
2016 09 24 12 35 56 281.3  7.7
2016 09 24 12 36 08 280.0  8.6
2016 09 24 12 36 20 281.0  8.4
2016 09 24 12 36 33 279.9  9.4
2016 09 24 12 36 45 280.7  8.5
2016 09 24 12 36 57 278.6  8.3
2016 09 24 12 37 09 280.9  8.8
2016 09 24 12 37 21 280.6  7.9
2016 09 24 12 37 33 279.2  8.3
2016 09 24 12 37 45 280.8  8.3
2016 09 24 12 37 57 277.2  8.6
2016 09 24 12 38 09 277.8  7.9
2016 09 24 12 38 21 281.9  9.0
2016 09 24 12 38 33 279.8  7.4
2016 09 24 12 38 45 281.7  8.7
2016 09 24 12 38 58 279.1  9.7
2016 09 24 12 39 10 277.3  7.6
2016 09 24 12 39 22 280.2  8.0
2016 09 24 12 39 34 281.7  8.0
2016 09 24 12 39 46 280.4  8.3
2016 09 24 12 39 58 276.8  7.8
2016 09 24 12 40 10 279.2  8.2
2016 09 24 12 40 22 280.1  7.6
2016 09 24 12 40 34 278.9  7.9
2016 09 24 12 40 46 280.5  8.3
2016 09 24 12 40 58 279.8  7.9
2016 09 24 12 41 10 279.6  8.2
2016 09 24 12 41 23 280.1  8.1
2016 09 24 12 41 35 280.6  8.1
2016 09 24 12 41 46 279.0  8.1
2016 09 24 12 41 59 278.8  8.2
2016 09 24 12 42 11 281.3  8.5
2016 09 24 12 42 23 278.5  8.0
2016 09 24 12 42 35 279.6  7.7
2016 09 24 12 42 47 278.8  7.1
2016 09 24 12 42 60 281.1  8.5
2016 09 24 12 43 12 283.4  8.3
2016 09 24 12 43 24 279.6  8.0
2016 09 24 12 43 36 281.7  8.9
2016 09 24 12 43 48 280.7  8.6
2016 09 24 12 44 00 282.3  8.0
2016 09 24 12 44 12 281.5  8.7
2016 09 24 12 44 24 281.0  8.4
2016 09 24 12 44 36 280.0  8.0
2016 09 24 12 44 48 278.5  8.8
2016 09 24 12 45 00 280.3  8.3
2016 09 24 12 45 12 277.8  7.8
2016 09 24 12 45 24 278.1  7.7
2016 09 24 12 45 36 279.3  7.6
2016 09 24 12 45 48 278.7  9.0
2016 09 24 12 46 01 277.1  8.8
2016 09 24 12 46 13 277.6  8.3
2016 09 24 12 46 25 279.8  8.6
2016 09 24 12 46 37 278.0  7.9
2016 09 24 12 46 49 280.0  8.6
2016 09 24 12 47 01 279.2  8.2
2016 09 24 12 47 13 280.8  8.1
2016 09 24 12 47 25 280.6  9.3
2016 09 24 12 47 37 281.5  8.3
2016 09 24 12 47 49 278.7  9.5
2016 09 24 12 48 01 281.6  8.1
2016 09 24 12 48 13 279.6  8.6
2016 09 24 12 48 25 280.1  7.4
2016 09 24 12 48 37 280.3  7.9
2016 09 24 12 48 49 282.4  8.6
2016 09 24 12 49 01 281.4  8.9
2016 09 24 12 49 13 279.0  8.0
2016 09 24 12 49 25 280.0  8.0
2016 09 24 12 49 37 278.9  8.9
2016 09 24 12 49 49 280.3  8.3
2016 09 24 12 50 01 281.1  8.2
2016 09 24 12 50 13 279.4  8.5
2016 09 24 12 50 25 278.6  8.7
2016 09 24 12 50 37 279.8  7.6
2016 09 24 12 50 49 276.9  8.3
2016 09 24 12 51 01 279.2  8.1
2016 09 24 12 51 13 279.6  9.1
2016 09 24 12 51 25 277.3  8.3
2016 09 24 12 51 37 281.3  7.7
2016 09 24 12 51 50 278.1  7.7
2016 09 24 12 52 02 280.2  8.5
2016 09 24 12 52 14 280.1  8.1
2016 09 24 12 52 26 278.5  7.6
2016 09 24 12 52 38 279.7  7.7
2016 09 24 12 52 51 279.7  7.9
2016 09 24 12 53 03 280.7  8.6
2016 09 24 12 53 15 279.9  8.3
2016 09 24 12 53 27 279.5  8.0
2016 09 24 12 53 39 282.0  8.5
2016 09 24 12 53 51 278.3  7.7
2016 09 24 12 54 03 278.3  7.0
2016 09 24 12 54 15 279.7  8.3
2016 09 24 12 54 27 277.8  8.2
2016 09 24 12 54 39 279.4  8.1
2016 09 24 12 54 51 279.9  8.7
2016 09 24 12 55 03 279.3  8.3
2016 09 24 12 55 15 278.2  8.4
2016 09 24 12 55 27 279.4  8.4
2016 09 24 12 55 39 279.5  7.2
2016 09 24 12 55 51 278.9  8.3
2016 09 24 12 56 03 280.3  8.4
2016 09 24 12 56 15 280.7  9.2
2016 09 24 12 56 27 278.0  8.1
2016 09 24 12 56 39 277.2  8.7
2016 09 24 12 56 51 277.0  8.4
2016 09 24 12 57 03 279.3  9.1
2016 09 24 12 57 15 278.5  8.1
2016 09 24 12 57 27 277.8  7.5
2016 09 24 12 57 40 279.9  8.9
2016 09 24 12 57 52 279.0  8.4
2016 09 24 12 58 04 279.5  8.3
2016 09 24 12 58 16 280.8  8.9
2016 09 24 12 58 28 280.7  7.8
2016 09 24 12 58 40 279.2  8.3
2016 09 24 12 58 52 276.8  8.8
2016 09 24 12 59 04 279.1  8.8
2016 09 24 12 59 16 277.6  7.9
2016 09 24 12 59 28 278.9  8.2
2016 09 24 12 59 40 280.9  8.2
2016 09 24 12 59 52 279.8  7.5
2016 09 24 13 00 04 280.5  8.5
2016 09 24 13 00 16 281.0  8.8
2016 09 24 13 00 28 279.3  8.5
2016 09 24 13 00 40 281.3  9.0
2016 09 24 13 00 52 277.8  7.8
2016 09 24 13 01 04 280.0  8.0
2016 09 24 13 01 16 280.7  7.0
2016 09 24 13 01 28 279.1  7.7
2016 09 24 13 01 40 278.8  7.9
2016 09 24 13 01 52 277.3  8.8
2016 09 24 13 02 04 279.2  8.1
2016 09 24 13 02 16 277.9  7.6
2016 09 24 13 02 28 276.7  8.6
2016 09 24 13 02 40 276.5  8.1
2016 09 24 13 02 52 278.8  7.8
2016 09 24 13 03 04 276.9  8.7
2016 09 24 13 03 16 280.9  8.0
2016 09 24 13 03 28 280.9  8.6
2016 09 24 13 03 40 281.2  7.3
2016 09 24 13 03 52 279.3  8.6
2016 09 24 13 04 04 278.7  7.9
2016 09 24 13 04 16 279.1  8.2
2016 09 24 13 04 28 279.3  7.6
2016 09 24 13 04 40 278.2  8.3
2016 09 24 13 04 53 278.0  7.4
2016 09 24 13 05 05 279.3  7.9
2016 09 24 13 05 17 278.1  8.1
2016 09 24 13 05 29 278.1  8.1
2016 09 24 13 05 41 280.6  8.2
2016 09 24 13 05 52 277.3  8.4
2016 09 24 13 06 04 279.0  8.6
2016 09 24 13 06 17 279.5  7.8
2016 09 24 13 06 29 279.1  8.2
2016 09 24 13 06 41 281.2  8.5
2016 09 24 13 06 53 279.7  8.6
2016 09 24 13 07 05 277.1  7.8
2016 09 24 13 07 17 278.5  8.1
2016 09 24 13 07 30 277.3  8.7
2016 09 24 13 07 42 279.6  8.4
2016 09 24 13 07 54 282.4  7.4
2016 09 24 13 08 06 280.5  8.7
2016 09 24 13 08 19 275.8  8.1
2016 09 24 13 08 31 278.1  8.1
2016 09 24 13 08 43 278.4  8.3
2016 09 24 13 08 56 280.3  7.8
2016 09 24 13 09 08 277.3  8.3
2016 09 24 13 09 21 277.9  7.7
2016 09 24 13 09 33 279.7  8.0
2016 09 24 13 09 45 279.6  7.7
2016 09 24 13 09 57 280.6  7.7
2016 09 24 13 10 09 280.4  9.1
2016 09 24 13 10 22 278.2  7.4
2016 09 24 13 10 34 276.2  7.7
2016 09 24 13 10 46 280.5  8.9
2016 09 24 13 10 59 279.6  8.1
2016 09 24 13 11 11 278.6  7.9
2016 09 24 13 11 23 276.7  7.5
2016 09 24 13 11 35 279.3  8.0
2016 09 24 13 11 48 277.6  7.8
2016 09 24 13 12 00 278.3  7.7
2016 09 24 13 12 12 277.6  8.6
2016 09 24 13 12 24 277.8  8.0
2016 09 24 13 12 37 279.8  8.0
2016 09 24 13 12 49 280.2  8.1
2016 09 24 13 13 01 278.5  8.3
2016 09 24 13 13 13 281.2  7.5
2016 09 24 13 13 26 279.2  8.1
2016 09 24 13 13 38 277.5  7.8
2016 09 24 13 13 50 279.5  8.9
2016 09 24 13 14 02 279.1  8.4
2016 09 24 13 14 15 280.9  8.9
2016 09 24 13 14 27 277.9  8.0
2016 09 24 13 14 39 280.8  9.3
2016 09 24 13 14 52 279.5  8.3
2016 09 24 13 15 04 278.6  7.6
2016 09 24 13 15 16 279.0  8.3
2016 09 24 13 15 28 279.0  7.6
2016 09 24 13 15 41 278.2  8.1
2016 09 24 13 15 53 280.2  8.1
2016 09 24 13 16 05 280.7  8.8
2016 09 24 13 16 17 279.3  8.2
2016 09 24 13 16 30 279.3  9.1
2016 09 24 13 16 42 279.9  7.5
2016 09 24 13 16 54 279.3  7.9
2016 09 24 13 17 06 277.2  8.2
2016 09 24 13 17 19 280.7  7.9
2016 09 24 13 17 31 278.7  8.1
2016 09 24 13 17 43 277.0  7.7
2016 09 24 13 17 55 279.5  8.7
2016 09 24 13 18 08 278.5  7.5
2016 09 24 13 18 20 279.0  8.6
2016 09 24 13 18 32 278.6  7.8
2016 09 24 13 18 44 278.8  7.7
2016 09 24 13 18 57 280.5  8.1
2016 09 24 13 19 09 276.9  9.1
2016 09 24 13 19 21 279.6  8.1
2016 09 24 13 19 34 278.8  8.6
2016 09 24 13 19 46 279.2  9.3
2016 09 24 13 19 58 279.8  7.6
2016 09 24 13 20 11 279.0  8.2
2016 09 24 13 20 23 279.4  9.0
2016 09 24 13 20 35 279.2  8.8
2016 09 24 13 20 48 278.8  8.5
2016 09 24 13 21 00 278.5  7.3
2016 09 24 13 21 12 278.6  8.5
2016 09 24 13 21 25 280.5  8.7
2016 09 24 13 21 37 278.6  7.9
2016 09 24 13 21 49 280.1  8.1
2016 09 24 13 22 01 278.5  8.5
2016 09 24 13 22 14 276.3  8.0
2016 09 24 13 22 26 278.3  8.4
2016 09 24 13 22 38 278.8  8.5
2016 09 24 13 22 51 277.2  8.1
2016 09 24 13 23 03 278.3  7.6
2016 09 24 13 23 15 278.4  8.5
2016 09 24 13 23 28 279.6  8.2
2016 09 24 13 23 40 275.6  8.0
2016 09 24 13 23 52 278.7  8.4
2016 09 24 13 24 05 280.7  8.4
2016 09 24 13 24 17 276.2  7.9
2016 09 24 13 24 29 279.6  7.6
2016 09 24 13 24 42 280.0  7.6
2016 09 24 13 24 54 281.9  8.2
2016 09 24 13 25 07 279.0  7.8
2016 09 24 13 25 19 277.4  7.9
2016 09 24 13 25 31 279.9  7.9
2016 09 24 13 25 44 278.3  7.5
2016 09 24 13 25 56 277.4  8.0
2016 09 24 13 26 08 280.5  7.8
2016 09 24 13 26 20 279.4  7.9
2016 09 24 13 26 33 280.7  8.9
2016 09 24 13 26 45 278.3  7.4
2016 09 24 13 26 57 279.2  8.2
2016 09 24 13 27 10 278.7  8.2
2016 09 24 13 27 22 278.2  8.0
2016 09 24 13 27 34 277.4  8.1
2016 09 24 13 27 47 278.6  8.1
2016 09 24 13 27 59 277.9  8.5
2016 09 24 13 28 12 279.8  9.4
2016 09 24 13 28 24 280.0  8.6
2016 09 24 13 28 36 279.4  7.9
2016 09 24 13 28 48 278.9  7.7
2016 09 24 13 29 01 278.9  7.7
2016 09 24 13 29 13 278.8  9.5
2016 09 24 13 29 26 278.1  9.3
2016 09 24 13 29 38 278.9  8.0
2016 09 24 13 29 50 279.2  8.4
2016 09 24 13 30 03 279.9  7.3
2016 09 24 13 30 15 279.1  7.6
2016 09 24 13 30 27 279.8  8.7
2016 09 24 13 30 39 280.0  7.8
2016 09 24 13 30 52 278.5  8.4
2016 09 24 13 31 04 277.7  8.5
2016 09 24 13 31 16 279.9  8.8
2016 09 24 13 31 29 279.5  7.8
2016 09 24 13 31 41 278.7  7.8
2016 09 24 13 31 53 278.7  8.2
2016 09 24 13 32 06 277.2  7.7
2016 09 24 13 32 18 278.1  7.6
2016 09 24 13 32 31 278.6  8.2
2016 09 24 13 32 43 280.4  8.1
2016 09 24 13 32 56 277.4  7.4
2016 09 24 13 33 08 277.4  8.2
2016 09 24 13 33 20 277.7  7.5
2016 09 24 13 33 33 278.5  7.8
2016 09 24 13 33 45 277.4  7.2
2016 09 24 13 33 57 275.9  8.4
2016 09 24 13 34 10 279.1  8.7
2016 09 24 13 34 22 279.8  8.3
2016 09 24 13 34 35 281.9  7.8
2016 09 24 13 34 47 279.9  7.6
2016 09 24 13 34 59 277.5  8.9
2016 09 24 13 35 12 280.3  7.7
2016 09 24 13 35 24 279.2  8.2
2016 09 24 13 35 36 279.2  7.4
2016 09 24 13 35 49 276.7  7.4
2016 09 24 13 36 01 280.3  8.8
2016 09 24 13 36 13 280.5  8.0
2016 09 24 13 36 26 277.9  8.0
2016 09 24 13 36 38 279.9  8.3
2016 09 24 13 36 50 279.6  8.3
2016 09 24 13 37 03 278.7  7.5
2016 09 24 13 37 15 276.1  8.6
2016 09 24 13 37 28 281.6  7.1
2016 09 24 13 37 40 279.0  9.2
2016 09 24 13 37 52 280.1  8.1
2016 09 24 13 38 05 277.8  7.6
2016 09 24 13 38 17 279.2  7.9
2016 09 24 13 38 29 277.8  7.3
2016 09 24 13 38 42 275.7  7.4
2016 09 24 13 38 54 277.0  9.0
2016 09 24 13 39 07 280.0  8.4
2016 09 24 13 39 19 280.2  7.8
2016 09 24 13 39 31 278.9  7.5
2016 09 24 13 39 44 278.0  7.0
2016 09 24 13 39 56 283.0  8.0
2016 09 24 13 40 09 278.4  8.0
2016 09 24 13 40 21 279.3  8.0
2016 09 24 13 40 33 281.7  8.5
2016 09 24 13 40 46 280.2  9.0
2016 09 24 13 40 58 279.6  7.8
2016 09 24 13 41 11 277.9  7.7
2016 09 24 13 41 23 279.3  9.3
2016 09 24 13 41 35 279.0  7.4
2016 09 24 13 41 48 280.3  8.0
2016 09 24 13 42 00 277.4  8.0
2016 09 24 13 42 12 276.6  8.4
2016 09 24 13 42 25 278.0  8.3
2016 09 24 13 42 37 280.9  7.1
2016 09 24 13 42 49 277.1  8.0
2016 09 24 13 43 02 279.8  8.0
2016 09 24 13 43 14 280.6  8.3
2016 09 24 13 43 27 281.5  8.4
2016 09 24 13 43 39 277.8  7.8
2016 09 24 13 43 52 277.2  8.5
2016 09 24 13 44 04 280.5  8.0
2016 09 24 13 44 17 280.3  8.3
2016 09 24 13 44 29 279.7  7.6
2016 09 24 13 44 42 276.3  8.1
2016 09 24 13 44 54 277.4  8.3
2016 09 24 13 45 06 281.3  7.8
2016 09 24 13 45 19 277.5  7.2
2016 09 24 13 45 31 279.5  8.9
2016 09 24 13 45 44 275.6  8.6
2016 09 24 13 45 56 278.6  7.5
2016 09 24 13 46 09 278.6  8.2
2016 09 24 13 46 21 279.1  7.3
2016 09 24 13 46 34 280.3  8.6
2016 09 24 13 46 47 277.9  7.9
2016 09 24 13 46 59 280.1  8.6
2016 09 24 13 47 12 278.9  7.6
2016 09 24 13 47 24 279.3  8.1
2016 09 24 13 47 37 280.1  7.7
2016 09 24 13 47 49 278.0  7.9
2016 09 24 13 48 01 281.0  8.4
2016 09 24 13 48 14 279.1  9.0
2016 09 24 13 48 27 278.6  8.5
2016 09 24 13 48 39 278.6  7.7
2016 09 24 13 48 52 279.0  8.9
2016 09 24 13 49 04 280.0  7.4
2016 09 24 13 49 17 280.2  7.2
2016 09 24 13 49 29 276.3  8.0
2016 09 24 13 49 42 278.7  7.5
2016 09 24 13 49 54 279.4  7.6
2016 09 24 13 50 07 278.8  7.6
2016 09 24 13 50 19 279.9  8.0
2016 09 24 13 50 32 278.2  8.2
2016 09 24 13 50 44 278.6  7.3
2016 09 24 13 50 57 276.5  8.3
2016 09 24 13 51 09 279.3  7.7
2016 09 24 13 51 22 279.6  8.0
2016 09 24 13 51 35 281.1  8.2
2016 09 24 13 51 47 280.5  7.0
2016 09 24 13 51 60 277.9  7.3
2016 09 24 13 52 12 274.8  8.0
2016 09 24 13 52 25 278.3  7.8
2016 09 24 13 52 37 280.2  8.4
2016 09 24 13 52 50 278.1  8.1
2016 09 24 13 53 02 278.6  7.6
2016 09 24 13 53 15 277.4  7.9
2016 09 24 13 53 28 278.5  7.8
2016 09 24 13 53 41 279.2  8.0
2016 09 24 13 53 53 276.9  8.2
2016 09 24 13 54 06 279.0  7.7
2016 09 24 13 54 18 279.0  7.9
2016 09 24 13 54 31 279.2  8.2
2016 09 24 13 54 44 277.8  8.3
2016 09 24 13 54 56 276.8  9.0
2016 09 24 13 55 09 279.8  7.7
2016 09 24 13 55 21 280.8  7.8
2016 09 24 13 55 34 279.5  8.1
2016 09 24 13 55 46 274.8  8.2
2016 09 24 13 55 59 279.3  7.7
2016 09 24 13 56 11 278.2  7.8
2016 09 24 13 56 24 278.7  8.0
2016 09 24 13 56 36 276.8  8.3
2016 09 24 13 56 49 279.2  8.4
2016 09 24 13 57 01 279.9  7.2
2016 09 24 13 57 14 278.9  7.9
2016 09 24 13 57 27 278.7  7.6
2016 09 24 13 57 39 282.3  8.8
2016 09 24 13 57 52 275.7  7.0
2016 09 24 13 58 04 278.0  7.4
2016 09 24 13 58 17 278.1  8.0
2016 09 24 13 58 30 278.5  8.6
2016 09 24 13 58 42 279.5  8.3
2016 09 24 13 58 55 277.7  8.2
2016 09 24 13 59 08 278.2  7.9
2016 09 24 13 59 20 278.2  8.1
2016 09 24 13 59 33 277.3  9.2
2016 09 24 13 59 46 278.2  7.9
2016 09 24 13 59 58 280.1  7.1
2016 09 24 14 00 11 277.3  8.7
2016 09 24 14 00 23 278.4  7.4
2016 09 24 14 00 36 279.7  7.1
2016 09 24 14 00 49 278.8  6.7
2016 09 24 14 01 01 278.9  7.7
2016 09 24 14 01 14 279.7  7.6
2016 09 24 14 01 27 280.1  7.5
2016 09 24 14 01 39 278.4  8.3
2016 09 24 14 01 52 281.0  7.5
2016 09 24 14 02 05 279.3  7.6
2016 09 24 14 02 18 279.3  8.4
2016 09 24 14 02 30 278.9  8.1
2016 09 24 14 02 43 279.1  7.8
2016 09 24 14 02 56 278.7  7.6
2016 09 24 14 03 08 277.3  8.3
2016 09 24 14 03 21 280.0  7.4
2016 09 24 14 03 34 280.9  8.2
2016 09 24 14 03 46 279.6  7.5
2016 09 24 14 03 59 280.4  7.5
2016 09 24 14 04 12 277.8  7.1
2016 09 24 14 04 25 279.5  7.9
2016 09 24 14 04 37 278.2  8.8
2016 09 24 14 04 50 279.2  7.5
2016 09 24 14 05 03 277.5  8.2
2016 09 24 14 05 15 277.3  8.1
2016 09 24 14 05 28 282.3  9.0
2016 09 24 14 05 41 279.9  7.5
2016 09 24 14 05 53 277.8  8.0
2016 09 24 14 06 06 281.7  7.9
2016 09 24 14 06 19 281.0  8.1
2016 09 24 14 06 32 278.2  7.9
2016 09 24 14 06 44 282.3  7.0
2016 09 24 14 06 57 281.2  7.5
2016 09 24 14 07 10 279.5  7.4
2016 09 24 14 07 23 277.6  8.8
2016 09 24 14 07 35 276.4  7.4
2016 09 24 14 07 48 279.2  8.7
2016 09 24 14 08 01 278.5  7.7
2016 09 24 14 08 13 277.0  7.5
2016 09 24 14 08 26 278.8  7.6
2016 09 24 14 08 40 278.6  7.3
2016 09 24 14 08 54 279.0  7.3
2016 09 24 14 09 06 279.1  7.1
2016 09 24 14 09 19 281.8  8.3
2016 09 24 14 09 32 280.8  7.3
2016 09 24 14 09 45 279.5  7.8
2016 09 24 14 09 57 275.9  8.0
2016 09 24 14 10 10 279.3  7.7
2016 09 24 14 10 23 279.8  8.0
2016 09 24 14 10 35 280.8  7.9
2016 09 24 14 10 48 278.7  8.0
2016 09 24 14 11 00 279.0  7.9
2016 09 24 14 11 13 278.8  7.8
2016 09 24 14 11 26 281.7  7.6
2016 09 24 14 11 39 278.4  7.5
2016 09 24 14 11 51 280.8  7.4
2016 09 24 14 12 04 279.6  7.7
2016 09 24 14 12 17 277.8  8.4
2016 09 24 14 12 29 280.0  8.0
2016 09 24 14 12 42 277.8  7.7
2016 09 24 14 12 55 278.9  8.3
2016 09 24 14 13 08 277.9  7.9
2016 09 24 14 13 20 279.2  8.0
2016 09 24 14 13 33 281.8  8.2
2016 09 24 14 13 46 279.8  7.5
2016 09 24 14 13 58 278.7  8.5
2016 09 24 14 14 11 281.8  8.1
2016 09 24 14 14 24 280.7  7.9
2016 09 24 14 14 36 279.2  7.2
2016 09 24 14 14 49 277.7  8.4
2016 09 24 14 15 02 277.5  8.1
2016 09 24 14 15 15 281.3  7.3
2016 09 24 14 15 28 276.3  7.8
2016 09 24 14 15 41 279.1  7.1
2016 09 24 14 15 53 276.7  7.3
2016 09 24 14 16 06 279.4  7.6
2016 09 24 14 16 19 279.0  7.9
2016 09 24 14 16 32 277.4  8.2
2016 09 24 14 16 45 279.4  7.9
2016 09 24 14 16 58 279.0  7.0
2016 09 24 14 17 11 281.5  7.2
2016 09 24 14 17 24 277.2  7.1
2016 09 24 14 17 37 276.4  7.1
2016 09 24 14 17 50 278.8  7.7
2016 09 24 14 18 02 278.1  7.9
2016 09 24 14 18 15 280.1  8.7
2016 09 24 14 18 28 278.7  7.5
2016 09 24 14 18 41 279.9  7.8
2016 09 24 14 18 54 277.5  7.9
2016 09 24 14 19 07 280.3  7.0
2016 09 24 14 19 19 278.8  7.4
2016 09 24 14 19 32 277.6  7.9
2016 09 24 14 19 45 280.0  7.9
2016 09 24 14 19 58 279.3  8.2
2016 09 24 14 20 11 280.3  7.8
2016 09 24 14 20 23 280.1  7.6
2016 09 24 14 20 36 278.3  7.0
2016 09 24 14 20 49 279.3  6.9
2016 09 24 14 21 02 275.8  7.8
2016 09 24 14 21 15 280.8  7.1
2016 09 24 14 21 27 277.3  8.2
2016 09 24 14 21 40 279.6  7.4
2016 09 24 14 21 53 278.0  7.7
2016 09 24 14 22 06 278.5  6.9
2016 09 24 14 22 19 278.3  7.8
2016 09 24 14 22 32 279.0  7.4
2016 09 24 14 22 44 277.1  7.1
2016 09 24 14 22 57 278.5  8.0
2016 09 24 14 23 11 279.9  8.8
2016 09 24 14 23 23 278.5  7.1
2016 09 24 14 23 36 277.1  6.9
2016 09 24 14 23 49 279.8  7.2
2016 09 24 14 24 02 279.0  7.0
2016 09 24 14 24 15 278.3  6.8
2016 09 24 14 24 28 277.5  8.0
2016 09 24 14 24 41 277.8  7.8
2016 09 24 14 24 54 278.0  7.4
2016 09 24 14 25 08 277.8  8.2
2016 09 24 14 25 21 277.1  7.7
2016 09 24 14 25 33 277.4  7.1
2016 09 24 14 25 46 277.3  7.2
2016 09 24 14 25 59 280.0  7.8
2016 09 24 14 26 12 277.9  7.7
2016 09 24 14 26 25 278.6  8.1
2016 09 24 14 26 38 280.0  7.6
2016 09 24 14 26 51 278.9  7.4
2016 09 24 14 27 04 278.2  7.2
2016 09 24 14 27 17 279.1  7.8
2016 09 24 14 27 30 281.5  8.2
2016 09 24 14 27 43 277.5  7.6
2016 09 24 14 27 56 277.8  7.4
2016 09 24 14 28 09 279.3  7.3
2016 09 24 14 28 22 280.8  7.4
2016 09 24 14 28 35 279.9  7.2
2016 09 24 14 28 48 278.4  7.6
2016 09 24 14 29 01 280.8  7.2
2016 09 24 14 29 15 277.7  8.0
2016 09 24 14 29 28 276.6  8.1
2016 09 24 14 29 41 277.6  7.0
2016 09 24 14 29 54 277.3  6.7
2016 09 24 14 30 07 280.4  7.7
2016 09 24 14 30 20 280.1  8.4
2016 09 24 14 30 33 278.2  8.2
2016 09 24 14 30 46 280.9  8.5
2016 09 24 14 30 59 278.9  6.7
2016 09 24 14 31 12 277.3  8.6
2016 09 24 14 31 25 278.6  7.6
2016 09 24 14 31 38 279.0  7.6
2016 09 24 14 31 51 280.4  7.0
2016 09 24 14 32 04 279.2  7.1
2016 09 24 14 32 17 280.5  7.2
2016 09 24 14 32 31 277.5  7.2
2016 09 24 14 32 44 281.2  7.3
2016 09 24 14 32 57 280.5  7.0
2016 09 24 14 33 10 279.4  7.7
2016 09 24 14 33 23 279.9  6.6
2016 09 24 14 33 37 279.4  7.8
2016 09 24 14 33 50 275.6  7.3
2016 09 24 14 34 03 278.2  7.0
2016 09 24 14 34 16 274.2  7.9
2016 09 24 14 34 30 277.3  6.8
2016 09 24 14 34 43 278.2  7.2
2016 09 24 14 34 56 277.5  7.3
2016 09 24 14 35 09 279.4  7.8
2016 09 24 14 35 22 281.4  7.0
2016 09 24 14 35 35 277.8  7.2
2016 09 24 14 35 48 273.9  7.6
2016 09 24 14 36 01 276.0  9.3
2016 09 24 14 36 15 279.6  6.9
2016 09 24 14 36 28 280.6  8.6
2016 09 24 14 36 41 280.4  8.6
2016 09 24 14 36 54 282.7  7.1
2016 09 24 14 37 08 278.7  6.9
2016 09 24 14 37 21 277.9  7.0
2016 09 24 14 37 34 279.0  7.7
2016 09 24 14 37 47 277.6  7.8
2016 09 24 14 38 01 281.1  7.6
2016 09 24 14 38 14 281.0  7.9
2016 09 24 14 38 28 278.1  7.7
2016 09 24 14 38 41 277.4  7.9
2016 09 24 14 38 54 277.1  7.6
2016 09 24 14 39 08 279.4  7.4
2016 09 24 14 39 21 277.2  7.6
2016 09 24 14 39 34 277.5  7.4
2016 09 24 14 39 47 277.4  7.1
2016 09 24 14 40 01 279.4  7.0
2016 09 24 14 40 14 276.5  8.0
2016 09 24 14 40 27 279.8  7.9
2016 09 24 14 40 41 279.3  7.4
2016 09 24 14 40 54 278.9  6.9
2016 09 24 14 41 08 280.4  6.8
2016 09 24 14 41 21 277.4  7.4
2016 09 24 14 41 35 278.7  7.0
2016 09 24 14 41 49 279.0  7.2
2016 09 24 14 42 03 275.1  7.2
2016 09 24 14 42 16 278.9  7.1
2016 09 24 14 42 30 279.0  7.7
2016 09 24 14 42 44 278.5  7.3
2016 09 24 14 42 57 278.5  7.6
2016 09 24 14 43 11 278.9  7.0
2016 09 24 14 43 25 280.1  6.7
2016 09 24 14 43 38 277.1  7.0
2016 09 24 14 43 51 277.0  6.6
2016 09 24 14 44 05 277.3  7.7
2016 09 24 14 44 19 279.5  6.6
2016 09 24 14 44 33 279.8  8.0
2016 09 24 14 44 47 278.2  7.2
2016 09 24 14 45 01 278.3  7.1
2016 09 24 14 45 15 278.8  7.4
2016 09 24 14 45 29 279.5  8.3
2016 09 24 14 45 43 278.3  7.7
2016 09 24 14 45 57 281.9  7.0
2016 09 24 14 46 10 276.9  7.2
2016 09 24 14 46 24 276.6  6.6
2016 09 24 14 46 38 278.3  7.6
2016 09 24 14 46 52 275.9  7.3
2016 09 24 14 47 06 281.7  8.2
2016 09 24 14 47 20 276.6  8.6
2016 09 24 14 47 34 278.4  6.4
2016 09 24 14 47 48 279.4  7.5
2016 09 24 14 48 01 278.3  6.9
2016 09 24 14 48 15 276.9  7.1
2016 09 24 14 48 29 278.7  7.9
2016 09 24 14 48 43 279.0  7.7
2016 09 24 14 48 57 280.6  7.4
2016 09 24 14 49 10 277.0  7.1
2016 09 24 14 49 24 280.7  7.4
2016 09 24 14 49 38 278.2  7.9
2016 09 24 14 49 52 279.8  7.2
2016 09 24 14 50 06 279.1  7.6
2016 09 24 14 50 20 278.7  6.5
2016 09 24 14 50 34 279.2  6.4
2016 09 24 14 50 48 279.2  7.3
2016 09 24 14 51 02 280.7  7.7
2016 09 24 14 51 16 279.9  6.4
2016 09 24 14 51 30 276.5  7.3
2016 09 24 14 51 43 280.7  7.5
2016 09 24 14 51 57 280.2  7.7
2016 09 24 14 52 11 279.8  8.2
2016 09 24 14 52 24 281.0  6.6
2016 09 24 14 52 38 276.8  6.7
2016 09 24 14 52 52 282.2  7.5
2016 09 24 14 53 05 275.9  7.8
2016 09 24 14 53 19 279.2  7.3
2016 09 24 14 53 33 281.1  8.0
2016 09 24 14 53 47 279.9  7.1
2016 09 24 14 54 00 277.7  7.2
2016 09 24 14 54 14 277.3  6.9
2016 09 24 14 54 28 277.8  7.2
2016 09 24 14 54 41 280.1  6.3
2016 09 24 14 54 55 278.8  6.8
2016 09 24 14 55 09 275.7  7.4
2016 09 24 14 55 23 277.4  6.2
2016 09 24 14 55 37 280.5  8.8
2016 09 24 14 55 51 278.1  6.5
2016 09 24 14 56 05 280.7  6.6
2016 09 24 14 56 19 278.8  6.6
2016 09 24 14 56 33 278.9  6.7
2016 09 24 14 56 47 277.8  8.0
2016 09 24 14 57 01 277.5  6.8
2016 09 24 14 57 15 278.1  6.7
2016 09 24 14 57 29 279.3  7.0
2016 09 24 14 57 43 281.9  6.5
2016 09 24 14 57 57 276.4  6.5
2016 09 24 14 58 11 280.4  7.0
2016 09 24 14 58 25 276.1  7.6
2016 09 24 14 58 40 280.9  6.8
2016 09 24 14 58 54 278.9  7.5
2016 09 24 14 59 08 279.4  7.0
2016 09 24 14 59 22 278.6  7.5
2016 09 24 14 59 36 280.7  7.1
2016 09 24 14 59 50 280.8  6.6
2016 09 24 15 00 04 280.7  6.2
2016 09 24 15 00 18 277.1  8.4
2016 09 24 15 00 32 275.5  7.3
2016 09 24 15 00 46 277.8  6.8
2016 09 24 15 01 00 277.8  7.0
2016 09 24 15 01 15 275.6  6.7
2016 09 24 15 01 29 277.9  7.5
2016 09 24 15 01 43 276.5  7.1
2016 09 24 15 01 57 273.6  7.7
2016 09 24 15 02 11 278.7  6.6
2016 09 24 15 02 25 276.3  7.1
2016 09 24 15 02 39 278.7  8.3
2016 09 24 15 02 53 276.4  7.2
2016 09 24 15 03 08 276.0  7.3
2016 09 24 15 03 36 281.0  6.2
2016 09 24 15 03 50 280.0  7.4
2016 09 24 15 04 04 275.5  6.6
2016 09 24 15 04 18 277.2  6.6
2016 09 24 15 04 33 275.6  7.5
2016 09 24 15 04 47 275.6  6.5
2016 09 24 15 05 01 275.2  6.4
2016 09 24 15 05 15 280.6  6.7
2016 09 24 15 05 29 278.2  6.3
2016 09 24 15 05 43 276.1  7.5
2016 09 24 15 05 57 279.6  6.7
2016 09 24 15 06 12 277.9  6.7
2016 09 24 15 06 26 278.9  7.9
2016 09 24 15 06 40 278.7  6.2
2016 09 24 15 06 55 277.1  6.9
2016 09 24 15 07 09 280.2  6.8
2016 09 24 15 07 23 281.1  7.0
2016 09 24 15 07 37 277.7  7.0
2016 09 24 15 07 52 276.4  7.0
2016 09 24 15 08 07 276.7  6.7
2016 09 24 15 08 21 276.3  6.6
2016 09 24 15 08 35 278.0  6.6
2016 09 24 15 08 50 281.0  7.1
2016 09 24 15 09 04 276.3  6.8
2016 09 24 15 09 19 275.3  7.4
2016 09 24 15 09 33 279.0  6.7
2016 09 24 15 09 48 278.8  6.6
2016 09 24 15 10 02 277.4  6.6
2016 09 24 15 10 17 279.1  7.1
2016 09 24 15 10 31 276.8  7.2
2016 09 24 15 10 46 277.7  5.6
2016 09 24 15 11 01 276.0  6.5
2016 09 24 15 11 15 276.4  7.5
2016 09 24 15 11 30 275.6  6.7
2016 09 24 15 11 45 276.4  6.5
2016 09 24 15 11 60 276.6  7.2
2016 09 24 15 12 14 278.2  7.9
2016 09 24 15 12 29 277.7  6.3
2016 09 24 15 12 44 279.5  6.6
2016 09 24 15 12 58 278.0  7.2
2016 09 24 15 13 13 276.0  7.0
2016 09 24 15 13 28 281.4  6.8
2016 09 24 15 13 43 277.7  8.2
2016 09 24 15 13 58 277.3  7.6
2016 09 24 15 14 12 277.1  7.0
2016 09 24 15 14 27 280.1  7.1
2016 09 24 15 14 42 279.5  6.1
2016 09 24 15 14 57 275.7  6.6
2016 09 24 15 15 12 278.8  7.8
2016 09 24 15 15 27 275.5  7.4
2016 09 24 15 15 41 280.7  6.8
2016 09 24 15 15 56 278.8  7.5
2016 09 24 15 16 11 277.2  6.1
2016 09 24 15 16 26 274.5  6.2
2016 09 24 15 16 41 279.2  6.6
2016 09 24 15 16 56 276.9  5.9
2016 09 24 15 17 11 276.2  7.0
2016 09 24 15 17 26 280.3  6.5
2016 09 24 15 17 41 275.5  8.2
2016 09 24 15 17 56 279.9  6.1
2016 09 24 15 18 11 279.7  7.2
2016 09 24 15 18 26 275.9  7.1
2016 09 24 15 18 41 279.6  7.0
2016 09 24 15 18 56 276.8  6.6
2016 09 24 15 19 11 275.2  6.7
2016 09 24 15 19 26 279.7  6.7
2016 09 24 15 19 41 276.6  7.2
2016 09 24 15 19 56 276.9  7.7
2016 09 24 15 20 11 278.8  6.6
2016 09 24 15 20 26 278.2  6.5
2016 09 24 15 20 41 274.4  6.6
2016 09 24 15 20 56 277.5  6.0
2016 09 24 15 21 11 278.2  6.0
2016 09 24 15 21 26 276.3  7.0
2016 09 24 15 21 41 278.9  7.9
2016 09 24 15 21 56 278.0  6.7
2016 09 24 15 22 12 276.4  6.7
2016 09 24 15 22 27 275.1  6.3
2016 09 24 15 22 42 275.7  7.8
2016 09 24 15 22 57 277.8  6.2
2016 09 24 15 23 13 278.4  5.9
2016 09 24 15 23 28 279.1  6.6
2016 09 24 15 23 43 276.2  8.4
2016 09 24 15 23 58 274.6  6.6
2016 09 24 15 24 13 274.0  6.6
2016 09 24 15 24 28 275.6  6.8
2016 09 24 15 24 44 275.1  6.0
2016 09 24 15 24 59 279.9  7.0
2016 09 24 15 25 14 274.1  6.3
2016 09 24 15 25 30 277.3  6.1
2016 09 24 15 25 45 278.5  5.6
2016 09 24 15 26 00 277.3  6.8
2016 09 24 15 26 16 276.7  6.7
2016 09 24 15 26 31 278.0  6.8
2016 09 24 15 26 46 276.5  6.3
2016 09 24 15 27 02 277.7  7.4
2016 09 24 15 27 17 277.3  7.5
2016 09 24 15 27 33 276.8  6.9
2016 09 24 15 27 48 278.0  6.3
2016 09 24 15 28 04 279.2  6.1
2016 09 24 15 28 20 278.4  6.5
2016 09 24 15 28 35 275.4  7.7
2016 09 24 15 28 51 276.1  7.4
2016 09 24 15 29 06 278.6  7.8
2016 09 24 15 29 22 277.7  5.8
2016 09 24 15 29 38 274.4  7.2
2016 09 24 15 29 53 278.6  5.8
2016 09 24 15 30 09 279.2  8.6
2016 09 24 15 30 25 278.4  6.2
2016 09 24 15 30 40 274.6  5.9
2016 09 24 15 30 56 279.1  7.3
2016 09 24 15 31 12 275.3  7.1
2016 09 24 15 31 27 277.2  6.4
2016 09 24 15 31 43 282.6  6.7
2016 09 24 15 31 59 276.8  6.1
2016 09 24 15 32 15 275.4  6.5
2016 09 24 15 32 31 280.3  6.5
2016 09 24 15 32 47 277.4  6.0
2016 09 24 15 33 03 278.1  6.6
2016 09 24 15 33 19 276.1  5.4
2016 09 24 15 33 34 277.3  5.8
2016 09 24 15 33 50 280.5  6.4
2016 09 24 15 34 06 276.3  6.8
2016 09 24 15 34 22 280.3  6.5
2016 09 24 15 34 38 276.5  6.5
2016 09 24 15 34 54 274.6  8.3
2016 09 24 15 35 10 275.0  7.0
2016 09 24 15 35 27 275.1  7.0
2016 09 24 15 35 43 278.5  6.7
2016 09 24 15 35 59 275.8  6.2
2016 09 24 15 36 15 274.6  6.9
2016 09 24 15 36 31 277.1  6.7
2016 09 24 15 36 47 280.4  7.0
2016 09 24 15 37 04 275.4  7.0
2016 09 24 15 37 20 280.0  6.6
2016 09 24 15 37 36 273.9  5.8
2016 09 24 15 37 53 279.3  5.9
2016 09 24 15 38 09 277.0  6.3
2016 09 24 15 38 25 273.0  6.8
2016 09 24 15 38 42 276.9  6.0
2016 09 24 15 38 58 279.5  7.1
2016 09 24 15 39 14 281.3  6.8
2016 09 24 15 39 31 277.7  6.9
2016 09 24 15 39 47 278.3  7.9
2016 09 24 15 40 04 275.2  6.8
2016 09 24 15 40 20 273.4  6.5
2016 09 24 15 40 37 275.6  6.0
2016 09 24 15 40 53 274.0  7.2
2016 09 24 15 41 10 275.8  6.4
2016 09 24 15 41 26 280.4  6.4
2016 09 24 15 41 43 277.1  7.0
2016 09 24 15 41 59 277.4  6.7
2016 09 24 15 42 16 282.3  7.0
2016 09 24 15 42 33 274.6  7.0
2016 09 24 15 42 49 278.4  6.3
2016 09 24 15 43 06 274.4  6.3
2016 09 24 15 43 22 276.7  6.8
2016 09 24 15 43 39 275.7  6.4
2016 09 24 15 43 56 278.7  6.5
2016 09 24 15 44 13 276.0  6.0
2016 09 24 15 44 30 274.7  8.2
2016 09 24 15 44 47 276.7  7.1
2016 09 24 15 45 03 275.2  6.0
2016 09 24 15 45 20 279.3  5.6
2016 09 24 15 45 37 278.4  6.0
2016 09 24 15 45 54 275.1  5.7
2016 09 24 15 46 11 278.8  7.2
2016 09 24 15 46 28 278.5  6.8
2016 09 24 15 46 45 276.2  6.6
2016 09 24 15 47 02 273.4  5.7
2016 09 24 15 47 19 278.1  5.5
2016 09 24 15 47 36 275.8  6.6
2016 09 24 15 47 53 277.2  5.4
2016 09 24 15 48 10 275.4  6.8
2016 09 24 15 48 27 276.6  6.8
2016 09 24 15 48 44 274.1  6.7
2016 09 24 15 49 02 281.3  6.7
2016 09 24 15 49 19 275.6  7.8
2016 09 24 15 49 36 273.6  6.8
2016 09 24 15 49 53 273.5  6.5
2016 09 24 15 50 11 279.1  6.2
2016 09 24 15 50 28 276.2  6.9
2016 09 24 15 50 46 275.1  6.5
2016 09 24 15 51 03 275.9  6.7
2016 09 24 15 51 21 273.7  6.8
2016 09 24 15 51 38 280.2  6.2
2016 09 24 15 51 56 277.8  6.1
2016 09 24 15 52 13 276.5  5.8
2016 09 24 15 52 31 274.6  6.2
2016 09 24 15 52 48 277.3  6.1
2016 09 24 15 53 06 274.3  6.0
2016 09 24 15 53 23 281.3  7.1
2016 09 24 15 53 41 278.7  5.4
2016 09 24 15 53 59 280.0  6.1
2016 09 24 15 54 17 274.1  6.6
2016 09 24 15 54 35 278.2  5.9
2016 09 24 15 54 53 274.1  6.9
2016 09 24 15 55 10 273.6  5.4
2016 09 24 15 55 29 271.7  6.4
2016 09 24 15 55 47 274.9  6.4
2016 09 24 15 56 05 274.6  6.9
2016 09 24 15 56 23 275.2  6.1
2016 09 24 15 56 41 273.6  7.6
2016 09 24 15 56 60 275.8  7.8
2016 09 24 15 57 18 276.7  6.0
2016 09 24 15 57 36 279.2  6.3
2016 09 24 15 57 54 274.0  7.5
2016 09 24 15 58 12 275.2  5.6
2016 09 24 15 58 31 273.4  6.0
2016 09 24 15 58 49 273.0  5.4
2016 09 24 15 59 07 274.7  6.1
2016 09 24 15 59 26 273.5  8.5
2016 09 24 15 59 44 272.3  5.6
2016 09 24 16 00 03 276.3  6.2
2016 09 24 16 00 21 278.6  5.4
2016 09 24 16 00 40 274.9  5.9
2016 09 24 16 00 59 278.7  8.8
2016 09 24 16 01 17 272.1  6.6
2016 09 24 16 01 36 275.9  6.4
2016 09 24 16 01 55 272.6  7.4
2016 09 24 16 02 14 275.7  5.5
2016 09 24 16 02 32 272.3  5.3
2016 09 24 16 02 51 275.9  8.3
2016 09 24 16 03 10 278.3  5.5
2016 09 24 16 03 29 276.6  7.2
2016 09 24 16 03 48 274.8  5.7
2016 09 24 16 04 07 279.4  6.2
2016 09 24 16 04 26 274.8  6.1
2016 09 24 16 04 45 274.6  7.6
2016 09 24 16 05 04 280.4  7.5
2016 09 24 16 05 24 269.5  7.9
2016 09 24 16 05 43 282.8  5.9
2016 09 24 16 06 02 278.8  6.8
2016 09 24 16 06 22 273.7  5.7
2016 09 24 16 06 41 278.9  9.0
2016 09 24 16 07 01 268.7  7.7
2016 09 24 16 07 20 279.6  6.4
2016 09 24 16 07 40 272.5  5.9
2016 09 24 16 08 00 271.5  7.0
2016 09 24 16 08 20 277.3  7.6
2016 09 24 16 08 39 271.5  6.4
2016 09 24 16 08 59 275.1  7.3
2016 09 24 16 09 19 272.8  5.5
2016 09 24 16 09 39 274.2  6.3
2016 09 24 16 09 59 275.8  7.8
2016 09 24 16 10 19 271.8  6.9
2016 09 24 16 10 39 277.7  6.9
2016 09 24 16 10 59 274.2  6.7
2016 09 24 16 11 19 283.0  6.3
2016 09 24 16 11 39 273.7  7.2
2016 09 24 16 11 60 273.0  6.5
2016 09 24 16 12 20 274.7  6.7
2016 09 24 16 12 40 281.0 10.4
2016 09 24 16 13 00 273.1  6.1
2016 09 24 16 13 21 276.7  7.6
2016 09 24 16 13 42 269.0  7.0
2016 09 24 16 14 02 271.2  7.3
2016 09 24 16 14 23 269.9  8.0
2016 09 24 16 14 44 270.8  6.1
2016 09 24 16 15 04 276.5  8.2
2016 09 24 16 15 25 274.5  5.2
2016 09 24 16 15 46 270.3  7.1
2016 09 24 16 16 07 273.5  6.9
2016 09 24 16 16 28 269.3  7.9
2016 09 24 16 16 49 270.7  8.2
2016 09 24 16 17 11 265.9  7.1
2016 09 24 16 17 32 274.6  5.8
2016 09 24 16 17 54 274.8  5.8
2016 09 24 16 18 15 276.9  7.3
2016 09 24 16 18 36 271.2  7.6
2016 09 24 16 18 58 275.4  7.0
2016 09 24 16 19 19 274.2  5.4
2016 09 24 16 19 41 271.2  8.6
2016 09 24 16 20 03 277.9  8.1
2016 09 24 16 20 25 274.5  5.5
2016 09 24 16 20 47 272.1  6.3
2016 09 24 16 21 09 277.3  6.8
2016 09 24 16 21 31 279.7  9.0
2016 09 24 16 21 54 270.9  6.7
2016 09 24 16 22 16 271.7  7.3
2016 09 24 16 22 38 277.7  6.5
2016 09 24 16 23 00 270.8  6.1
2016 09 24 16 23 22 273.2  7.1
2016 09 24 16 23 45 264.3  8.8
2016 09 24 16 24 08 267.7  5.9
2016 09 24 16 24 31 271.8  6.7
2016 09 24 16 24 54 269.2  8.0
2016 09 24 16 25 16 274.9  7.6
2016 09 24 16 25 39 269.1  6.1
2016 09 24 16 26 02 269.3  7.8
2016 09 24 16 26 25 274.5  6.9
2016 09 24 16 26 48 277.7  7.7
2016 09 24 16 27 11 271.7  7.9
2016 09 24 16 27 35 273.1  6.2
2016 09 24 16 28 22 275.0  6.7
2016 09 24 16 28 46 274.6  7.8
2016 09 24 16 29 09 270.9  6.8
2016 09 24 16 29 33 271.5  5.9
2016 09 24 16 29 57 272.4  8.8
2016 09 24 16 30 21 271.4  4.9
2016 09 24 16 30 45 277.2  7.4
2016 09 24 16 31 10 275.5  8.5
2016 09 24 16 31 34 276.8  8.2
2016 09 24 16 31 59 274.3  5.0
2016 09 24 16 32 23 266.9  6.0
2016 09 24 16 32 48 269.9  6.4
2016 09 24 16 33 13 274.4  6.7
2016 09 24 16 33 39 278.1  6.0
2016 09 24 16 34 04 283.6  6.9
2016 09 24 16 34 29 274.3  6.5
2016 09 24 16 35 20 270.8  5.7
2016 09 24 16 35 46 273.3  5.8
2016 09 24 16 36 12 268.2  7.5
2016 09 24 16 36 38 269.5  6.8
2016 09 24 16 37 04 279.5  5.6
2016 09 24 16 37 31 275.1 10.9
2016 09 24 16 37 57 281.3  9.3
2016 09 24 16 38 24 268.2  7.0
2016 09 24 16 38 51 282.0  6.9
2016 09 24 16 39 18 272.1  6.2
2016 09 24 16 39 45 272.9  6.8
2016 09 24 16 40 12 265.5 10.3
2016 09 24 16 40 39 271.9  9.2
2016 09 24 16 41 06 270.5  7.5
2016 09 24 16 41 34 272.9 10.0
2016 09 24 16 42 02 269.2 10.5
2016 09 24 16 42 30 272.2  6.5
2016 09 24 16 42 59 282.8 11.7
2016 09 24 16 43 27 277.6  9.9
2016 09 24 16 43 56 266.5  7.2
2016 09 24 16 44 25 273.9  6.7
2016 09 24 16 44 54 271.9  5.6
2016 09 24 16 45 24 267.4  8.9
2016 09 24 16 45 54 257.6 10.6
2016 09 24 16 46 23 260.5  8.9
2016 09 24 16 47 23 280.7  8.4
2016 09 24 16 47 53 274.1  8.2
2016 09 24 16 49 52 266.7  7.1
2016 09 24 16 51 21 264.7  7.3
2016 09 24 16 54 51 276.6 10.6
2016 09 24 16 55 21 268.4  9.4
2016 09 24 16 55 50 282.7 11.9
2016 09 24 16 57 50 269.7  8.9
2016 09 24 16 58 19 269.0  9.0
2016 09 24 16 58 49 263.8  8.1
2016 09 24 16 59 19 265.9  8.7
2016 09 24 16 59 49 269.5  5.8
2016 09 24 17 00 48 265.0  7.7
2016 09 24 17 12 45 273.8  8.0
