%BTS ozone retrieval from direct irradiance
%4 8 2017 Luca Egli (Format: Date/Time, TO3, Crit.) range: 300 -340 nm, with wl-shift
%Using Ozonesonde ozonsonde/ozonesonde_16092111.24Z.csv
%Effective ozone temperature 229.1 K
%Effective ozone height 24.5 km 
%Using ozone x-sections bremen
2016 09 22 08 49 50 265.6  9.1
2016 09 22 08 53 18 266.7 10.8
2016 09 22 08 59 09 267.8 11.8
2016 09 22 08 59 25 266.6  9.6
2016 09 22 09 00 13 262.6 11.1
2016 09 22 09 05 01 260.3  9.6
2016 09 22 09 07 09 267.3 12.0
2016 09 22 09 08 12 273.6 11.0
2016 09 22 09 09 32 274.0  9.0
2016 09 22 09 10 20 285.9 10.1
2016 09 22 09 11 08 287.4 10.5
2016 09 22 09 11 23 279.7 11.1
2016 09 22 09 11 55 268.8  8.5
2016 09 22 09 12 43 265.5  7.4
2016 09 22 09 14 03 288.5 11.2
2016 09 22 09 14 35 280.9  9.1
2016 09 22 09 15 55 275.1  9.3
2016 09 22 09 17 47 265.4 10.5
2016 09 22 09 18 35 265.8 10.3
2016 09 22 09 19 23 270.3  8.4
2016 09 22 09 19 55 275.7 10.6
2016 09 22 09 20 11 282.0 10.5
2016 09 22 09 20 58 285.9 11.0
2016 09 22 09 21 30 281.1  9.0
2016 09 22 09 22 02 265.6 10.8
2016 09 22 09 22 33 284.3 11.5
2016 09 22 09 23 37 273.2  7.4
2016 09 22 09 23 53 278.5  8.3
2016 09 22 09 24 09 271.9  9.2
2016 09 22 09 24 25 274.2  7.6
2016 09 22 09 24 57 272.8 11.9
2016 09 22 09 25 12 285.0  7.9
2016 09 22 09 25 44 281.7 11.1
2016 09 22 09 26 16 273.3  9.6
2016 09 22 09 26 32 282.7 11.5
2016 09 22 09 27 04 273.3 11.1
2016 09 22 09 27 19 280.7  9.1
2016 09 22 09 27 51 271.3  6.1
2016 09 22 09 28 07 268.7  9.7
2016 09 22 09 28 55 270.0 11.2
2016 09 22 09 29 26 271.7  6.7
2016 09 22 09 29 42 270.3 10.3
2016 09 22 09 30 14 272.5  9.3
2016 09 22 09 30 30 269.3 10.1
2016 09 22 09 30 46 281.3  7.9
2016 09 22 09 31 02 270.5  9.1
2016 09 22 09 31 33 279.4  7.0
2016 09 22 09 31 49 285.4  9.0
2016 09 22 09 32 05 275.9  6.3
2016 09 22 09 32 21 275.9  9.7
2016 09 22 09 32 37 266.9  8.7
2016 09 22 09 32 53 270.7  6.4
2016 09 22 09 33 09 292.6  9.7
2016 09 22 09 33 25 270.8  6.7
2016 09 22 09 33 41 272.8 10.5
2016 09 22 09 33 57 271.9  5.6
2016 09 22 09 34 29 284.8 10.6
2016 09 22 09 34 45 274.5  9.0
2016 09 22 09 35 01 280.9  8.6
2016 09 22 09 35 32 268.9  7.8
2016 09 22 09 35 48 265.2  8.7
2016 09 22 09 36 04 279.5  9.1
2016 09 22 09 36 20 265.7  8.2
2016 09 22 09 36 36 280.8  6.3
2016 09 22 09 37 08 267.3  8.9
2016 09 22 09 37 24 274.5  5.9
2016 09 22 09 37 40 269.0  7.4
2016 09 22 09 37 56 275.5 11.6
2016 09 22 09 38 12 276.4  6.3
2016 09 22 09 38 28 268.0 10.2
2016 09 22 09 38 44 272.2  9.8
2016 09 22 09 39 16 276.4  7.4
2016 09 22 09 39 32 271.0 10.7
2016 09 22 09 39 48 274.0  6.8
2016 09 22 09 40 04 269.5  6.0
2016 09 22 09 40 20 275.2  8.0
2016 09 22 09 40 36 282.3 10.7
2016 09 22 09 40 52 273.8  7.6
2016 09 22 09 41 08 277.6  7.0
2016 09 22 09 41 24 270.1  8.5
2016 09 22 09 41 40 273.2  6.6
2016 09 22 09 41 56 275.4 11.3
2016 09 22 09 42 12 274.1  7.7
2016 09 22 09 42 28 283.5 11.2
2016 09 22 09 42 44 278.3 10.3
2016 09 22 09 43 00 272.2  9.2
2016 09 22 09 43 16 269.0  6.2
2016 09 22 09 43 32 272.8  8.5
2016 09 22 09 43 48 273.7  7.9
2016 09 22 09 44 04 267.5  6.3
2016 09 22 09 44 20 271.8  9.9
2016 09 22 09 44 36 274.2  7.3
2016 09 22 09 44 51 274.2  7.5
2016 09 22 09 45 07 271.8  8.2
2016 09 22 09 45 23 282.5  9.1
2016 09 22 09 45 39 266.7  7.1
2016 09 22 09 45 55 272.4 10.4
2016 09 22 09 46 11 278.6  7.4
2016 09 22 09 46 27 275.2  9.8
2016 09 22 09 46 43 270.3  7.5
2016 09 22 09 46 59 271.2  6.4
2016 09 22 09 47 15 272.6  8.2
2016 09 22 09 47 31 271.8  7.5
2016 09 22 09 47 47 277.8  5.7
2016 09 22 09 48 03 274.4  6.6
2016 09 22 09 48 35 273.3  9.7
2016 09 22 09 48 51 281.5  7.7
2016 09 22 09 49 07 274.7  8.7
2016 09 22 09 49 23 273.1 11.2
2016 09 22 09 49 39 272.8  7.6
2016 09 22 09 49 55 274.8  7.0
2016 09 22 09 50 11 272.5  7.1
2016 09 22 09 50 27 279.9  8.6
2016 09 22 09 50 43 277.3 10.0
2016 09 22 09 50 59 270.3  8.1
2016 09 22 09 51 15 269.2  9.4
2016 09 22 09 51 31 273.8  8.3
2016 09 22 09 51 47 275.5  7.2
2016 09 22 09 52 03 275.2  7.1
2016 09 22 09 52 18 271.2  6.9
2016 09 22 09 52 34 273.3  7.5
2016 09 22 09 52 50 275.1  7.6
2016 09 22 09 53 06 279.0  7.4
2016 09 22 09 53 22 275.8  7.7
2016 09 22 09 53 38 282.8 10.1
2016 09 22 09 53 54 281.3  9.1
2016 09 22 09 54 10 286.9  8.2
2016 09 22 09 54 26 278.1  8.8
2016 09 22 09 54 42 276.5  8.6
2016 09 22 09 54 58 272.3  7.3
2016 09 22 09 55 14 272.6  6.1
2016 09 22 09 55 30 270.4  8.1
2016 09 22 09 55 46 274.7  6.2
2016 09 22 09 56 02 277.4  7.6
2016 09 22 09 56 18 269.0  8.5
2016 09 22 09 56 34 277.1  7.7
2016 09 22 09 56 50 275.6  6.3
2016 09 22 09 57 06 276.5  6.6
2016 09 22 09 57 22 279.2  6.2
2016 09 22 09 57 38 273.8  6.9
2016 09 22 09 57 54 274.6  7.3
2016 09 22 09 58 10 270.9  7.2
2016 09 22 09 58 26 272.6  7.0
2016 09 22 09 58 42 270.3  8.9
2016 09 22 09 58 58 274.7  6.7
2016 09 22 09 59 14 273.5  6.7
2016 09 22 09 59 30 274.0  8.7
2016 09 22 09 59 45 278.4 10.2
2016 09 22 10 00 01 274.7  6.5
2016 09 22 10 00 17 274.9  5.3
2016 09 22 10 00 33 280.2  8.5
2016 09 22 10 00 49 276.2  7.5
2016 09 22 10 01 05 272.7  6.4
2016 09 22 10 01 21 270.6  8.1
2016 09 22 10 01 37 277.5 10.9
2016 09 22 10 01 53 276.0  5.5
2016 09 22 10 02 09 273.4  6.2
2016 09 22 10 02 25 271.1  8.2
2016 09 22 10 02 41 274.5  7.4
2016 09 22 10 02 57 273.5  5.9
2016 09 22 10 03 13 280.9  5.7
2016 09 22 10 03 29 272.4  6.2
2016 09 22 10 03 44 273.6  7.6
2016 09 22 10 04 00 279.6  5.5
2016 09 22 10 04 16 275.6 10.5
2016 09 22 10 04 32 283.4  8.3
2016 09 22 10 04 48 272.6  6.7
2016 09 22 10 05 04 275.5  6.4
2016 09 22 10 05 20 276.1  8.0
2016 09 22 10 05 36 274.0  6.0
2016 09 22 10 05 52 278.1  8.1
2016 09 22 10 06 08 271.8  8.7
2016 09 22 10 06 24 268.4  7.0
2016 09 22 10 06 40 275.7  6.8
2016 09 22 10 06 56 274.1  5.9
2016 09 22 10 07 12 276.5  5.6
2016 09 22 10 07 27 272.3  7.9
2016 09 22 10 07 43 277.8  8.3
2016 09 22 10 07 59 272.7  7.4
2016 09 22 10 08 15 276.6  6.0
2016 09 22 10 08 31 273.3  6.1
2016 09 22 10 08 47 276.2  6.3
2016 09 22 10 09 03 274.1  6.5
2016 09 22 10 09 19 275.1  6.4
2016 09 22 10 09 35 273.4  9.2
2016 09 22 10 09 51 280.3  7.3
2016 09 22 10 10 07 273.7  6.7
2016 09 22 10 10 23 274.7  7.2
2016 09 22 10 10 39 274.2  6.4
2016 09 22 10 10 55 276.1  7.0
2016 09 22 10 11 11 275.1  5.9
2016 09 22 10 11 27 272.6  6.8
2016 09 22 10 11 43 277.3  6.2
2016 09 22 10 11 59 286.5 11.5
2016 09 22 10 12 15 277.4  6.4
2016 09 22 10 12 31 280.1  6.9
2016 09 22 10 12 47 277.5  6.0
2016 09 22 10 13 03 273.2  6.9
2016 09 22 10 13 19 276.9  6.1
2016 09 22 10 13 35 273.1  7.8
2016 09 22 10 13 51 277.8  7.1
2016 09 22 10 14 07 275.9  6.0
2016 09 22 10 14 23 277.9  5.4
2016 09 22 10 14 39 275.9  7.2
2016 09 22 10 14 54 274.0  6.1
2016 09 22 10 15 10 270.0  9.0
2016 09 22 10 15 26 273.9  6.8
2016 09 22 10 15 42 275.7  6.1
2016 09 22 10 15 58 273.1  6.3
2016 09 22 10 16 14 271.1  6.1
2016 09 22 10 16 30 281.0  7.5
2016 09 22 10 16 46 275.0  5.8
2016 09 22 10 17 02 279.0  6.1
2016 09 22 10 17 18 274.9  6.1
2016 09 22 10 17 34 271.8  8.0
2016 09 22 10 17 50 275.1  5.7
2016 09 22 10 18 06 276.9  6.0
2016 09 22 10 18 22 277.5  8.7
2016 09 22 10 18 38 276.3  5.4
2016 09 22 10 18 54 276.1  6.0
2016 09 22 10 19 10 275.8  8.8
2016 09 22 10 19 26 278.8  5.7
2016 09 22 10 19 42 275.1  7.9
2016 09 22 10 19 58 278.7  7.0
2016 09 22 10 20 14 272.7  8.2
2016 09 22 10 20 30 275.2  7.2
2016 09 22 10 20 46 277.9  5.4
2016 09 22 10 21 02 276.7  7.0
2016 09 22 10 21 18 276.0  7.5
2016 09 22 10 21 33 276.3  6.4
2016 09 22 10 21 49 273.8  7.6
2016 09 22 10 22 05 272.5  7.4
2016 09 22 10 22 21 283.3  6.6
2016 09 22 10 22 37 276.9  6.6
2016 09 22 10 22 53 278.7  6.8
2016 09 22 10 23 09 280.5  6.3
2016 09 22 10 23 25 276.0  7.0
2016 09 22 10 23 41 273.6  7.6
2016 09 22 10 23 57 278.5  6.7
2016 09 22 10 24 13 279.6  5.5
2016 09 22 10 24 29 282.4  8.4
2016 09 22 10 24 45 277.3  6.0
2016 09 22 10 25 00 274.4  6.5
2016 09 22 10 25 16 274.3  7.3
2016 09 22 10 25 32 275.6  7.5
2016 09 22 10 25 48 276.2  5.9
2016 09 22 10 26 04 279.2  6.6
2016 09 22 10 26 20 278.7  6.9
2016 09 22 10 26 36 276.1  6.0
2016 09 22 10 26 52 280.1  8.2
2016 09 22 10 27 08 276.2  6.5
2016 09 22 10 27 24 276.4  5.9
2016 09 22 10 27 40 276.1  6.2
2016 09 22 10 27 56 274.2  6.3
2016 09 22 10 28 12 278.9  7.0
2016 09 22 10 28 27 277.2  7.9
2016 09 22 10 28 43 276.4  5.4
2016 09 22 10 28 59 281.1  8.1
2016 09 22 10 29 15 275.1  6.1
2016 09 22 10 29 31 277.8  7.1
2016 09 22 10 29 47 277.6  7.0
2016 09 22 10 30 03 277.1  8.0
2016 09 22 10 30 19 274.8  6.1
2016 09 22 10 30 35 272.4  7.6
2016 09 22 10 30 51 274.3  6.3
2016 09 22 10 31 07 276.9  6.3
2016 09 22 10 31 23 278.9  6.6
2016 09 22 10 31 39 277.0  5.9
2016 09 22 10 31 55 275.9  7.9
2016 09 22 10 32 10 280.6  7.9
2016 09 22 10 32 26 282.5  6.1
2016 09 22 10 32 42 275.5  6.6
2016 09 22 10 32 58 274.2  6.5
2016 09 22 10 33 14 273.4  7.9
2016 09 22 10 33 30 271.5  6.5
2016 09 22 10 33 46 274.7  6.4
2016 09 22 10 34 02 278.2  5.6
2016 09 22 10 34 18 277.2  6.4
2016 09 22 10 34 34 272.9  8.0
2016 09 22 10 34 50 278.9  5.7
2016 09 22 10 35 06 278.2  5.9
2016 09 22 10 35 22 272.4  7.5
2016 09 22 10 35 38 276.7  5.7
2016 09 22 10 35 54 275.0  7.0
2016 09 22 10 36 09 274.3  6.4
2016 09 22 10 36 25 276.2  7.2
2016 09 22 10 36 41 277.9  5.7
2016 09 22 10 36 57 275.8  6.8
2016 09 22 10 37 13 278.7  6.7
2016 09 22 10 37 29 275.3  6.5
2016 09 22 10 37 45 277.1  6.5
2016 09 22 10 38 01 277.7  6.7
2016 09 22 10 38 17 273.9  6.5
2016 09 22 10 38 33 274.0  7.6
2016 09 22 10 38 49 276.9  6.6
2016 09 22 10 39 05 274.3  6.3
2016 09 22 10 39 20 276.4  6.9
2016 09 22 10 39 36 280.6  6.7
2016 09 22 10 39 52 279.3  5.5
2016 09 22 10 40 08 275.5  6.3
2016 09 22 10 40 24 276.8  6.6
2016 09 22 10 40 40 282.3  7.4
2016 09 22 10 40 56 276.0 10.5
2016 09 22 10 41 12 275.7  7.3
2016 09 22 10 41 28 274.4  8.1
2016 09 22 10 41 44 277.8  5.9
2016 09 22 10 42 00 279.9  6.7
2016 09 22 10 42 16 279.1  6.3
2016 09 22 10 42 31 275.4  6.4
2016 09 22 10 42 47 284.9 10.7
2016 09 22 10 43 03 274.1  7.3
2016 09 22 10 43 19 275.4  6.7
2016 09 22 10 43 35 277.0  6.9
2016 09 22 10 43 51 277.1  7.7
2016 09 22 10 44 07 276.1  8.2
2016 09 22 10 44 23 275.6  7.1
2016 09 22 10 44 39 271.4  7.2
2016 09 22 10 44 55 281.9  7.1
2016 09 22 10 45 11 275.1  6.6
2016 09 22 10 45 26 273.5  7.1
2016 09 22 10 45 42 275.5  8.0
2016 09 22 10 45 58 275.9  6.4
2016 09 22 10 46 14 278.0  8.5
2016 09 22 10 46 30 275.1  7.0
2016 09 22 10 46 46 276.1  6.3
2016 09 22 10 47 02 278.8  7.1
2016 09 22 10 47 18 278.0  7.2
2016 09 22 10 47 33 276.2  7.5
2016 09 22 10 47 49 275.2  6.6
2016 09 22 10 48 05 275.5  6.1
2016 09 22 10 48 21 278.7  6.8
2016 09 22 10 48 37 278.3  6.5
2016 09 22 10 48 53 275.0  6.9
2016 09 22 10 49 09 277.1  6.4
2016 09 22 10 49 24 272.6  6.9
2016 09 22 10 49 40 275.3  6.0
2016 09 22 10 49 56 277.6  6.5
2016 09 22 10 50 12 277.9  6.3
2016 09 22 10 50 28 277.7  5.7
2016 09 22 10 50 44 275.8  6.3
2016 09 22 10 50 60 282.0  5.9
2016 09 22 10 51 15 275.3  6.7
2016 09 22 10 51 31 278.3  6.2
2016 09 22 10 51 47 276.1  6.2
2016 09 22 10 52 03 276.7  5.4
2016 09 22 10 52 19 278.0  8.0
2016 09 22 10 52 35 273.4  5.6
2016 09 22 10 52 50 273.4  4.9
2016 09 22 10 53 06 279.0  5.9
2016 09 22 10 53 22 277.3  5.7
2016 09 22 10 53 38 274.5  5.1
2016 09 22 10 53 54 273.1  4.5
2016 09 22 10 54 10 279.4  6.0
2016 09 22 10 54 25 277.0  6.8
2016 09 22 10 54 41 273.6  5.7
2016 09 22 10 54 57 276.5  5.1
2016 09 22 10 55 13 280.0  5.2
2016 09 22 10 55 29 276.2  5.5
2016 09 22 10 55 45 273.2  5.2
2016 09 22 10 56 01 278.0  5.1
2016 09 22 10 56 17 272.9  6.2
2016 09 22 10 56 32 273.6  4.8
2016 09 22 10 56 48 276.9  6.4
2016 09 22 10 57 04 277.5  5.7
2016 09 22 10 57 20 280.3  5.7
2016 09 22 10 57 36 277.6  6.3
2016 09 22 10 57 52 277.8  5.9
2016 09 22 10 58 08 279.9  8.2
2016 09 22 10 58 24 276.6  6.0
2016 09 22 10 58 39 276.8  6.7
2016 09 22 10 58 55 278.8  7.6
2016 09 22 10 59 11 276.5  6.8
2016 09 22 10 59 27 276.7  7.3
2016 09 22 10 59 43 276.9  7.9
2016 09 22 10 59 59 276.0  6.7
2016 09 22 11 00 15 277.4  6.4
2016 09 22 11 00 31 275.1  6.4
2016 09 22 11 00 47 279.0  6.2
2016 09 22 11 01 03 279.2  7.5
2016 09 22 11 01 18 276.3  6.3
2016 09 22 11 01 34 273.6  8.9
2016 09 22 11 01 50 279.4  7.1
2016 09 22 11 02 06 278.3  7.2
2016 09 22 11 02 22 278.7  7.0
2016 09 22 11 02 38 277.3  7.9
2016 09 22 11 02 54 275.0  6.3
2016 09 22 11 03 10 276.3  7.2
2016 09 22 11 03 26 282.2  6.5
2016 09 22 11 03 42 280.2  7.0
2016 09 22 11 03 57 276.0  7.2
2016 09 22 11 04 13 275.1  7.6
2016 09 22 11 04 29 276.5  6.9
2016 09 22 11 04 45 279.3  6.8
2016 09 22 11 05 01 277.6  7.1
2016 09 22 11 05 17 279.1  6.9
2016 09 22 11 05 33 279.6  7.4
2016 09 22 11 05 49 275.9  6.6
2016 09 22 11 06 05 278.3  6.1
2016 09 22 11 06 21 276.7  6.5
2016 09 22 11 06 36 275.9  7.3
2016 09 22 11 06 52 278.8  7.7
2016 09 22 11 07 08 279.6  7.5
2016 09 22 11 07 24 277.8  6.1
2016 09 22 11 07 40 278.1  7.1
2016 09 22 11 07 56 283.1  7.1
2016 09 22 11 08 12 276.4  7.6
2016 09 22 11 08 28 275.1  6.2
2016 09 22 11 08 44 276.1  6.5
2016 09 22 11 08 60 277.3  6.0
2016 09 22 11 09 15 276.3  6.8
2016 09 22 11 09 31 277.1  7.0
2016 09 22 11 09 47 277.7  7.5
2016 09 22 11 10 03 277.6  7.5
2016 09 22 11 10 19 275.5  6.9
2016 09 22 11 10 35 274.4  7.2
2016 09 22 11 10 51 276.0  6.2
2016 09 22 11 11 07 276.1  6.3
2016 09 22 11 11 23 278.9  7.3
2016 09 22 11 11 39 273.7  6.8
2016 09 22 11 11 55 276.4  6.6
2016 09 22 11 12 10 275.5  6.7
2016 09 22 11 12 26 277.4  6.0
2016 09 22 11 12 42 276.3  6.5
2016 09 22 11 12 58 278.3  6.6
2016 09 22 11 13 14 276.7  5.9
2016 09 22 11 13 30 274.2  6.1
2016 09 22 11 13 46 274.6  8.6
2016 09 22 11 14 02 272.6  6.5
2016 09 22 11 14 18 277.9  6.0
2016 09 22 11 14 34 276.9  6.6
2016 09 22 11 14 50 274.3  7.2
2016 09 22 11 15 05 277.1  7.8
2016 09 22 11 15 21 278.9  7.6
2016 09 22 11 15 37 276.9  7.5
2016 09 22 11 15 53 275.9  8.3
2016 09 22 11 16 09 278.9  8.0
2016 09 22 11 16 25 277.2  7.8
2016 09 22 11 16 41 276.6  7.9
2016 09 22 11 16 57 276.8  7.8
2016 09 22 11 17 13 278.9  7.7
2016 09 22 11 17 29 274.2  8.5
2016 09 22 11 17 45 279.1  7.9
2016 09 22 11 18 00 276.0  7.7
2016 09 22 11 18 16 276.6  7.1
2016 09 22 11 18 32 274.7  8.0
2016 09 22 11 18 48 277.1  7.5
2016 09 22 11 19 04 277.4  7.2
2016 09 22 11 19 20 275.9  7.6
2016 09 22 11 19 36 275.7  6.3
2016 09 22 11 19 52 278.1  6.3
2016 09 22 11 20 07 280.0  7.5
2016 09 22 11 20 23 276.1  7.8
2016 09 22 11 20 39 276.4  6.6
2016 09 22 11 20 55 278.5  6.4
2016 09 22 11 21 11 275.9  5.7
2016 09 22 11 21 27 276.0  6.5
2016 09 22 11 21 43 276.1  6.3
2016 09 22 11 21 58 274.2  6.8
2016 09 22 11 22 14 277.8  6.2
2016 09 22 11 22 30 276.9  6.1
2016 09 22 11 22 46 277.8  5.5
2016 09 22 11 23 02 274.8  6.9
2016 09 22 11 23 18 279.4  6.2
2016 09 22 11 23 34 276.4  6.6
2016 09 22 11 23 49 275.6  5.8
2016 09 22 11 24 05 279.1  6.7
2016 09 22 11 24 21 277.8  7.6
2016 09 22 11 24 37 277.5  6.7
2016 09 22 11 24 53 274.5  7.6
2016 09 22 11 25 09 277.7  7.5
2016 09 22 11 25 24 277.3  8.0
2016 09 22 11 25 40 277.8  8.2
2016 09 22 11 25 56 275.7  7.1
2016 09 22 11 26 12 275.6  8.2
2016 09 22 11 26 28 280.3  9.8
2016 09 22 11 26 44 274.5  7.6
2016 09 22 11 26 59 278.5  7.6
2016 09 22 11 27 15 280.7  7.9
2016 09 22 11 27 31 276.9  7.5
2016 09 22 11 27 47 277.6  7.2
2016 09 22 11 28 03 277.8  8.2
2016 09 22 11 28 19 279.6  7.9
2016 09 22 11 28 34 273.9  8.1
2016 09 22 11 28 50 279.7  7.5
2016 09 22 11 29 06 278.1  8.5
2016 09 22 11 29 22 279.6  8.9
2016 09 22 11 29 38 281.5  7.9
2016 09 22 11 29 53 276.7  7.3
2016 09 22 11 30 09 279.2  6.8
2016 09 22 11 30 25 275.9  6.9
2016 09 22 11 30 41 277.3  7.2
2016 09 22 11 30 56 276.8  7.2
2016 09 22 11 31 12 277.8  7.0
2016 09 22 11 31 28 274.9  6.7
2016 09 22 11 31 44 275.1  6.3
2016 09 22 11 31 59 274.7  6.3
2016 09 22 11 32 15 275.2  5.7
2016 09 22 11 32 31 277.1  5.6
2016 09 22 11 32 46 275.2  6.4
2016 09 22 11 33 02 277.7  5.9
2016 09 22 11 33 17 276.1  6.4
2016 09 22 11 33 33 277.3  6.3
2016 09 22 11 33 49 278.6  6.4
2016 09 22 11 34 05 275.3  6.1
2016 09 22 11 34 20 276.6  5.9
2016 09 22 11 34 36 276.6  6.5
2016 09 22 11 34 51 278.4  6.4
2016 09 22 11 35 07 277.3  6.7
2016 09 22 11 35 22 275.8  6.9
2016 09 22 11 35 38 278.1  6.7
2016 09 22 11 35 54 276.2  7.5
2016 09 22 11 36 09 278.3  6.9
2016 09 22 11 36 25 278.0  6.4
2016 09 22 11 36 40 278.2  7.1
2016 09 22 11 36 56 278.1  6.9
2016 09 22 11 37 11 279.7  7.1
2016 09 22 11 37 27 276.7  7.9
2016 09 22 11 37 43 277.5  6.9
2016 09 22 11 37 58 277.3  6.9
2016 09 22 11 38 14 275.9  7.6
2016 09 22 11 38 29 279.7  7.4
2016 09 22 11 38 45 277.8  7.8
2016 09 22 11 39 00 273.4  7.9
2016 09 22 11 39 16 276.7  7.6
2016 09 22 11 39 32 276.3  8.0
2016 09 22 11 39 47 278.4  7.6
2016 09 22 11 40 03 278.2  6.9
2016 09 22 11 40 18 278.4  6.5
2016 09 22 11 40 34 277.6  8.0
2016 09 22 11 40 49 277.4  8.2
2016 09 22 11 41 04 278.8  7.2
2016 09 22 11 41 20 280.5  8.1
2016 09 22 11 41 36 279.7  7.7
2016 09 22 11 41 51 278.3  7.0
2016 09 22 11 42 07 278.6  6.5
2016 09 22 11 42 22 275.1  7.5
2016 09 22 11 42 38 275.0  8.0
2016 09 22 11 42 53 277.2  7.6
2016 09 22 11 43 08 277.2  7.7
2016 09 22 11 43 24 276.6  6.9
2016 09 22 11 43 39 277.8  7.9
2016 09 22 11 43 54 279.0  7.0
2016 09 22 11 44 10 277.8  6.5
2016 09 22 11 44 25 276.9  7.0
2016 09 22 11 44 41 279.7  7.2
2016 09 22 11 44 56 275.2  7.8
2016 09 22 11 45 12 279.0  7.3
2016 09 22 11 45 27 276.5  6.7
2016 09 22 11 45 43 277.2  7.7
2016 09 22 11 45 58 278.9  7.4
2016 09 22 11 46 13 278.1  7.1
2016 09 22 11 46 29 278.4  6.9
2016 09 22 11 46 44 277.1  6.6
2016 09 22 11 46 60 277.6  8.5
2016 09 22 11 47 15 279.6  8.0
2016 09 22 11 47 31 277.6  7.6
2016 09 22 11 47 46 280.3  8.4
2016 09 22 11 48 01 278.3  6.6
2016 09 22 11 48 17 278.6  7.0
2016 09 22 11 48 32 279.3  7.3
2016 09 22 11 48 48 277.4  7.9
2016 09 22 11 49 03 274.8  7.5
2016 09 22 11 49 18 279.1  7.2
2016 09 22 11 49 34 276.7  6.8
2016 09 22 11 49 49 277.5  8.2
2016 09 22 11 50 04 275.8  7.1
2016 09 22 11 50 20 276.3  6.7
2016 09 22 11 50 35 277.8  7.7
2016 09 22 11 50 50 277.1  7.1
2016 09 22 11 51 06 278.5  7.3
2016 09 22 11 51 21 277.2  7.4
2016 09 22 11 51 36 277.5  7.7
2016 09 22 11 51 52 277.7  7.6
2016 09 22 11 52 07 275.9  6.9
2016 09 22 11 52 22 277.0  7.1
2016 09 22 11 52 38 278.3  7.3
2016 09 22 11 52 53 278.2  7.3
2016 09 22 11 53 09 277.5  7.8
2016 09 22 11 53 24 276.8  7.3
2016 09 22 11 53 39 278.0  7.3
2016 09 22 11 53 55 278.8  7.3
2016 09 22 11 54 10 276.8  7.9
2016 09 22 11 54 25 277.0  7.7
2016 09 22 11 54 40 277.3  7.6
2016 09 22 11 54 56 277.6  7.4
2016 09 22 11 55 11 280.4  7.8
2016 09 22 11 55 26 277.4  7.5
2016 09 22 11 55 41 278.5  8.1
2016 09 22 11 55 57 277.5  6.9
2016 09 22 11 56 12 278.3  7.2
2016 09 22 11 56 27 275.8  7.0
2016 09 22 11 56 43 276.4  7.8
2016 09 22 11 56 58 275.6  7.3
2016 09 22 11 57 13 277.8  7.8
2016 09 22 11 57 28 280.1  7.6
2016 09 22 11 57 43 277.9  7.5
2016 09 22 11 57 59 280.3  7.6
2016 09 22 11 58 14 277.5  7.2
2016 09 22 11 58 29 279.8  7.0
2016 09 22 11 58 44 277.0  7.4
2016 09 22 11 58 60 277.7  7.9
2016 09 22 11 59 15 278.1  6.8
2016 09 22 11 59 30 277.3  7.2
2016 09 22 11 59 46 277.9  7.0
2016 09 22 12 00 01 276.0  8.0
2016 09 22 12 00 16 275.4  7.5
2016 09 22 12 00 31 278.4  7.8
2016 09 22 12 00 46 278.6  7.5
2016 09 22 12 01 02 278.2  8.7
2016 09 22 12 01 17 275.3  7.8
2016 09 22 12 01 32 278.7  7.0
2016 09 22 12 01 47 277.5  7.2
2016 09 22 12 02 02 276.2  7.4
2016 09 22 12 02 17 277.2  8.2
2016 09 22 12 02 33 277.2  7.7
2016 09 22 12 02 48 277.4  7.6
2016 09 22 12 03 03 279.7  7.7
2016 09 22 12 03 18 278.1  7.9
2016 09 22 12 03 34 275.3  7.2
2016 09 22 12 03 49 278.9  7.3
2016 09 22 12 04 04 278.6  7.0
2016 09 22 12 04 19 275.9  7.2
2016 09 22 12 04 34 279.6  7.7
2016 09 22 12 04 49 279.5  7.8
2016 09 22 12 05 05 274.9  7.7
2016 09 22 12 05 20 277.4  7.3
2016 09 22 12 05 35 276.4  8.0
2016 09 22 12 05 50 276.6  7.3
2016 09 22 12 06 05 277.9  7.6
2016 09 22 12 06 20 276.9  6.7
2016 09 22 12 06 35 277.0  6.9
2016 09 22 12 06 51 279.4  7.4
2016 09 22 12 07 06 275.3  8.0
2016 09 22 12 07 21 276.2  7.2
2016 09 22 12 07 36 279.6  7.2
2016 09 22 12 07 51 278.3  8.1
2016 09 22 12 08 06 279.8  6.9
2016 09 22 12 08 21 278.4  8.3
2016 09 22 12 08 36 273.8  7.1
2016 09 22 12 08 51 277.4  7.2
2016 09 22 12 09 07 276.6  7.7
2016 09 22 12 09 22 276.8  7.8
2016 09 22 12 09 37 276.4  8.4
2016 09 22 12 09 52 278.5  7.9
2016 09 22 12 10 07 278.7  6.9
2016 09 22 12 10 22 280.0  9.2
2016 09 22 12 10 37 276.6  6.9
2016 09 22 12 10 52 276.8  7.2
2016 09 22 12 11 07 277.5  6.4
2016 09 22 12 11 22 277.3  7.0
2016 09 22 12 11 37 276.9  7.0
2016 09 22 12 11 52 278.2  7.7
2016 09 22 12 12 07 279.4  7.9
2016 09 22 12 12 22 276.9  8.4
2016 09 22 12 12 38 273.6  6.7
2016 09 22 12 12 53 278.3  7.2
2016 09 22 12 13 08 276.2  7.4
2016 09 22 12 13 23 278.1  7.7
2016 09 22 12 13 38 278.3  7.5
2016 09 22 12 13 53 276.1  7.3
2016 09 22 12 14 08 278.0  7.4
2016 09 22 12 14 23 275.9  7.7
2016 09 22 12 14 38 277.0  7.3
2016 09 22 12 14 53 278.7  8.0
2016 09 22 12 15 08 277.6  6.9
2016 09 22 12 15 23 280.3  8.0
2016 09 22 12 15 38 282.1  7.0
2016 09 22 12 15 53 278.1  7.1
2016 09 22 12 16 08 278.5  7.5
2016 09 22 12 16 24 279.5  6.9
2016 09 22 12 16 38 277.4  8.2
2016 09 22 12 16 53 278.9  7.6
2016 09 22 12 17 09 277.2  7.2
2016 09 22 12 17 24 277.6  6.7
2016 09 22 12 17 39 277.5  8.3
2016 09 22 12 17 54 278.1  7.7
2016 09 22 12 18 09 279.1  7.5
2016 09 22 12 18 23 275.7  7.2
2016 09 22 12 18 38 276.1  7.3
2016 09 22 12 18 53 276.4  6.8
2016 09 22 12 19 09 278.3  7.0
2016 09 22 12 19 24 277.9  6.8
2016 09 22 12 19 39 281.2  7.3
2016 09 22 12 19 54 275.0  7.8
2016 09 22 12 20 09 276.3  8.4
2016 09 22 12 20 24 277.4  7.6
2016 09 22 12 20 39 278.3  8.3
2016 09 22 12 20 54 280.9  8.8
2016 09 22 12 21 09 280.3  8.2
2016 09 22 12 21 24 279.8  7.2
2016 09 22 12 21 39 277.7  8.3
2016 09 22 12 21 53 280.7  8.8
2016 09 22 12 22 08 277.1  8.0
2016 09 22 12 22 23 278.1  7.8
2016 09 22 12 22 38 278.7  8.0
2016 09 22 12 22 53 279.2  7.3
2016 09 22 12 23 08 277.7  7.5
2016 09 22 12 23 23 281.2  7.4
2016 09 22 12 23 38 278.4  7.3
2016 09 22 12 23 53 279.1  7.2
2016 09 22 12 24 08 279.4  7.7
2016 09 22 12 24 24 277.3  8.1
2016 09 22 12 24 39 276.9  8.1
2016 09 22 12 24 53 279.3  8.2
2016 09 22 12 25 08 278.1  8.6
2016 09 22 12 25 23 277.3  7.3
2016 09 22 12 25 38 277.9  7.5
2016 09 22 12 25 53 281.2  7.8
2016 09 22 12 26 08 279.2  6.6
2016 09 22 12 26 23 277.1  7.2
2016 09 22 12 26 38 279.0  7.9
2016 09 22 12 26 53 276.9  7.7
2016 09 22 12 27 08 282.0  7.4
2016 09 22 12 27 23 276.6  7.1
2016 09 22 12 27 38 278.1  7.5
2016 09 22 12 27 53 277.7  8.0
2016 09 22 12 28 08 278.1  8.1
2016 09 22 12 28 23 277.7  8.2
2016 09 22 12 28 38 278.2  7.2
2016 09 22 12 28 53 279.0  7.8
2016 09 22 12 29 07 278.0  8.2
2016 09 22 12 29 22 279.0  7.0
2016 09 22 12 29 37 277.4  7.0
2016 09 22 12 29 52 277.4  7.9
2016 09 22 12 30 07 276.9  7.1
2016 09 22 12 30 22 279.6  7.0
2016 09 22 12 30 37 279.6  7.6
2016 09 22 12 30 52 277.2  7.9
2016 09 22 12 31 07 278.1  6.9
2016 09 22 12 31 22 276.4  7.9
2016 09 22 12 31 37 275.8  8.1
2016 09 22 12 31 51 276.6  7.2
2016 09 22 12 32 06 276.1  7.8
2016 09 22 12 32 21 277.5  7.5
2016 09 22 12 32 36 279.0  7.2
2016 09 22 12 32 51 278.9  7.8
2016 09 22 12 33 06 278.1  8.0
2016 09 22 12 33 21 280.3  7.7
2016 09 22 12 33 36 280.1  7.6
2016 09 22 12 33 51 279.4  7.3
2016 09 22 12 34 06 279.9  6.9
2016 09 22 12 34 21 278.6  7.0
2016 09 22 12 34 36 278.0  7.7
2016 09 22 12 34 51 279.4  7.6
2016 09 22 12 35 06 276.5  7.2
2016 09 22 12 35 21 281.0  8.4
2016 09 22 12 35 36 279.7  8.0
2016 09 22 12 35 51 279.7  8.3
2016 09 22 12 36 06 278.2  7.0
2016 09 22 12 36 21 275.4  7.5
2016 09 22 12 36 35 279.0  7.1
2016 09 22 12 36 50 278.2  9.1
2016 09 22 12 37 05 277.5  7.2
2016 09 22 12 37 20 276.6  7.3
2016 09 22 12 37 35 279.6  6.7
2016 09 22 12 37 50 280.4  7.9
2016 09 22 12 38 05 277.8  7.9
2016 09 22 12 38 19 279.9  7.4
2016 09 22 12 38 34 278.2  7.1
2016 09 22 12 38 49 276.4  7.7
2016 09 22 12 39 04 277.1  7.9
2016 09 22 12 39 19 279.7  7.2
2016 09 22 12 39 34 279.6  7.3
2016 09 22 12 39 49 280.5  7.8
2016 09 22 12 40 04 279.3  7.9
2016 09 22 12 40 19 278.2  6.9
2016 09 22 12 40 34 278.8  8.5
2016 09 22 12 40 49 280.1  7.1
2016 09 22 12 41 03 278.3  7.4
2016 09 22 12 41 18 275.8  6.5
2016 09 22 12 41 33 277.7  7.4
2016 09 22 12 41 48 275.6  8.1
2016 09 22 12 42 03 278.1  7.3
2016 09 22 12 42 18 276.0  7.3
2016 09 22 12 42 33 279.1  6.9
2016 09 22 12 42 48 274.4  7.1
2016 09 22 12 43 02 279.7  8.4
2016 09 22 12 43 17 277.8  7.9
2016 09 22 12 43 32 278.2  7.9
2016 09 22 12 43 47 276.8  7.2
2016 09 22 12 44 02 277.4  8.1
2016 09 22 12 44 17 278.0  7.1
2016 09 22 12 44 32 277.6  8.0
2016 09 22 12 44 47 275.8  6.9
2016 09 22 12 45 02 276.7  7.1
2016 09 22 12 45 17 276.2  8.5
2016 09 22 12 45 32 277.2  7.4
2016 09 22 12 45 47 278.1  7.0
2016 09 22 12 46 02 278.6  8.0
2016 09 22 12 46 17 274.2  7.7
2016 09 22 12 46 31 277.5  7.5
2016 09 22 12 46 46 279.3  7.6
2016 09 22 12 47 01 281.2  7.3
2016 09 22 12 47 16 279.3  7.1
2016 09 22 12 47 31 278.0  7.0
2016 09 22 12 47 46 279.0  7.0
2016 09 22 12 48 01 277.9  7.1
2016 09 22 12 48 15 278.1  7.7
2016 09 22 12 48 30 278.0  7.1
2016 09 22 12 48 45 280.1  7.0
2016 09 22 12 48 60 277.7  7.4
2016 09 22 12 49 15 277.8  8.1
2016 09 22 12 49 30 277.1  8.1
2016 09 22 12 49 45 275.0  7.3
2016 09 22 12 49 59 278.5  7.4
2016 09 22 12 50 14 278.7  7.9
2016 09 22 12 50 29 280.0  7.5
2016 09 22 12 50 44 278.8  7.0
2016 09 22 12 50 59 278.7  7.1
2016 09 22 12 51 14 276.6  7.2
2016 09 22 12 51 29 278.3  6.9
2016 09 22 12 51 43 280.1  7.7
2016 09 22 12 51 58 281.3  6.6
2016 09 22 12 52 13 277.3  6.3
2016 09 22 12 52 28 276.1  7.3
2016 09 22 12 52 43 277.1  7.3
2016 09 22 12 52 58 276.7  7.7
2016 09 22 12 53 13 278.9  7.3
2016 09 22 12 53 27 278.9  7.6
2016 09 22 12 53 42 280.6  8.0
2016 09 22 12 53 57 278.0  8.1
2016 09 22 12 54 12 279.0  8.5
2016 09 22 12 54 27 279.2  8.1
2016 09 22 12 54 42 276.2  8.7
2016 09 22 12 54 56 277.7  7.5
2016 09 22 12 55 11 279.0  8.7
2016 09 22 12 55 26 278.9  7.5
2016 09 22 12 55 41 276.0  7.2
2016 09 22 12 55 56 279.4  7.3
2016 09 22 12 56 11 278.2  7.9
2016 09 22 12 56 26 279.9  7.4
2016 09 22 12 56 41 277.7  7.3
2016 09 22 12 56 55 280.9  8.0
2016 09 22 12 57 10 277.7  7.7
2016 09 22 12 57 25 281.9  8.7
2016 09 22 12 57 40 277.4  7.9
2016 09 22 12 57 55 276.8  8.6
2016 09 22 12 58 10 278.4  6.7
2016 09 22 12 58 25 279.3  7.6
2016 09 22 12 58 39 279.5  7.5
2016 09 22 12 58 54 279.1  7.5
2016 09 22 12 59 09 280.0  8.7
2016 09 22 12 59 24 277.3  7.9
2016 09 22 12 59 39 277.8  7.2
2016 09 22 12 59 54 278.7  7.7
2016 09 22 13 00 09 280.4  7.2
2016 09 22 13 00 24 280.0  7.6
2016 09 22 13 00 39 281.3  8.2
2016 09 22 13 00 54 277.3  8.0
2016 09 22 13 01 08 279.4  6.9
2016 09 22 13 01 23 277.3  7.2
2016 09 22 13 01 38 278.2  7.5
2016 09 22 13 01 53 278.4  7.5
2016 09 22 13 02 08 278.6  7.6
2016 09 22 13 02 22 280.2  9.0
2016 09 22 13 02 37 277.2  6.9
2016 09 22 13 02 52 280.2  7.5
2016 09 22 13 03 07 279.8  7.4
2016 09 22 13 03 22 277.7  7.2
2016 09 22 13 03 37 277.7  7.1
2016 09 22 13 03 52 277.6  7.8
2016 09 22 13 04 07 278.3  7.7
2016 09 22 13 04 22 279.4  8.4
2016 09 22 13 04 36 278.2  7.0
2016 09 22 13 04 51 279.1  7.6
2016 09 22 13 05 06 276.6  7.7
2016 09 22 13 05 21 280.7  7.0
2016 09 22 13 05 36 279.5  7.9
2016 09 22 13 05 51 277.5  8.0
2016 09 22 13 06 06 276.3  7.1
2016 09 22 13 06 21 278.1  7.5
2016 09 22 13 06 35 279.3  8.1
2016 09 22 13 06 50 278.3  7.3
2016 09 22 13 07 05 279.8  7.4
2016 09 22 13 07 20 279.5  7.6
2016 09 22 13 07 35 281.1  8.0
2016 09 22 13 07 50 278.9  7.1
2016 09 22 13 08 05 279.5  7.7
2016 09 22 13 08 20 277.3  7.7
2016 09 22 13 08 35 278.2  6.9
2016 09 22 13 08 50 279.6  8.2
2016 09 22 13 09 04 279.3  6.8
2016 09 22 13 09 19 279.2  7.3
2016 09 22 13 09 34 279.0  7.5
2016 09 22 13 09 49 280.3  7.9
2016 09 22 13 10 04 280.5  7.2
2016 09 22 13 10 19 279.1  7.9
2016 09 22 13 10 34 280.4  7.8
2016 09 22 13 10 48 277.3  7.9
2016 09 22 13 11 03 280.6  7.4
2016 09 22 13 11 18 280.7  7.8
2016 09 22 13 11 33 277.6  6.8
2016 09 22 13 11 48 278.7  7.1
2016 09 22 13 12 03 279.1  7.5
2016 09 22 13 12 17 280.3  8.0
2016 09 22 13 12 32 279.4  8.4
2016 09 22 13 12 47 281.7  7.7
2016 09 22 13 13 02 281.5  7.0
2016 09 22 13 13 17 280.1  7.4
2016 09 22 13 13 32 276.2  7.2
2016 09 22 13 13 46 276.8  7.8
2016 09 22 13 14 01 279.1  6.9
2016 09 22 13 14 16 280.6  7.4
2016 09 22 13 14 31 280.4  7.4
2016 09 22 13 14 46 277.9  7.6
2016 09 22 13 15 01 278.3  8.3
2016 09 22 13 15 16 279.6  7.8
2016 09 22 13 15 31 279.7  6.8
2016 09 22 13 15 46 280.8  8.7
2016 09 22 13 16 01 280.0  7.7
2016 09 22 13 16 16 279.7  7.9
2016 09 22 13 16 30 280.4  7.9
2016 09 22 13 16 45 279.0  7.4
2016 09 22 13 16 60 278.6  7.2
2016 09 22 13 17 15 281.4  7.7
2016 09 22 13 17 30 277.8  6.9
2016 09 22 13 17 44 279.0  8.3
2016 09 22 13 17 59 277.9  7.6
2016 09 22 13 18 14 279.3  6.9
2016 09 22 13 18 29 277.4  7.8
2016 09 22 13 19 33 279.1  7.7
2016 09 22 13 20 38 280.6  7.6
2016 09 22 13 20 52 280.4  8.9
2016 09 22 13 21 07 279.6  7.5
2016 09 22 13 21 22 275.4  7.7
2016 09 22 13 21 37 278.6  7.4
2016 09 22 13 21 52 278.0  7.7
2016 09 22 13 22 06 277.8  7.4
2016 09 22 13 22 21 279.8  7.5
2016 09 22 13 22 36 279.6  6.6
2016 09 22 13 22 51 280.7  7.0
2016 09 22 13 23 06 280.1  7.8
2016 09 22 13 23 21 279.6  7.4
2016 09 22 13 23 35 278.5  7.8
2016 09 22 13 23 50 279.8  6.8
2016 09 22 13 24 05 279.3  7.5
2016 09 22 13 24 20 279.0  8.2
2016 09 22 13 24 35 279.5  7.1
2016 09 22 13 24 50 278.8  7.0
2016 09 22 13 25 05 279.5  8.6
2016 09 22 13 25 20 279.0  7.7
2016 09 22 13 25 35 276.3  7.0
2016 09 22 13 25 50 278.3  7.9
2016 09 22 13 26 05 281.0  7.2
2016 09 22 13 26 20 279.4  7.6
2016 09 22 13 26 35 277.3  7.5
2016 09 22 13 26 50 280.1  8.5
2016 09 22 13 27 05 278.8  6.5
2016 09 22 13 27 20 281.0  8.3
2016 09 22 13 27 34 279.2  6.7
2016 09 22 13 27 49 281.6  7.1
2016 09 22 13 28 04 278.2  7.8
2016 09 22 13 28 19 279.7  7.8
2016 09 22 13 28 34 278.2  7.3
2016 09 22 13 28 49 277.4  7.8
2016 09 22 13 29 04 278.1  7.3
2016 09 22 13 29 19 280.0  7.9
2016 09 22 13 29 34 279.8  7.2
2016 09 22 13 29 49 277.3  7.5
2016 09 22 13 30 04 280.0  7.5
2016 09 22 13 30 19 279.6  7.1
2016 09 22 13 30 34 281.0  7.6
2016 09 22 13 30 49 279.7  7.1
2016 09 22 13 31 04 278.2  7.0
2016 09 22 13 31 19 281.9  8.3
2016 09 22 13 31 34 279.4  8.5
2016 09 22 13 31 49 278.3  8.9
2016 09 22 13 32 04 277.8  7.8
2016 09 22 13 32 19 278.4  6.9
2016 09 22 13 32 34 277.6  8.6
2016 09 22 13 32 49 277.5  7.1
2016 09 22 13 33 04 278.5  8.4
2016 09 22 13 33 19 282.4  7.5
2016 09 22 13 33 34 279.5  7.5
2016 09 22 13 33 49 278.2  7.8
2016 09 22 13 34 04 281.9  7.0
2016 09 22 13 34 19 279.9  7.5
2016 09 22 13 34 34 280.1  8.3
2016 09 22 13 34 49 280.8  7.1
2016 09 22 13 35 04 279.0  7.2
2016 09 22 13 35 19 280.7  8.7
2016 09 22 13 35 34 278.2  7.7
2016 09 22 13 35 49 280.8  7.7
2016 09 22 13 36 04 277.8  6.9
2016 09 22 13 36 19 278.0  7.6
2016 09 22 13 36 34 279.5  7.7
2016 09 22 13 36 49 279.2  7.0
2016 09 22 13 37 04 278.3  8.0
2016 09 22 13 37 19 279.0  8.1
2016 09 22 13 37 34 280.9  8.3
2016 09 22 13 37 49 277.0  7.4
2016 09 22 13 38 04 278.6  8.0
2016 09 22 13 38 19 278.5  7.7
2016 09 22 13 38 34 278.3  7.2
2016 09 22 13 38 49 280.0  7.5
2016 09 22 13 39 04 278.8  7.7
2016 09 22 13 39 19 278.1  7.7
2016 09 22 13 39 34 279.1  7.0
2016 09 22 13 39 50 278.5  7.7
2016 09 22 13 40 05 280.9  8.1
2016 09 22 13 40 20 279.2  7.8
2016 09 22 13 40 35 278.1  8.0
2016 09 22 13 40 50 280.5  7.6
2016 09 22 13 41 05 279.8  6.9
2016 09 22 13 41 20 279.4  7.9
2016 09 22 13 41 35 278.8  7.1
2016 09 22 13 41 50 278.2  7.6
2016 09 22 13 42 05 278.5  7.7
2016 09 22 13 42 20 279.7  6.5
2016 09 22 13 42 35 278.0  8.2
2016 09 22 13 42 50 279.3  8.3
2016 09 22 13 43 05 278.9  7.6
2016 09 22 13 43 20 278.9  6.6
2016 09 22 13 43 36 278.6  7.5
2016 09 22 13 43 51 279.9  6.6
2016 09 22 13 44 06 278.2  7.3
2016 09 22 13 44 21 278.9  6.7
2016 09 22 13 44 36 280.0  7.1
2016 09 22 13 44 51 279.8  7.2
2016 09 22 13 45 06 279.6  7.8
2016 09 22 13 45 21 278.7  8.0
2016 09 22 13 45 36 281.6  7.4
2016 09 22 13 45 51 280.5  7.9
2016 09 22 13 46 06 279.2  7.6
2016 09 22 13 46 22 278.5  8.4
2016 09 22 13 46 37 278.2  7.4
2016 09 22 13 46 52 279.2  7.4
2016 09 22 13 47 07 278.1  7.9
2016 09 22 13 47 22 279.1  7.8
2016 09 22 13 47 37 278.6  7.9
2016 09 22 13 48 59 280.5  7.5
2016 09 22 13 50 22 280.5  6.9
2016 09 22 13 50 37 278.6  6.9
2016 09 22 13 50 52 279.6  6.8
2016 09 22 13 51 08 279.6  8.6
2016 09 22 13 51 23 281.5  7.6
2016 09 22 13 51 38 279.2  7.3
2016 09 22 13 51 53 280.0  7.5
2016 09 22 13 52 08 278.8  7.3
2016 09 22 13 52 23 278.8  7.2
2016 09 22 13 52 38 278.7  7.2
2016 09 22 13 52 53 279.0  7.5
2016 09 22 13 53 09 279.4  7.1
2016 09 22 13 53 24 277.0  7.7
2016 09 22 13 53 39 278.7  7.1
2016 09 22 13 53 54 278.5  7.6
2016 09 22 13 54 09 281.2  7.4
2016 09 22 13 54 24 281.3  7.5
2016 09 22 13 54 40 278.2  7.3
2016 09 22 13 54 55 279.0  7.4
2016 09 22 13 55 10 279.5  7.7
2016 09 22 13 55 25 279.1  7.1
2016 09 22 13 55 40 280.3  7.1
2016 09 22 13 55 55 278.7  7.3
2016 09 22 13 56 10 278.1  7.6
2016 09 22 13 56 25 278.8  7.9
2016 09 22 13 56 41 277.9  6.8
2016 09 22 13 56 56 279.3  8.0
2016 09 22 13 57 11 278.1  7.2
2016 09 22 13 57 26 281.1  8.3
2016 09 22 13 57 41 275.6  7.5
2016 09 22 13 57 56 279.8  7.4
2016 09 22 13 58 12 280.0  8.4
2016 09 22 13 58 27 280.2  7.6
2016 09 22 13 58 42 279.5  7.1
2016 09 22 13 58 57 280.8  7.4
2016 09 22 13 59 12 280.2  7.2
2016 09 22 13 59 27 279.0  7.8
2016 09 22 13 59 43 281.0  7.5
2016 09 22 13 59 58 277.8  8.0
2016 09 22 14 00 13 277.1  7.3
2016 09 22 14 00 28 276.3  8.1
2016 09 22 14 00 44 279.9  7.1
2016 09 22 14 00 59 277.7  7.4
2016 09 22 14 01 14 276.7  8.3
2016 09 22 14 01 29 279.6  6.9
2016 09 22 14 01 44 280.1  7.0
2016 09 22 14 01 60 279.9  6.9
2016 09 22 14 02 15 280.3  7.3
2016 09 22 14 02 30 277.2  6.9
2016 09 22 14 02 45 279.8  6.6
2016 09 22 14 03 01 279.5  7.0
2016 09 22 14 03 16 278.0  8.0
2016 09 22 14 03 31 279.5  8.1
2016 09 22 14 03 47 278.5  6.7
2016 09 22 14 04 02 278.5  7.6
2016 09 22 14 04 17 280.3  6.9
2016 09 22 14 04 33 280.7  7.4
2016 09 22 14 04 48 278.4  6.0
2016 09 22 14 05 03 279.9  6.3
2016 09 22 14 05 19 276.5  7.0
2016 09 22 14 05 34 279.8  7.0
2016 09 22 14 05 49 277.4  7.6
2016 09 22 14 06 05 280.9  7.1
2016 09 22 14 06 20 280.1  7.0
2016 09 22 14 06 35 278.6  7.6
2016 09 22 14 06 51 280.6  7.2
2016 09 22 14 07 06 278.0  7.5
2016 09 22 14 07 21 281.1  6.8
2016 09 22 14 07 37 276.4  6.1
2016 09 22 14 07 52 277.0  7.0
2016 09 22 14 08 07 281.9  7.3
2016 09 22 14 08 23 282.7  7.4
2016 09 22 14 08 38 280.6  6.7
2016 09 22 14 08 53 278.8  6.7
2016 09 22 14 09 09 279.9  7.0
2016 09 22 14 09 24 277.8  7.9
2016 09 22 14 09 40 278.9  7.9
2016 09 22 14 09 55 278.7  8.2
2016 09 22 14 10 11 278.2  7.2
2016 09 22 14 10 26 281.0  7.3
2016 09 22 14 10 41 280.1  6.3
2016 09 22 14 10 57 279.0  7.5
2016 09 22 14 11 12 278.1  6.8
2016 09 22 14 11 28 280.3  6.6
2016 09 22 14 11 43 279.2  6.9
2016 09 22 14 11 59 280.9  7.3
2016 09 22 14 12 14 280.4  7.1
2016 09 22 14 12 30 279.2  6.9
2016 09 22 14 12 45 280.3  7.2
2016 09 22 14 13 01 279.4  6.2
2016 09 22 14 13 16 282.4  7.3
2016 09 22 14 13 32 282.0  7.4
2016 09 22 14 13 48 277.2  7.0
2016 09 22 14 14 03 278.2  7.5
2016 09 22 14 14 19 277.2  7.1
2016 09 22 14 14 35 280.2  7.3
2016 09 22 14 14 50 277.7  7.6
2016 09 22 14 15 06 278.0  7.3
2016 09 22 14 15 21 276.1  7.5
2016 09 22 14 15 37 281.0  7.5
2016 09 22 14 15 52 278.4  7.2
2016 09 22 14 16 08 282.1  7.0
2016 09 22 14 16 23 277.8  8.3
2016 09 22 14 16 39 281.0  7.6
2016 09 22 14 16 54 279.7  7.2
2016 09 22 14 17 10 279.4  8.1
2016 09 22 14 17 26 281.0  6.8
2016 09 22 14 17 42 279.3  6.4
2016 09 22 14 17 57 278.0  7.2
2016 09 22 14 18 13 280.1  7.5
2016 09 22 14 18 29 279.2  7.0
2016 09 22 14 18 44 277.8  7.5
2016 09 22 14 18 60 277.1  6.8
2016 09 22 14 19 15 278.5  6.9
2016 09 22 14 19 31 277.9  8.3
2016 09 22 14 19 47 280.3  7.1
2016 09 22 14 20 03 277.2  8.1
2016 09 22 14 20 18 281.1  6.5
2016 09 22 14 20 34 277.7  6.6
2016 09 22 14 20 50 282.7  7.1
2016 09 22 14 21 05 279.4  7.5
2016 09 22 14 21 21 279.8  8.3
2016 09 22 14 21 37 281.0  6.9
2016 09 22 14 21 53 277.6  6.6
2016 09 22 14 22 08 278.7  7.1
2016 09 22 14 22 24 281.7  8.0
2016 09 22 14 22 40 279.6  7.5
2016 09 22 14 22 56 279.7  7.6
2016 09 22 14 23 12 277.9  7.1
2016 09 22 14 23 27 279.6  6.1
2016 09 22 14 23 43 278.4  7.7
2016 09 22 14 23 59 280.8  6.9
2016 09 22 14 24 15 280.1  8.1
2016 09 22 14 24 30 279.9  6.7
2016 09 22 14 24 46 279.3  7.4
2016 09 22 14 25 02 277.7  7.0
2016 09 22 14 25 18 278.8  8.7
2016 09 22 14 25 33 278.7  7.4
2016 09 22 14 25 49 280.7  6.7
2016 09 22 14 26 05 279.6  6.3
2016 09 22 14 26 21 278.8  7.3
2016 09 22 14 26 36 279.0  7.2
2016 09 22 14 26 52 277.6  7.5
2016 09 22 14 27 08 277.7  6.9
2016 09 22 14 27 24 277.7  6.7
2016 09 22 14 27 40 279.7  6.5
2016 09 22 14 27 56 281.1  7.9
2016 09 22 14 28 11 281.8  6.9
2016 09 22 14 28 27 279.8  7.0
2016 09 22 14 28 43 279.1  7.0
2016 09 22 14 28 59 280.1  7.0
2016 09 22 14 29 15 279.9  8.2
2016 09 22 14 29 31 278.7  7.3
2016 09 22 14 29 46 277.7  7.3
2016 09 22 14 30 02 280.3  7.1
2016 09 22 14 30 18 279.5  6.8
2016 09 22 14 30 34 278.8  7.0
2016 09 22 14 30 50 278.9  6.5
2016 09 22 14 31 06 278.4  6.7
2016 09 22 14 31 22 279.5  7.5
2016 09 22 14 31 38 279.1  6.8
2016 09 22 14 31 54 280.6  8.0
2016 09 22 14 32 10 279.6  6.7
2016 09 22 14 32 25 279.9  6.7
2016 09 22 14 32 41 278.5  6.8
2016 09 22 14 32 57 280.1  7.0
2016 09 22 14 33 13 281.5  6.9
2016 09 22 14 33 29 277.7  7.2
2016 09 22 14 33 45 279.8  7.3
2016 09 22 14 34 01 279.6  6.9
2016 09 22 14 34 17 279.4  7.6
2016 09 22 14 34 33 280.5  6.9
2016 09 22 14 34 49 279.2  7.4
2016 09 22 14 35 05 277.3  7.7
2016 09 22 14 35 21 280.0  7.1
2016 09 22 14 35 37 280.5  7.0
2016 09 22 14 35 53 279.8  6.9
2016 09 22 14 36 08 278.4  6.8
2016 09 22 14 36 24 279.6  8.5
2016 09 22 14 36 40 279.2  6.6
2016 09 22 14 36 56 279.0  6.7
2016 09 22 14 37 12 279.7  7.0
2016 09 22 14 37 28 278.2  6.5
2016 09 22 14 37 44 281.7  6.8
2016 09 22 14 38 00 281.1  6.9
2016 09 22 14 38 16 279.3  6.4
2016 09 22 14 38 32 279.9  7.0
2016 09 22 14 38 48 279.8  7.1
2016 09 22 14 39 04 278.2  7.6
2016 09 22 14 39 20 278.1  5.9
2016 09 22 14 39 36 279.1  6.4
2016 09 22 14 39 52 280.5  7.4
2016 09 22 14 40 08 277.8  6.2
2016 09 22 14 40 24 280.2  7.6
2016 09 22 14 40 40 279.6  6.5
2016 09 22 14 40 56 279.8  7.8
2016 09 22 14 41 12 283.1  7.2
2016 09 22 14 41 28 281.0  7.4
2016 09 22 14 41 44 278.3  7.2
2016 09 22 14 41 59 281.2  6.8
2016 09 22 14 42 15 281.5  6.3
2016 09 22 14 42 31 279.2  7.0
2016 09 22 14 42 47 281.3  6.4
2016 09 22 14 43 03 279.3  7.4
2016 09 22 14 43 19 279.8  6.2
2016 09 22 14 43 35 281.2  7.8
2016 09 22 14 43 51 278.2  6.3
2016 09 22 14 44 07 278.0  7.2
2016 09 22 14 44 23 277.5  6.6
2016 09 22 14 44 39 277.0  6.8
2016 09 22 14 44 55 281.0  7.1
2016 09 22 14 45 11 279.8  7.6
2016 09 22 14 45 27 278.3  7.0
2016 09 22 14 45 43 279.8  7.4
2016 09 22 14 45 59 278.9  6.8
2016 09 22 14 46 15 281.8  6.4
2016 09 22 14 46 31 279.7  6.5
2016 09 22 14 46 46 277.8  8.5
2016 09 22 14 47 02 278.2  6.7
2016 09 22 14 47 18 279.1  7.4
2016 09 22 14 47 34 284.1  7.2
2016 09 22 14 47 50 279.4  6.9
2016 09 22 14 48 06 281.7  6.6
2016 09 22 14 48 22 277.6  7.0
2016 09 22 14 48 39 277.0  6.5
2016 09 22 14 48 55 279.1  6.5
2016 09 22 14 49 10 279.2  7.3
2016 09 22 14 49 26 278.5  7.5
2016 09 22 14 49 42 278.2  7.6
2016 09 22 14 49 58 279.4  7.7
2016 09 22 14 50 14 281.4  7.3
2016 09 22 14 50 30 280.2  7.9
2016 09 22 14 50 46 278.9  6.7
2016 09 22 14 51 02 279.8  6.5
2016 09 22 14 51 18 280.6  7.8
2016 09 22 14 51 34 275.9  7.1
2016 09 22 14 51 50 277.3  6.8
2016 09 22 14 52 05 279.8  6.6
2016 09 22 14 52 21 273.4  7.7
2016 09 22 14 52 37 278.8  6.8
2016 09 22 14 52 53 277.4  7.4
2016 09 22 14 53 09 278.6  6.4
2016 09 22 14 53 25 281.2  7.3
2016 09 22 14 53 41 275.7  6.2
2016 09 22 14 53 57 278.0  6.9
2016 09 22 14 54 13 279.4  6.6
2016 09 22 14 54 29 277.8  6.4
2016 09 22 14 54 45 279.7  6.4
2016 09 22 14 55 01 276.8  6.8
2016 09 22 14 55 17 278.9  6.5
2016 09 22 14 55 33 276.0  7.2
2016 09 22 14 55 49 280.2  6.0
2016 09 22 14 56 05 284.2  6.2
2016 09 22 14 56 21 279.1  6.3
2016 09 22 14 56 37 277.2  6.9
2016 09 22 14 56 53 281.3  6.1
2016 09 22 14 57 09 281.5  7.4
2016 09 22 14 57 24 282.0  6.2
2016 09 22 14 57 40 278.8  6.4
2016 09 22 14 57 56 277.6  6.8
2016 09 22 14 58 12 282.9  7.2
2016 09 22 14 58 28 280.1  6.6
2016 09 22 14 58 44 279.1  6.1
2016 09 22 14 59 00 277.9  6.2
2016 09 22 14 59 16 284.3  7.6
2016 09 22 14 59 32 275.9  7.1
2016 09 22 14 59 48 279.4  6.6
2016 09 22 15 00 04 278.8  6.6
2016 09 22 15 00 20 279.7  6.8
2016 09 22 15 00 36 278.7  7.6
2016 09 22 15 00 52 278.4  8.0
2016 09 22 15 01 08 282.1  7.9
2016 09 22 15 01 24 278.7  9.0
2016 09 22 15 01 40 280.1  8.0
2016 09 22 15 01 56 278.6  7.9
2016 09 22 15 02 12 279.0  9.5
2016 09 22 15 02 28 278.2  9.4
2016 09 22 15 02 44 281.0  9.1
2016 09 22 15 02 59 279.3  6.9
2016 09 22 15 03 15 277.2  7.8
2016 09 22 15 03 31 282.2  8.2
2016 09 22 15 03 47 284.6  8.3
2016 09 22 15 04 03 283.0  7.5
2016 09 22 15 04 19 280.1  7.1
2016 09 22 15 04 35 283.5  7.7
2016 09 22 15 04 51 277.2  7.8
2016 09 22 15 07 29 272.1  5.1
2016 09 22 15 07 45 272.3  4.4
2016 09 22 15 08 01 277.7  3.8
2016 09 22 15 08 17 274.8  4.5
2016 09 22 15 08 33 278.2  3.9
2016 09 22 15 08 49 277.1  3.6
2016 09 22 15 09 04 274.4  6.2
2016 09 22 15 09 20 280.1  3.6
2016 09 22 15 09 36 282.1  5.5
2016 09 22 15 09 52 277.8  4.7
2016 09 22 15 10 08 276.5  4.1
2016 09 22 15 10 24 277.1  4.3
2016 09 22 15 10 40 279.2  6.1
2016 09 22 15 16 48 278.6  9.3
2016 09 22 15 17 04 283.7  9.8
2016 09 22 15 17 20 276.6 10.2
2016 09 22 15 17 36 279.9  9.2
2016 09 22 15 17 52 278.5  8.6
2016 09 22 15 18 08 277.9  8.9
2016 09 22 15 18 24 285.3  7.8
2016 09 22 15 18 39 280.5  8.0
2016 09 22 15 18 55 280.9  8.9
2016 09 22 15 19 11 282.6  7.9
2016 09 22 15 19 27 282.0  7.4
2016 09 22 15 19 43 284.5  9.5
2016 09 22 15 19 59 275.8  8.0
2016 09 22 15 20 15 281.8  9.9
2016 09 22 15 20 31 282.1  7.6
2016 09 22 15 20 47 280.7  7.7
2016 09 22 15 36 45 278.1  4.0
2016 09 22 15 38 42 281.8  6.3
2016 09 22 15 38 54 275.8  4.8
2016 09 22 15 39 07 276.6  4.9
2016 09 22 15 39 20 277.2  6.2
2016 09 22 15 39 33 275.3  4.7
2016 09 22 15 39 45 276.7  4.3
2016 09 22 15 39 58 279.8  5.3
2016 09 22 15 40 11 282.1  4.9
2016 09 22 15 40 24 275.1  5.5
2016 09 22 15 40 36 281.5  5.1
2016 09 22 15 40 49 278.6  6.8
2016 09 22 15 41 02 278.6  5.4
2016 09 22 15 41 15 280.5  5.2
2016 09 22 15 41 28 276.7  6.3
2016 09 22 15 41 41 278.1  5.9
2016 09 22 15 41 54 277.4  4.5
2016 09 22 15 42 06 277.7  7.3
2016 09 22 15 42 19 281.9  5.3
2016 09 22 15 42 32 277.1  5.7
2016 09 22 15 42 45 279.2  6.8
2016 09 22 15 42 58 277.7  5.3
2016 09 22 15 43 10 280.7  5.3
2016 09 22 15 43 23 281.4  6.2
2016 09 22 15 43 36 277.3  6.4
2016 09 22 15 43 49 287.5  8.4
2016 09 22 15 44 02 275.5  6.3
2016 09 22 15 44 15 279.4  7.7
2016 09 22 15 44 28 281.8  6.8
2016 09 22 15 44 40 277.7  5.6
2016 09 22 15 44 53 273.5  7.9
2016 09 22 15 45 06 278.7  5.7
2016 09 22 15 45 19 278.0  6.3
2016 09 22 15 45 32 281.9  7.2
2016 09 22 15 45 45 288.3 11.2
2016 09 22 15 45 58 273.9  7.1
2016 09 22 15 46 11 277.2  7.2
2016 09 22 15 46 23 279.2  6.0
2016 09 22 15 46 36 277.1  6.5
2016 09 22 15 46 49 276.3  6.2
2016 09 22 15 47 02 282.9  5.4
2016 09 22 15 47 15 276.3  7.9
2016 09 22 15 47 28 276.9  6.8
2016 09 22 15 47 41 278.4  5.5
2016 09 22 15 47 53 279.1  5.9
2016 09 22 15 48 06 281.5  6.3
2016 09 22 15 48 19 279.7  5.8
2016 09 22 15 48 32 274.2  5.8
2016 09 22 15 48 45 279.0  5.9
2016 09 22 15 48 58 281.8  6.6
2016 09 22 15 49 11 276.3  6.1
2016 09 22 15 49 23 275.6  5.5
2016 09 22 15 49 36 280.7  6.1
2016 09 22 15 49 49 279.5  5.8
2016 09 22 15 50 02 279.5  6.0
2016 09 22 15 50 15 272.1  6.9
2016 09 22 15 50 28 279.4  4.3
2016 09 22 15 50 40 281.2  7.9
2016 09 22 15 50 53 280.8  7.6
2016 09 22 15 51 06 272.9  6.5
2016 09 22 15 51 19 274.9  4.6
2016 09 22 15 51 32 275.0  6.2
2016 09 22 15 51 45 279.9  5.2
2016 09 22 15 51 57 281.6  7.3
2016 09 22 15 52 10 278.9  7.1
2016 09 22 15 52 23 278.1  4.5
2016 09 22 15 52 36 280.1  8.0
2016 09 22 15 52 49 280.9  5.9
2016 09 22 15 53 02 274.1  5.8
2016 09 22 15 53 15 274.8  5.3
2016 09 22 15 53 27 278.8  6.2
2016 09 22 15 53 40 271.1  8.4
2016 09 22 15 53 53 279.8  7.5
2016 09 22 15 54 06 274.0  6.8
2016 09 22 15 54 19 274.7  5.9
2016 09 22 15 54 32 281.3  6.6
2016 09 22 15 54 45 276.8  7.0
2016 09 22 15 54 57 274.5  8.1
2016 09 22 15 55 10 277.6  5.9
2016 09 22 15 55 23 283.3  6.4
2016 09 22 15 55 36 276.7  8.2
2016 09 22 15 55 49 271.4  7.7
2016 09 22 15 56 02 285.5  5.4
2016 09 22 15 56 15 274.8  7.2
2016 09 22 15 56 27 273.3  6.4
2016 09 22 15 56 40 279.2  4.5
2016 09 22 15 56 53 276.2  5.9
2016 09 22 15 57 06 274.4  6.4
2016 09 22 15 57 19 284.8  9.2
2016 09 22 15 57 32 281.8  6.0
2016 09 22 15 57 45 276.1  6.0
2016 09 22 15 57 57 289.5 10.2
2016 09 22 15 58 10 276.6  7.8
2016 09 22 15 58 23 278.1  6.4
2016 09 22 15 58 36 280.4  6.6
2016 09 22 15 58 49 278.4  4.9
2016 09 22 15 59 02 277.0  6.4
2016 09 22 15 59 15 279.0  6.1
2016 09 22 15 59 40 278.1  4.9
2016 09 22 15 59 53 277.0  5.4
2016 09 22 16 00 06 277.8  6.6
2016 09 22 16 00 19 288.0  9.2
2016 09 22 16 00 32 275.3  6.4
2016 09 22 16 00 45 277.4  5.9
2016 09 22 16 00 58 278.7 10.5
2016 09 22 16 01 10 280.1  5.9
2016 09 22 16 01 23 278.2  7.6
2016 09 22 16 01 36 277.6  5.6
2016 09 22 16 01 49 274.9  8.4
2016 09 22 16 02 02 281.0  6.1
2016 09 22 16 02 15 272.3  6.6
2016 09 22 16 02 28 279.2  7.6
2016 09 22 16 02 40 286.2  9.0
2016 09 22 16 02 53 275.5  5.4
2016 09 22 16 03 06 274.9  5.2
2016 09 22 16 03 19 281.2  9.7
2016 09 22 16 03 32 276.2  5.8
2016 09 22 16 03 45 276.3  5.3
2016 09 22 16 03 58 277.1  6.4
2016 09 22 16 04 11 273.8  8.8
2016 09 22 16 04 23 277.8  6.9
2016 09 22 16 04 36 283.5  8.6
2016 09 22 16 04 49 273.2  9.4
2016 09 22 16 05 02 281.4  7.8
2016 09 22 16 05 15 276.1  5.6
2016 09 22 16 05 28 274.3  6.2
2016 09 22 16 05 41 274.9  8.6
2016 09 22 16 05 53 273.4  6.5
2016 09 22 16 06 06 271.1  7.8
2016 09 22 16 06 19 275.6  4.5
2016 09 22 16 06 32 273.8  5.9
2016 09 22 16 06 45 276.3  9.3
2016 09 22 16 06 58 276.6  4.9
2016 09 22 16 07 11 278.5  7.8
2016 09 22 16 07 23 275.7  5.9
2016 09 22 16 07 36 274.3  5.1
2016 09 22 16 07 49 276.7  6.5
2016 09 22 16 08 02 284.8  8.9
2016 09 22 16 08 15 274.6  6.2
2016 09 22 16 08 41 277.5  5.2
2016 09 22 16 08 54 280.8 10.7
2016 09 22 16 09 19 278.2  5.5
2016 09 22 16 09 32 281.9  5.4
2016 09 22 16 09 45 274.2  7.6
2016 09 22 16 09 58 290.5 10.4
2016 09 22 16 10 11 278.0  5.2
2016 09 22 16 10 24 270.9  6.9
2016 09 22 16 10 37 271.7  6.1
2016 09 22 16 10 49 276.4  5.3
2016 09 22 16 11 02 273.6  7.4
2016 09 22 16 11 15 275.0  9.4
2016 09 22 16 11 28 279.3  6.1
2016 09 22 16 11 41 280.8 11.2
2016 09 22 16 11 54 273.6  7.5
2016 09 22 16 12 07 278.3  8.8
2016 09 22 16 12 20 292.4 10.5
2016 09 22 16 12 32 273.1  7.2
2016 09 22 16 12 45 271.6  5.9
2016 09 22 16 12 58 279.7  7.9
2016 09 22 16 13 11 277.4  7.9
2016 09 22 16 13 24 275.7  6.1
2016 09 22 16 13 37 279.2  6.0
2016 09 22 16 14 03 275.0  9.8
2016 09 22 16 14 16 282.8  6.9
2016 09 22 16 14 29 283.7  7.0
2016 09 22 16 14 41 282.4  9.1
2016 09 22 16 14 54 283.3  8.4
2016 09 22 16 15 07 284.0  9.2
2016 09 22 16 15 20 274.3  6.0
2016 09 22 16 15 33 275.6  7.1
2016 09 22 16 15 46 274.7  6.5
2016 09 22 16 15 59 286.0  9.6
2016 09 22 16 16 12 271.1  8.0
2016 09 22 16 16 25 285.2  7.1
2016 09 22 16 16 37 279.1  7.0
2016 09 22 16 16 50 274.3  9.0
2016 09 22 16 17 03 274.1  7.9
2016 09 22 16 17 16 279.1 11.7
2016 09 22 16 17 42 272.0  7.8
2016 09 22 16 17 55 277.3 10.2
2016 09 22 16 18 08 276.7  5.7
2016 09 22 16 18 21 280.3  7.8
2016 09 22 16 18 34 281.8  7.3
2016 09 22 16 18 46 279.3  7.5
2016 09 22 16 18 59 274.2  7.9
2016 09 22 16 19 12 273.0  5.9
2016 09 22 16 19 25 281.1  7.5
2016 09 22 16 19 38 294.5 11.4
2016 09 22 16 19 51 280.9  6.1
2016 09 22 16 20 04 276.0  6.3
2016 09 22 16 20 17 279.0  7.9
2016 09 22 16 20 30 282.5  9.3
2016 09 22 16 20 42 280.1  9.2
2016 09 22 16 20 55 266.9  9.6
2016 09 22 16 21 08 273.6  9.3
2016 09 22 16 21 21 276.1  8.1
2016 09 22 16 21 34 289.5  7.7
2016 09 22 16 21 47 270.3  9.8
2016 09 22 16 21 60 279.0  8.3
2016 09 22 16 22 13 274.6  8.8
2016 09 22 16 22 26 277.8  9.6
2016 09 22 16 23 04 275.2  7.9
2016 09 22 16 23 17 277.7  8.6
2016 09 22 16 23 30 267.7  9.3
2016 09 22 16 23 43 285.9  8.7
2016 09 22 16 23 56 274.1  8.4
2016 09 22 16 24 09 275.1  9.0
2016 09 22 16 24 22 270.6  7.2
2016 09 22 16 24 35 283.8  6.7
2016 09 22 16 24 48 268.7  6.2
2016 09 22 16 25 00 279.5  6.0
2016 09 22 16 25 13 277.5  9.5
2016 09 22 16 25 26 279.1  8.7
2016 09 22 16 25 39 281.0  5.9
2016 09 22 16 25 52 270.8  8.1
2016 09 22 16 26 18 271.3  9.8
2016 09 22 16 26 31 274.1 10.6
2016 09 22 16 26 44 290.2 11.4
2016 09 22 16 26 56 283.7  8.3
2016 09 22 16 27 22 278.0  8.6
2016 09 22 16 27 35 276.9  8.2
2016 09 22 16 27 48 280.0 11.9
2016 09 22 16 28 01 266.7  7.0
2016 09 22 16 28 14 279.9  9.7
2016 09 22 16 28 27 272.1  6.9
2016 09 22 16 28 40 274.1 10.3
2016 09 22 16 28 53 267.7  9.4
2016 09 22 16 29 06 285.9 10.0
2016 09 22 16 29 18 267.5  8.6
2016 09 22 16 29 31 269.6  9.8
2016 09 22 16 29 57 278.4  9.9
2016 09 22 16 31 02 278.6  7.7
2016 09 22 16 31 14 286.2 11.7
2016 09 22 16 31 27 275.8 11.5
2016 09 22 16 31 40 276.4  8.5
2016 09 22 16 32 19 270.8 10.6
2016 09 22 16 32 45 274.4  9.8
2016 09 22 16 32 58 273.6  9.9
2016 09 22 16 33 11 285.2  8.2
2016 09 22 16 33 24 278.6  7.1
2016 09 22 16 34 02 283.2 10.3
2016 09 22 16 34 28 281.3  8.7
2016 09 22 16 34 54 279.6 10.7
2016 09 22 16 35 07 265.3  9.4
2016 09 22 16 35 46 274.8  9.6
2016 09 22 16 35 58 265.8  9.4
2016 09 22 16 36 24 272.6 10.4
2016 09 22 16 36 37 274.2 10.1
2016 09 22 16 37 03 270.3  9.9
2016 09 22 16 37 16 266.7 10.5
2016 09 22 16 37 29 279.5 10.9
2016 09 22 16 37 42 280.0  8.7
2016 09 22 16 38 08 277.2  8.4
2016 09 22 16 38 47 274.6 10.3
2016 09 22 16 38 59 274.5 10.7
2016 09 22 16 39 12 272.7 11.8
2016 09 22 16 39 38 274.9  8.9
2016 09 22 16 39 51 269.3 11.4
2016 09 22 16 40 30 275.6 11.0
2016 09 22 16 40 43 282.0  9.8
2016 09 22 16 41 34 272.3  8.9
2016 09 22 16 41 60 267.7  7.9
2016 09 22 16 43 05 285.6  9.9
2016 09 22 16 44 22 273.8  8.9
2016 09 22 16 45 01 274.8  6.4
2016 09 22 16 45 40 274.9 11.3
2016 09 22 16 46 06 270.5  7.7
2016 09 22 16 46 32 267.3 10.0
2016 09 22 16 46 57 283.9  8.5
2016 09 22 16 47 10 266.3  8.8
2016 09 22 16 47 36 280.6 10.0
2016 09 22 16 48 41 281.5  8.9
2016 09 22 16 48 54 271.8  6.9
2016 09 22 16 49 20 275.4  6.9
2016 09 22 16 49 33 263.0 10.9
2016 09 22 16 49 46 280.0  7.0
2016 09 22 16 49 59 275.8  7.4
2016 09 22 16 50 50 271.3 10.0
2016 09 22 16 53 13 265.5 11.0
2016 09 22 16 53 26 275.5  6.4
2016 09 22 16 54 30 272.0  9.0
2016 09 22 16 54 56 268.8  9.1
2016 09 22 16 55 22 272.5  9.7
2016 09 22 16 57 57 268.4 10.6
2016 09 22 16 58 49 277.9 11.5
2016 09 22 17 07 01 276.0 10.1
