%BTS ozone retrieval from direct irradiance
%4 8 2017 Luca Egli (Format: Date/Time, TO3, Crit.) range: 300 -340 nm, with wl-shift
%Using Ozonesonde ozonsonde/ozonesonde_16092111.24Z.csv
%Effective ozone temperature 229.1 K
%Effective ozone height 24.5 km 
%Using ozone x-sections bremen
2016 09 25 08 48 44 278.8  8.9
2016 09 25 08 49 18 264.5 10.7
2016 09 25 08 55 35 253.4 11.9
2016 09 25 08 56 10 266.1  5.6
2016 09 25 08 56 44 276.1 11.5
2016 09 25 08 57 18 266.7 11.1
2016 09 25 08 57 52 266.4  8.1
2016 09 25 08 58 27 267.0  7.9
2016 09 25 08 59 01 260.4 10.4
2016 09 25 09 00 10 273.2  8.9
2016 09 25 09 06 27 279.0 11.7
2016 09 25 09 07 01 273.5  7.7
2016 09 25 09 08 09 271.0  8.2
2016 09 25 09 09 18 262.4  6.7
2016 09 25 09 11 01 265.6  9.0
2016 09 25 09 12 09 278.3  8.5
2016 09 25 09 12 40 275.6 11.6
2016 09 25 09 13 08 263.5  8.2
2016 09 25 09 13 36 273.1  8.0
2016 09 25 09 14 32 275.5  9.6
2016 09 25 09 14 59 284.3  9.3
2016 09 25 09 15 27 271.8  8.8
2016 09 25 09 15 54 271.0  9.6
2016 09 25 09 16 21 277.2  5.5
2016 09 25 09 16 48 266.0  5.4
2016 09 25 09 17 15 273.4  5.0
2016 09 25 09 17 41 273.6  6.3
2016 09 25 09 18 08 258.7 10.7
2016 09 25 09 18 34 279.5  7.7
2016 09 25 09 19 26 275.5  8.0
2016 09 25 09 19 51 269.2  8.3
2016 09 25 09 20 16 261.9  8.3
2016 09 25 09 20 41 273.1  8.3
2016 09 25 09 21 07 278.3  9.7
2016 09 25 09 21 32 274.6  4.8
2016 09 25 09 21 57 277.8  6.8
2016 09 25 09 22 21 285.6  8.9
2016 09 25 09 22 46 269.6  6.9
2016 09 25 09 23 11 269.2  6.8
2016 09 25 09 23 59 272.2  7.4
2016 09 25 09 24 23 280.4  9.7
2016 09 25 09 24 48 265.9  6.7
2016 09 25 09 25 12 272.4  5.6
2016 09 25 09 25 36 272.6  6.4
2016 09 25 09 25 60 278.0  7.9
2016 09 25 09 26 23 269.8  5.2
2016 09 25 09 26 47 272.6  7.6
2016 09 25 09 27 11 275.8  6.6
2016 09 25 09 27 35 272.9  5.2
2016 09 25 09 27 58 275.6  6.8
2016 09 25 09 28 21 275.6  5.6
2016 09 25 09 28 44 275.7  5.5
2016 09 25 09 29 30 271.0  5.9
2016 09 25 09 29 52 265.5  6.5
2016 09 25 09 30 15 267.6  6.3
2016 09 25 09 30 38 273.7  6.7
2016 09 25 09 31 01 278.5 10.2
2016 09 25 09 31 23 279.4 10.0
2016 09 25 09 31 45 273.7  5.6
2016 09 25 09 32 08 272.8  6.1
2016 09 25 09 32 52 272.7  7.6
2016 09 25 09 33 14 274.9  5.0
2016 09 25 09 33 36 271.6  5.5
2016 09 25 09 33 58 275.1  7.3
2016 09 25 09 34 20 271.0  5.1
2016 09 25 09 34 42 268.4  5.6
2016 09 25 09 35 04 270.8  4.2
2016 09 25 09 35 26 268.1  5.9
2016 09 25 09 35 47 266.2  5.8
2016 09 25 09 36 09 268.8  5.1
2016 09 25 09 36 30 274.2  7.9
2016 09 25 09 36 52 267.8  5.2
2016 09 25 09 37 13 269.5  6.2
2016 09 25 09 37 35 275.5  6.6
2016 09 25 09 37 56 266.6  6.7
2016 09 25 09 38 17 271.4  6.4
2016 09 25 09 38 38 270.1  5.7
2016 09 25 09 38 58 272.8  6.8
2016 09 25 09 39 19 269.8  4.3
2016 09 25 09 39 40 270.8  6.7
2016 09 25 09 40 00 271.8  6.2
2016 09 25 09 40 21 274.2  5.1
2016 09 25 09 40 41 267.4  6.4
2016 09 25 09 41 02 270.3  6.1
2016 09 25 09 41 22 274.9  6.2
2016 09 25 09 41 43 280.8  7.9
2016 09 25 09 42 03 270.2  6.2
2016 09 25 09 42 24 272.6  5.9
2016 09 25 09 42 44 280.3  6.5
2016 09 25 09 43 04 275.7  6.6
2016 09 25 09 43 24 272.2  7.7
2016 09 25 09 43 44 275.6  6.4
2016 09 25 09 44 05 282.1 10.0
2016 09 25 09 44 25 277.0  7.6
2016 09 25 09 44 45 272.4  5.1
2016 09 25 09 45 05 273.9  5.2
2016 09 25 09 45 24 274.2  5.8
2016 09 25 09 45 44 271.6  6.5
2016 09 25 09 46 03 279.1  5.3
2016 09 25 09 46 23 270.3  7.2
2016 09 25 09 46 43 277.2  6.3
2016 09 25 09 47 02 267.5  5.2
2016 09 25 09 47 22 274.1  5.7
2016 09 25 09 48 15 273.7  5.4
2016 09 25 09 48 35 272.0  6.4
2016 09 25 09 48 54 273.5  5.2
2016 09 25 09 49 13 274.4  5.2
2016 09 25 10 01 04 270.6  8.5
2016 09 25 10 01 31 275.9  5.5
2016 09 25 10 01 49 269.5  5.6
2016 09 25 10 02 07 276.9  5.7
2016 09 25 10 02 24 273.7  5.8
2016 09 25 10 02 42 281.4  8.2
2016 09 25 10 02 59 274.9  5.7
2016 09 25 10 03 17 271.2  5.9
2016 09 25 10 03 34 275.6  6.6
2016 09 25 10 03 52 272.9  5.0
2016 09 25 10 04 09 276.7  7.2
2016 09 25 10 04 27 268.5  5.9
2016 09 25 10 04 44 270.3  6.1
2016 09 25 10 05 01 272.6  8.4
2016 09 25 10 05 18 276.6  7.5
2016 09 25 10 05 35 276.4  6.3
2016 09 25 10 05 53 276.6  6.6
2016 09 25 10 06 10 268.6  8.5
2016 09 25 10 06 27 272.0  6.8
2016 09 25 10 06 44 274.0  5.9
2016 09 25 10 07 01 275.5  6.6
2016 09 25 10 07 18 270.7  7.5
2016 09 25 10 07 35 273.6  6.9
2016 09 25 10 07 52 267.1  7.0
2016 09 25 10 08 10 270.2  6.9
2016 09 25 10 08 27 275.5  6.5
2016 09 25 10 08 44 276.2  5.3
2016 09 25 10 09 01 272.8  6.2
2016 09 25 10 09 17 269.6  7.0
2016 09 25 10 09 34 273.5  5.3
2016 09 25 10 09 51 272.7  5.9
2016 09 25 10 10 08 270.1  6.4
2016 09 25 10 10 25 271.5  5.5
2016 09 25 10 10 42 271.9  6.0
2016 09 25 10 10 59 269.7  5.7
2016 09 25 10 11 16 274.0  6.0
2016 09 25 10 11 33 275.0  6.6
2016 09 25 10 11 50 271.2  6.0
2016 09 25 10 12 07 273.0  6.6
2016 09 25 10 12 23 272.8  6.5
2016 09 25 10 12 40 272.1  6.4
2016 09 25 10 12 58 271.9  5.2
2016 09 25 10 13 14 274.3  6.1
2016 09 25 10 13 31 272.8  6.7
2016 09 25 10 13 48 271.7  6.2
2016 09 25 10 14 05 271.7  7.6
2016 09 25 10 14 22 271.7  5.9
2016 09 25 10 14 38 270.8  5.1
2016 09 25 10 14 55 274.5  5.6
2016 09 25 10 15 11 273.9  6.6
2016 09 25 10 15 27 271.5  6.3
2016 09 25 10 15 44 274.5  6.8
2016 09 25 10 16 00 275.3  5.9
2016 09 25 10 16 16 273.5  6.0
2016 09 25 10 16 32 272.6  7.6
2016 09 25 10 16 48 277.3  5.6
2016 09 25 10 17 04 274.9  6.8
2016 09 25 10 17 20 271.0  6.8
2016 09 25 10 17 36 275.4  5.1
2016 09 25 10 17 52 276.6  5.4
2016 09 25 10 18 08 274.2  5.6
2016 09 25 10 18 24 273.2  4.9
2016 09 25 10 18 40 275.8  6.9
2016 09 25 10 18 56 273.7  7.2
2016 09 25 10 19 12 277.0  5.6
2016 09 25 10 19 28 275.5  5.8
2016 09 25 10 19 44 276.2  6.7
2016 09 25 10 20 00 275.0  5.2
2016 09 25 10 20 16 272.3  7.6
2016 09 25 10 20 32 274.2  6.0
2016 09 25 10 20 48 277.9  5.9
2016 09 25 10 21 04 272.3  6.4
2016 09 25 10 21 19 275.0  6.9
2016 09 25 10 21 35 272.7  6.2
2016 09 25 10 21 51 275.6  5.6
2016 09 25 10 22 07 276.1  7.3
2016 09 25 10 22 22 274.3  5.3
2016 09 25 10 22 38 274.9  5.4
2016 09 25 10 22 54 275.9  5.2
2016 09 25 10 23 09 273.4  6.7
2016 09 25 10 23 25 269.7  7.0
2016 09 25 10 23 41 273.3  5.6
2016 09 25 10 23 56 271.9  6.2
2016 09 25 10 24 12 274.1  7.9
2016 09 25 10 24 28 270.3  5.7
2016 09 25 10 24 44 274.8  6.2
2016 09 25 10 24 59 273.7  7.3
2016 09 25 10 25 15 274.4  5.8
2016 09 25 10 25 30 273.9  6.5
2016 09 25 10 25 46 272.5  7.4
2016 09 25 10 26 02 271.3  6.5
2016 09 25 10 26 18 274.6  5.5
2016 09 25 10 26 34 277.7  5.3
2016 09 25 10 26 50 274.6  5.7
2016 09 25 10 27 06 273.3  6.0
2016 09 25 10 27 21 274.3  6.1
2016 09 25 10 27 37 275.9  6.5
2016 09 25 10 27 52 273.1  5.0
2016 09 25 10 28 08 275.0  5.9
2016 09 25 10 28 23 273.7  6.6
2016 09 25 10 28 39 272.2  5.1
2016 09 25 10 28 55 270.7  6.6
2016 09 25 10 29 10 271.7  6.4
2016 09 25 10 29 26 271.5  7.1
2016 09 25 10 29 41 276.4  6.5
2016 09 25 10 29 57 277.9  6.0
2016 09 25 10 30 13 274.4  5.1
2016 09 25 10 30 28 274.4  5.5
2016 09 25 10 30 44 278.8  5.6
2016 09 25 10 31 00 274.8  6.5
2016 09 25 10 31 16 272.9  6.1
2016 09 25 10 31 31 274.5  5.7
2016 09 25 10 31 46 274.5  7.1
2016 09 25 10 32 02 275.6  5.9
2016 09 25 10 32 17 277.6  6.2
2016 09 25 10 32 33 278.1  5.8
2016 09 25 10 32 48 275.8  5.8
2016 09 25 10 33 03 275.9  5.9
2016 09 25 10 33 18 272.8  6.2
2016 09 25 10 33 33 275.8  7.0
2016 09 25 10 33 48 274.0  6.3
2016 09 25 10 34 03 274.2  6.9
2016 09 25 10 34 18 271.5  6.1
2016 09 25 10 34 32 273.5  5.8
2016 09 25 10 34 47 276.3  6.9
2016 09 25 10 35 02 272.5  6.8
2016 09 25 10 35 17 272.9  5.9
2016 09 25 10 35 32 272.1  7.6
2016 09 25 10 35 46 274.9  7.1
2016 09 25 10 36 01 276.8  6.5
2016 09 25 10 36 16 271.9  6.1
2016 09 25 10 36 30 273.2  6.0
2016 09 25 10 36 45 276.9  5.5
2016 09 25 10 36 60 278.7  6.8
2016 09 25 10 37 15 273.0  6.0
2016 09 25 10 37 30 275.4  5.5
2016 09 25 10 37 44 275.3  5.3
2016 09 25 10 37 59 277.4  6.7
2016 09 25 10 38 14 275.0  6.9
2016 09 25 10 38 29 275.8  6.2
2016 09 25 10 38 43 270.6  6.4
2016 09 25 10 38 58 276.9  7.7
2016 09 25 10 39 13 276.9  6.6
2016 09 25 10 39 27 273.3  5.9
2016 09 25 10 39 42 275.1  6.8
2016 09 25 10 39 56 276.6  6.3
2016 09 25 10 40 11 273.1  5.6
2016 09 25 10 40 26 272.6  6.8
2016 09 25 10 40 40 277.6  6.8
2016 09 25 10 40 55 273.3  5.7
2016 09 25 10 41 09 271.1  6.1
2016 09 25 10 41 24 274.6  6.3
2016 09 25 10 41 38 273.9  6.6
2016 09 25 10 41 53 274.0  5.3
2016 09 25 10 42 07 274.0  6.5
2016 09 25 10 42 22 276.4  6.3
2016 09 25 10 42 36 276.9  6.3
2016 09 25 10 42 50 272.9  6.1
2016 09 25 10 43 05 277.8  6.2
2016 09 25 10 43 19 271.3  6.9
2016 09 25 10 43 34 274.2  6.3
2016 09 25 10 43 48 272.5  6.9
2016 09 25 10 44 03 277.2  6.7
2016 09 25 10 44 17 275.4  5.5
2016 09 25 10 44 32 278.0  6.4
2016 09 25 10 44 46 274.5  6.7
2016 09 25 10 45 00 275.2  6.1
2016 09 25 10 45 15 273.7  6.5
2016 09 25 10 45 29 275.7  6.9
2016 09 25 10 45 43 273.7  6.9
2016 09 25 10 45 58 274.0  6.0
2016 09 25 10 46 12 273.6  6.3
2016 09 25 10 46 26 276.9  7.2
2016 09 25 10 46 41 274.4  7.0
2016 09 25 10 46 55 275.2  5.6
2016 09 25 10 47 09 275.0  6.1
2016 09 25 10 47 23 276.1  5.5
2016 09 25 10 47 37 277.3  9.0
2016 09 25 10 47 52 273.4  6.1
2016 09 25 10 48 06 272.3  6.7
2016 09 25 10 48 20 278.4  5.5
2016 09 25 10 48 34 271.4  5.9
2016 09 25 10 48 48 276.3  6.1
2016 09 25 10 49 02 273.7  6.4
2016 09 25 10 49 17 276.3  6.3
2016 09 25 10 49 31 273.1  6.7
2016 09 25 10 49 45 272.0  7.7
2016 09 25 10 49 59 275.9  6.3
2016 09 25 10 50 13 275.8  6.2
2016 09 25 10 50 27 273.2  7.0
2016 09 25 10 50 41 273.8  7.9
2016 09 25 10 50 55 277.5  6.0
2016 09 25 10 51 09 279.4  8.0
2016 09 25 10 51 23 276.3  7.9
2016 09 25 10 51 38 274.7  6.1
2016 09 25 10 51 52 276.1  7.6
2016 09 25 10 52 06 272.6  6.3
2016 09 25 10 52 20 276.0  7.5
2016 09 25 10 52 34 276.9  5.8
2016 09 25 10 52 48 275.7  6.0
2016 09 25 10 53 02 281.0  6.2
2016 09 25 10 53 16 276.7  5.9
2016 09 25 10 53 30 277.9  6.0
2016 09 25 10 53 44 271.9  5.8
2016 09 25 10 53 58 274.0  6.7
2016 09 25 10 54 25 271.9  6.5
2016 09 25 10 54 39 275.8  6.0
2016 09 25 10 54 53 274.4  6.2
2016 09 25 10 55 07 279.6  6.5
2016 09 25 10 55 21 274.5  6.3
2016 09 25 10 55 35 274.1  6.9
2016 09 25 10 55 49 274.3  6.3
2016 09 25 10 56 03 275.1  5.7
2016 09 25 10 56 16 273.5  7.7
2016 09 25 10 56 30 275.9  6.3
2016 09 25 10 56 44 274.1  6.8
2016 09 25 10 56 58 272.6  7.1
2016 09 25 10 57 12 276.1  8.3
2016 09 25 10 57 25 275.3  7.3
2016 09 25 10 57 39 275.4  7.3
2016 09 25 10 57 53 275.2  6.3
2016 09 25 10 58 07 273.8  6.2
2016 09 25 10 58 20 274.0  6.7
2016 09 25 10 58 34 276.4  6.1
2016 09 25 10 58 48 275.3  6.2
2016 09 25 10 59 02 272.6  6.0
2016 09 25 10 59 15 274.4  6.9
2016 09 25 10 59 29 272.4  6.8
2016 09 25 10 59 43 278.2  6.8
2016 09 25 10 59 57 275.3  6.6
2016 09 25 11 00 10 276.1  5.8
2016 09 25 11 00 24 276.5  7.1
2016 09 25 11 00 38 273.5  6.4
2016 09 25 11 00 51 273.8  6.6
2016 09 25 11 01 05 277.0  5.7
2016 09 25 11 01 19 277.1  6.9
2016 09 25 11 01 32 275.6  6.9
2016 09 25 11 01 46 273.0  6.8
2016 09 25 11 01 59 276.9  8.6
2016 09 25 11 02 13 275.5  6.8
2016 09 25 11 02 27 274.6  6.2
2016 09 25 11 02 40 273.3  7.0
2016 09 25 11 02 54 276.2  6.8
2016 09 25 11 03 08 275.5  7.6
2016 09 25 11 03 21 278.1  8.2
2016 09 25 11 03 35 274.3  7.1
2016 09 25 11 03 48 272.0  7.4
2016 09 25 11 04 02 272.9  7.3
2016 09 25 11 04 15 272.0  6.3
2016 09 25 11 04 29 272.9  6.6
2016 09 25 11 04 42 275.7  6.6
2016 09 25 11 04 56 274.4  5.7
2016 09 25 11 05 09 276.7  6.5
2016 09 25 11 05 23 274.4  8.1
2016 09 25 11 05 36 278.8  6.6
2016 09 25 11 05 50 278.1  6.9
2016 09 25 11 06 03 274.5  7.3
2016 09 25 11 06 17 275.1  7.9
2016 09 25 11 06 30 274.8  6.6
2016 09 25 11 06 44 278.0  6.6
2016 09 25 11 06 57 274.7  6.3
2016 09 25 11 07 10 278.0  6.6
2016 09 25 11 07 24 275.5  7.0
2016 09 25 11 07 37 278.5  7.0
2016 09 25 11 07 51 273.2  7.6
2016 09 25 11 08 04 274.4  6.4
2016 09 25 11 08 17 276.4  6.8
2016 09 25 11 08 31 275.4  6.7
2016 09 25 11 08 44 276.0  6.4
2016 09 25 11 08 58 273.6  6.7
2016 09 25 11 09 11 277.3  7.0
2016 09 25 11 09 24 278.7  7.4
2016 09 25 11 09 38 275.6  8.1
2016 09 25 11 09 51 275.1  5.8
2016 09 25 11 10 04 275.1  6.3
2016 09 25 11 10 18 276.7  6.1
2016 09 25 11 10 31 274.1  7.2
2016 09 25 11 10 44 276.3  6.5
2016 09 25 11 10 58 275.2  7.6
2016 09 25 11 11 11 278.6  6.7
2016 09 25 11 11 24 277.1  7.2
2016 09 25 11 11 38 272.7  6.4
2016 09 25 11 11 51 275.8  6.1
2016 09 25 11 12 04 275.6  6.6
2016 09 25 11 12 18 278.8  7.1
2016 09 25 11 12 31 278.3  7.0
2016 09 25 11 12 44 274.5  7.1
2016 09 25 11 12 57 272.4  7.6
2016 09 25 11 13 11 273.5  6.0
2016 09 25 11 13 24 274.2  7.2
2016 09 25 11 13 37 276.4  6.3
2016 09 25 11 13 50 274.9  6.8
2016 09 25 11 14 04 282.3  7.1
2016 09 25 11 14 17 277.5  7.1
2016 09 25 11 14 30 276.2  7.6
2016 09 25 11 14 43 276.2  5.9
2016 09 25 11 14 56 275.1  6.3
2016 09 25 11 15 10 276.7  7.0
2016 09 25 11 15 23 274.9  6.2
2016 09 25 11 15 36 272.6  7.5
2016 09 25 11 15 49 277.2  7.8
2016 09 25 11 16 02 275.3  6.6
2016 09 25 11 16 16 274.6  7.1
2016 09 25 11 16 29 275.8  7.3
2016 09 25 11 16 42 277.2  7.1
2016 09 25 11 16 55 273.3  6.5
2016 09 25 11 17 08 274.4  6.1
2016 09 25 11 17 21 275.4  6.5
2016 09 25 11 17 34 276.6  6.8
2016 09 25 11 17 47 275.4  6.7
2016 09 25 11 18 01 274.1  6.8
2016 09 25 11 18 14 274.7  6.2
2016 09 25 11 18 27 275.7  7.4
2016 09 25 11 18 40 273.7  6.3
2016 09 25 11 18 53 275.5  7.3
2016 09 25 11 19 06 278.1  6.4
2016 09 25 11 19 19 277.2  6.7
2016 09 25 11 19 32 273.8  7.2
2016 09 25 11 19 45 274.2  6.5
2016 09 25 11 19 58 274.8  6.6
2016 09 25 11 20 11 275.5  7.0
2016 09 25 11 20 25 277.6  7.2
2016 09 25 11 20 38 275.7  6.7
2016 09 25 11 20 51 275.6  6.7
2016 09 25 11 21 04 274.4  6.8
2016 09 25 11 21 17 279.4  6.8
2016 09 25 11 21 30 276.3  7.5
2016 09 25 11 21 43 275.9  6.8
2016 09 25 11 21 56 273.8  6.5
2016 09 25 11 22 09 275.9  7.0
2016 09 25 11 22 21 275.8  6.4
2016 09 25 11 22 34 274.4  6.7
2016 09 25 11 22 47 277.1  6.4
2016 09 25 11 22 60 276.1  7.7
2016 09 25 11 23 13 275.7  6.7
2016 09 25 11 23 26 275.3  7.2
2016 09 25 11 23 39 276.6  8.1
2016 09 25 11 23 52 277.2  7.7
2016 09 25 11 24 05 276.6  6.6
2016 09 25 11 24 18 275.6  7.5
2016 09 25 11 24 31 277.0  7.2
2016 09 25 11 24 44 274.7  6.9
2016 09 25 11 24 56 277.0  6.4
2016 09 25 11 25 09 275.8  7.4
2016 09 25 11 25 22 276.3  6.8
2016 09 25 11 25 35 277.6  6.4
2016 09 25 11 25 48 275.8  6.7
2016 09 25 11 26 01 279.4  6.9
2016 09 25 11 26 14 277.0  7.5
2016 09 25 11 26 27 274.8  7.7
2016 09 25 11 26 40 276.7  7.5
2016 09 25 11 26 53 276.8  7.0
2016 09 25 11 27 06 278.4  7.6
2016 09 25 11 27 19 273.8  7.3
2016 09 25 11 27 32 276.4  6.9
2016 09 25 11 27 44 275.6  6.9
2016 09 25 11 27 57 276.6  6.4
2016 09 25 11 28 10 278.6  7.1
2016 09 25 11 28 23 275.8  8.3
2016 09 25 11 28 36 277.5  7.9
2016 09 25 11 28 49 277.7  6.6
2016 09 25 11 29 02 275.4  6.4
2016 09 25 11 29 15 276.7  6.8
2016 09 25 11 29 27 277.9  7.7
2016 09 25 11 29 40 277.9  6.6
2016 09 25 11 29 53 276.0  7.8
2016 09 25 11 30 06 274.3  7.9
2016 09 25 11 30 19 276.9  6.3
2016 09 25 11 30 32 275.9  7.2
2016 09 25 11 30 45 275.8  8.0
2016 09 25 11 30 57 280.6  7.7
2016 09 25 11 31 10 276.9  6.7
2016 09 25 11 31 23 280.1  7.8
2016 09 25 11 31 36 275.3  5.9
2016 09 25 11 31 48 276.2  6.7
2016 09 25 11 32 01 274.9  7.5
2016 09 25 11 32 14 277.9  6.4
2016 09 25 11 32 27 273.9  7.4
2016 09 25 11 32 39 278.5  6.8
2016 09 25 11 32 52 278.9  7.0
2016 09 25 11 33 05 276.7  7.7
2016 09 25 11 33 17 274.9  7.1
2016 09 25 11 33 30 275.3  7.1
2016 09 25 11 33 43 276.8  6.8
2016 09 25 11 33 55 276.4  6.5
2016 09 25 11 34 08 275.0  6.7
2016 09 25 11 34 21 276.9  7.5
2016 09 25 11 34 34 274.5  6.9
2016 09 25 11 34 46 277.4  6.8
2016 09 25 11 34 59 282.1  6.2
2016 09 25 11 35 12 278.2  5.9
2016 09 25 11 35 24 274.9  7.3
2016 09 25 11 35 37 278.0  8.2
2016 09 25 11 35 50 275.3  6.1
2016 09 25 11 36 03 272.0  7.4
2016 09 25 11 36 15 275.4  8.3
2016 09 25 11 36 28 274.7  7.1
2016 09 25 11 36 41 276.3  7.2
2016 09 25 11 36 53 275.4  6.7
2016 09 25 11 37 06 277.5  7.0
2016 09 25 11 37 18 278.9  7.2
2016 09 25 11 37 31 275.8  7.7
2016 09 25 11 37 44 278.9  8.3
2016 09 25 11 37 57 276.0  7.2
2016 09 25 11 38 10 275.6  7.4
2016 09 25 11 38 22 274.5  7.4
2016 09 25 11 38 35 275.8  6.5
2016 09 25 11 38 48 276.2  7.9
2016 09 25 11 39 01 278.9  6.8
2016 09 25 11 39 13 277.8  6.9
2016 09 25 11 39 26 278.5  7.6
2016 09 25 11 39 39 277.6  6.9
2016 09 25 11 39 51 278.9  7.2
2016 09 25 11 40 04 275.3  7.0
2016 09 25 11 40 17 277.7  6.9
2016 09 25 11 40 29 278.8  6.8
2016 09 25 11 40 42 274.8  7.6
2016 09 25 11 40 55 274.5  7.4
2016 09 25 11 41 07 276.7  6.4
2016 09 25 11 41 20 275.3  6.4
2016 09 25 11 41 32 277.8  6.8
2016 09 25 11 41 45 276.7  6.8
2016 09 25 11 41 57 276.5  6.6
2016 09 25 11 42 10 277.2  6.9
2016 09 25 11 42 23 274.3  6.8
2016 09 25 11 42 35 276.3  6.7
2016 09 25 11 42 48 276.8  6.4
2016 09 25 11 43 01 277.4  6.9
2016 09 25 11 43 13 275.0  7.6
2016 09 25 11 43 26 279.5  7.5
2016 09 25 11 43 38 274.9  7.8
2016 09 25 11 43 51 276.6  6.9
2016 09 25 11 44 03 279.4  7.0
2016 09 25 11 44 16 277.2  7.8
2016 09 25 11 44 29 276.7  7.2
2016 09 25 11 44 41 278.8  6.4
2016 09 25 11 44 54 277.7  7.5
2016 09 25 11 45 06 276.9  6.8
2016 09 25 11 45 19 276.9  7.6
2016 09 25 11 45 31 276.7  7.7
2016 09 25 11 45 44 279.4  7.7
2016 09 25 11 45 56 277.6  6.9
2016 09 25 11 46 09 278.8  7.4
2016 09 25 11 46 21 276.1  7.5
2016 09 25 11 46 34 277.2  7.6
2016 09 25 11 46 46 277.2  7.7
2016 09 25 11 46 59 277.0  7.6
2016 09 25 11 47 11 275.4  7.8
2016 09 25 11 47 24 277.0  6.7
2016 09 25 11 47 36 276.5  6.6
2016 09 25 11 47 49 281.3  7.2
2016 09 25 11 48 01 277.9  7.3
2016 09 25 11 48 14 278.0  7.9
2016 09 25 11 48 26 276.2  7.1
2016 09 25 11 48 39 278.4  7.1
2016 09 25 11 48 52 278.8  7.2
2016 09 25 11 49 04 274.7  6.9
2016 09 25 11 49 17 274.8  7.7
2016 09 25 11 49 29 279.0  6.8
2016 09 25 11 49 42 275.4  7.9
2016 09 25 11 49 54 280.6  7.1
2016 09 25 11 50 07 279.7  7.7
2016 09 25 11 50 19 277.1  7.8
2016 09 25 11 50 32 278.3  6.7
2016 09 25 11 50 44 278.6  6.6
2016 09 25 11 50 57 277.6  7.7
2016 09 25 11 51 09 277.5  6.5
2016 09 25 11 51 22 277.9  7.6
2016 09 25 11 51 34 276.0  7.7
2016 09 25 11 51 47 277.7  7.9
2016 09 25 11 51 59 279.5  7.5
2016 09 25 11 52 12 277.5  7.5
2016 09 25 11 52 24 276.3  7.1
2016 09 25 11 52 37 278.6  6.2
2016 09 25 11 52 49 276.2  7.0
2016 09 25 11 53 01 278.1  6.7
2016 09 25 11 53 14 274.3  7.1
2016 09 25 11 53 26 277.8  6.8
2016 09 25 11 53 39 276.8  7.9
2016 09 25 11 53 51 278.5  7.7
2016 09 25 11 54 04 277.3  7.9
2016 09 25 11 54 16 276.9  6.9
2016 09 25 11 54 28 278.0  7.3
2016 09 25 11 54 41 276.6  7.3
2016 09 25 11 54 53 276.9  7.1
2016 09 25 11 55 06 278.7  8.2
2016 09 25 11 55 18 276.0  8.2
2016 09 25 11 55 30 278.4  7.0
2016 09 25 11 55 43 275.1  7.9
2016 09 25 11 55 55 277.8  7.3
2016 09 25 11 56 07 275.6  8.2
2016 09 25 11 56 20 276.6  6.6
2016 09 25 11 56 32 277.4  7.2
2016 09 25 11 56 45 278.6  7.3
2016 09 25 11 56 57 277.5  7.5
2016 09 25 11 57 09 278.4  7.5
2016 09 25 11 57 22 276.3  6.6
2016 09 25 11 57 34 275.8  7.1
2016 09 25 11 57 46 277.6  7.0
2016 09 25 11 57 59 279.1  7.3
2016 09 25 11 58 11 275.7  7.8
2016 09 25 11 58 23 279.0  7.8
2016 09 25 11 58 35 279.4  6.6
2016 09 25 11 58 48 275.1  6.5
2016 09 25 11 59 00 277.6  6.8
2016 09 25 11 59 12 276.1  7.7
2016 09 25 11 59 25 275.0  7.5
2016 09 25 11 59 37 277.2  6.7
2016 09 25 11 59 49 278.5  7.2
2016 09 25 12 00 02 278.5  7.1
2016 09 25 12 00 14 279.1  7.4
2016 09 25 12 00 26 278.1  7.0
2016 09 25 12 00 38 277.7  6.5
2016 09 25 12 00 51 279.6  7.1
2016 09 25 12 01 03 278.1  6.4
2016 09 25 12 01 15 275.9  7.1
2016 09 25 12 01 28 277.7  6.3
2016 09 25 12 01 40 278.1  8.3
2016 09 25 12 01 52 281.0  6.8
2016 09 25 12 02 05 279.6  6.7
2016 09 25 12 02 17 277.8  6.9
2016 09 25 12 02 29 279.4  7.9
2016 09 25 12 02 41 280.1  6.8
2016 09 25 12 02 54 280.2  7.5
2016 09 25 12 03 06 278.6  6.7
2016 09 25 12 03 18 280.6  6.6
2016 09 25 12 03 30 277.6  7.2
2016 09 25 12 03 43 277.5  7.7
2016 09 25 12 03 55 278.6  6.4
2016 09 25 12 04 07 276.3  7.1
2016 09 25 12 04 20 276.4  8.5
2016 09 25 12 04 32 277.1  7.0
2016 09 25 12 04 44 278.6  7.8
2016 09 25 12 04 56 276.4  6.2
2016 09 25 12 05 08 280.7  7.2
2016 09 25 12 05 21 278.6  6.8
2016 09 25 12 05 33 279.0  6.8
2016 09 25 12 05 45 278.2  7.0
2016 09 25 12 05 57 277.5  7.0
2016 09 25 12 06 10 277.1  6.6
2016 09 25 12 06 22 277.7  6.2
2016 09 25 12 06 34 278.3  6.4
2016 09 25 12 06 46 276.3  7.1
2016 09 25 12 06 58 276.6  6.7
2016 09 25 12 07 10 277.9  6.6
2016 09 25 12 07 23 278.8  7.9
2016 09 25 12 07 35 277.6  6.8
2016 09 25 12 07 47 276.0  6.3
2016 09 25 12 07 60 278.7  7.0
2016 09 25 12 08 12 277.1  7.3
2016 09 25 12 08 24 278.9  6.8
2016 09 25 12 08 37 280.2  7.0
2016 09 25 12 08 49 280.8  6.8
2016 09 25 12 09 01 279.6  6.8
2016 09 25 12 09 13 281.0  7.1
2016 09 25 12 09 26 276.6  7.7
2016 09 25 12 09 38 277.8  6.2
2016 09 25 12 09 50 277.2  7.7
2016 09 25 12 10 02 278.4  7.5
2016 09 25 12 10 14 278.8  7.8
2016 09 25 12 10 27 279.3  6.8
2016 09 25 12 10 39 278.7  7.7
2016 09 25 12 10 51 280.1  6.7
2016 09 25 12 11 03 279.9  6.7
2016 09 25 12 11 15 278.4  7.8
2016 09 25 12 11 28 279.5  7.8
2016 09 25 12 11 40 278.1  7.1
2016 09 25 12 11 52 278.6  7.7
2016 09 25 12 12 04 278.3  7.6
2016 09 25 12 12 16 277.0  6.6
2016 09 25 12 12 28 278.6  6.8
2016 09 25 12 12 41 278.8  8.2
2016 09 25 12 12 53 278.2  8.5
2016 09 25 12 13 05 275.1  8.1
2016 09 25 12 13 17 274.5  7.7
2016 09 25 12 13 30 279.4  7.5
2016 09 25 12 13 42 276.8  8.2
2016 09 25 12 13 54 275.6  7.8
2016 09 25 12 14 06 279.6  7.9
2016 09 25 12 14 18 278.0  7.4
2016 09 25 12 14 31 278.0  7.4
2016 09 25 12 14 43 277.5  7.5
2016 09 25 12 14 55 278.1  7.3
2016 09 25 12 15 07 278.5  7.9
2016 09 25 12 15 19 277.9  6.9
2016 09 25 12 15 32 278.7  6.8
2016 09 25 12 15 44 280.4  8.3
2016 09 25 12 15 56 278.8  7.4
2016 09 25 12 16 08 275.8  7.3
2016 09 25 12 16 20 278.4  8.4
2016 09 25 12 16 33 280.1  7.9
2016 09 25 12 16 45 276.9  6.8
2016 09 25 12 16 57 278.3  6.8
2016 09 25 12 17 09 279.0  7.2
2016 09 25 12 17 21 277.2  7.2
2016 09 25 12 17 33 279.2  7.0
2016 09 25 12 17 46 277.9  7.9
2016 09 25 12 17 58 280.0  7.2
2016 09 25 12 18 10 277.0  7.4
2016 09 25 12 18 22 276.8  6.9
2016 09 25 12 18 34 278.1  7.0
2016 09 25 12 18 46 278.9  7.0
2016 09 25 12 18 58 279.4  7.9
2016 09 25 12 19 10 282.5  7.4
2016 09 25 12 19 22 274.9  8.1
2016 09 25 12 19 35 278.9  7.0
2016 09 25 12 19 47 277.2  7.3
2016 09 25 12 19 59 277.0  7.4
2016 09 25 12 20 11 279.6  7.3
2016 09 25 12 20 23 276.5  7.4
2016 09 25 12 20 35 277.4  7.7
2016 09 25 12 20 47 277.5  7.8
2016 09 25 12 20 59 279.2  8.9
2016 09 25 12 21 11 278.7  6.3
2016 09 25 12 21 24 276.8  7.1
2016 09 25 12 21 36 278.5  6.9
2016 09 25 12 21 48 278.7  7.4
2016 09 25 12 22 00 277.1  7.7
2016 09 25 12 22 12 278.6  7.6
2016 09 25 12 22 24 278.1  7.2
2016 09 25 12 22 36 280.5  8.1
2016 09 25 12 22 48 279.0  8.1
2016 09 25 12 23 00 277.6  7.8
2016 09 25 12 23 13 279.0  7.3
2016 09 25 12 23 25 276.6  7.9
2016 09 25 12 23 37 280.4  7.0
2016 09 25 12 23 49 279.0  7.1
2016 09 25 12 24 01 278.8  7.9
2016 09 25 12 24 13 279.1  8.2
2016 09 25 12 24 25 278.4  8.0
2016 09 25 12 24 37 279.9  7.4
2016 09 25 12 24 49 276.7  7.0
2016 09 25 12 25 01 278.4  7.8
2016 09 25 12 25 13 277.1  7.6
2016 09 25 12 25 25 279.9  7.8
2016 09 25 12 25 37 280.3  6.7
2016 09 25 12 25 49 275.9  8.0
2016 09 25 12 26 02 278.7  7.5
2016 09 25 12 26 14 278.4  7.4
2016 09 25 12 26 26 279.9  7.3
2016 09 25 12 26 38 278.6  7.6
2016 09 25 12 26 50 280.6  6.9
2016 09 25 12 27 02 278.5  7.8
2016 09 25 12 27 14 279.7  7.7
2016 09 25 12 27 26 280.2  7.5
2016 09 25 12 27 38 278.2  8.6
2016 09 25 12 27 50 276.3  7.3
2016 09 25 12 28 02 277.3  6.9
2016 09 25 12 28 14 277.3  7.8
2016 09 25 12 28 26 278.2  8.5
2016 09 25 12 28 38 279.2  7.0
2016 09 25 12 28 50 279.8  7.0
2016 09 25 12 29 02 280.4  6.5
2016 09 25 12 29 14 277.8  7.3
2016 09 25 12 29 26 279.1  7.1
2016 09 25 12 29 38 277.1  8.1
2016 09 25 12 29 50 279.7  6.4
2016 09 25 12 30 03 277.1  7.6
2016 09 25 12 30 15 276.8  8.3
2016 09 25 12 30 27 279.9  7.4
2016 09 25 12 30 39 278.8  7.0
2016 09 25 12 30 51 277.0  7.8
2016 09 25 12 31 03 277.7  6.7
2016 09 25 12 31 15 280.2  7.5
2016 09 25 12 31 27 279.8  8.6
2016 09 25 12 31 39 279.6  8.6
2016 09 25 12 31 51 279.5  7.7
2016 09 25 12 32 03 280.7  7.6
2016 09 25 12 32 15 276.3  7.4
2016 09 25 12 32 27 282.5  7.5
2016 09 25 12 32 39 280.3  7.1
2016 09 25 12 32 51 276.7  7.8
2016 09 25 12 33 03 280.3  7.5
2016 09 25 12 33 15 278.4  7.4
2016 09 25 12 33 27 278.5  7.7
2016 09 25 12 33 39 279.1  8.4
2016 09 25 12 33 51 278.7  7.4
2016 09 25 12 34 03 277.9  6.8
2016 09 25 12 34 15 279.0  8.0
2016 09 25 12 34 27 278.2  7.1
2016 09 25 12 34 39 277.4  7.5
2016 09 25 12 34 51 276.7  7.1
2016 09 25 12 35 03 279.3  8.4
2016 09 25 12 35 15 277.1  7.4
2016 09 25 12 35 27 279.2  7.8
2016 09 25 12 35 39 276.2  7.3
2016 09 25 12 35 51 277.3  7.3
2016 09 25 12 36 03 280.2  7.6
2016 09 25 12 36 15 279.2  7.1
2016 09 25 12 36 27 278.8  7.8
2016 09 25 12 36 39 277.3  7.8
2016 09 25 12 36 51 280.6  7.5
2016 09 25 12 37 03 278.1  7.6
2016 09 25 12 37 15 278.2  7.8
2016 09 25 12 37 27 278.0  6.3
2016 09 25 12 37 39 276.7  7.3
2016 09 25 12 37 51 278.1  7.6
2016 09 25 12 38 03 278.0  7.0
2016 09 25 12 38 15 277.8  7.1
2016 09 25 12 38 27 277.6  7.6
2016 09 25 12 38 39 278.9  6.8
2016 09 25 12 38 51 279.7  7.1
2016 09 25 12 39 03 278.7  7.8
2016 09 25 12 39 15 275.5  7.6
2016 09 25 12 39 27 279.2  7.7
2016 09 25 12 39 39 277.7  7.6
2016 09 25 12 39 51 279.7  6.8
2016 09 25 12 40 03 279.1  7.9
2016 09 25 12 40 15 279.7  7.7
2016 09 25 12 40 27 278.2  7.3
2016 09 25 12 40 39 280.1  7.2
2016 09 25 12 40 51 278.3  7.5
2016 09 25 12 41 03 281.1  6.8
2016 09 25 12 41 15 279.1  7.1
2016 09 25 12 41 27 279.6  7.5
2016 09 25 12 41 39 279.1  7.2
2016 09 25 12 41 51 279.2  8.0
2016 09 25 12 42 03 278.9  8.1
2016 09 25 12 42 15 277.9  7.6
2016 09 25 12 42 27 279.2  6.3
2016 09 25 12 42 39 279.3  7.2
2016 09 25 12 42 51 277.6  7.0
2016 09 25 12 43 03 278.9  6.9
2016 09 25 12 43 15 278.5  7.3
2016 09 25 12 43 27 277.4  6.6
2016 09 25 12 43 39 278.4  8.4
2016 09 25 12 43 51 278.7  6.9
2016 09 25 12 44 03 279.4  6.8
2016 09 25 12 44 15 280.5  6.9
2016 09 25 12 44 27 277.7  7.8
2016 09 25 12 44 39 277.9  7.4
2016 09 25 12 44 51 279.5  7.0
2016 09 25 12 45 03 279.4  7.6
2016 09 25 12 45 15 277.7  7.3
2016 09 25 12 45 27 279.8  7.3
2016 09 25 12 45 38 276.8  7.8
2016 09 25 12 45 50 278.3  6.9
2016 09 25 12 46 02 278.4  7.1
2016 09 25 12 46 14 281.2  7.8
2016 09 25 12 46 26 279.4  7.4
2016 09 25 12 46 38 278.3  8.0
2016 09 25 12 46 50 278.1  7.1
2016 09 25 12 47 02 277.9  7.4
2016 09 25 12 47 14 277.0  7.4
2016 09 25 12 47 26 279.0  7.3
2016 09 25 12 47 38 278.0  7.0
2016 09 25 12 47 50 279.1  7.3
2016 09 25 12 48 02 278.9  7.7
2016 09 25 12 48 14 277.5  7.2
2016 09 25 12 48 26 279.4  7.8
2016 09 25 12 48 38 280.3  7.3
2016 09 25 12 48 50 279.5  7.5
2016 09 25 12 49 02 277.1  7.7
2016 09 25 12 49 14 278.3  7.6
2016 09 25 12 49 26 280.8  8.5
2016 09 25 12 49 38 275.8  8.0
2016 09 25 12 49 50 279.5  7.0
2016 09 25 12 50 02 277.8  8.2
2016 09 25 12 50 14 278.7  7.1
2016 09 25 12 50 26 279.7  7.2
2016 09 25 12 50 38 276.5  7.3
2016 09 25 12 50 50 277.2  7.6
2016 09 25 12 51 02 277.6  7.4
2016 09 25 12 51 13 277.6  8.2
2016 09 25 12 51 25 276.4  7.6
2016 09 25 12 51 37 279.3  7.2
2016 09 25 12 51 49 279.2  7.0
2016 09 25 12 52 01 278.2  6.9
2016 09 25 12 52 13 279.0  7.5
2016 09 25 12 52 25 278.4  7.8
2016 09 25 12 52 37 280.8  7.5
2016 09 25 12 52 49 279.0  8.7
2016 09 25 12 53 01 280.3  7.4
2016 09 25 12 53 13 278.4  7.4
2016 09 25 12 53 25 278.5  7.3
2016 09 25 12 53 37 278.9  6.8
2016 09 25 12 53 49 277.4  7.8
2016 09 25 12 54 00 277.3  6.5
2016 09 25 12 54 12 277.2  6.8
2016 09 25 12 54 24 278.3  7.5
2016 09 25 12 54 36 279.4  7.7
2016 09 25 12 54 48 277.5  8.0
2016 09 25 12 55 00 278.4  7.1
2016 09 25 12 55 12 279.2  7.3
2016 09 25 12 55 24 275.9  7.3
2016 09 25 12 55 36 277.9  7.1
2016 09 25 12 55 48 276.5  7.6
2016 09 25 12 56 00 276.4  7.5
2016 09 25 12 56 12 278.8  7.0
2016 09 25 12 56 24 276.9  6.6
2016 09 25 12 56 36 281.3  7.3
2016 09 25 12 56 48 278.8  6.8
2016 09 25 12 57 00 277.1  7.4
2016 09 25 12 57 12 278.1  7.7
2016 09 25 12 57 24 276.3  7.8
2016 09 25 12 57 36 279.3  6.7
2016 09 25 12 57 47 278.6  7.1
2016 09 25 12 57 60 276.6  7.7
2016 09 25 12 58 12 279.0  7.7
2016 09 25 12 58 24 277.1  6.7
2016 09 25 12 58 35 277.0  7.2
2016 09 25 12 58 47 278.3  7.6
2016 09 25 12 58 59 277.2  7.7
2016 09 25 12 59 11 277.9  7.3
2016 09 25 12 59 23 279.6  6.9
2016 09 25 12 59 35 275.8  7.6
2016 09 25 12 59 47 279.2  7.4
2016 09 25 12 59 59 278.2  7.5
2016 09 25 13 00 11 279.0  7.9
2016 09 25 13 00 23 278.4  8.0
2016 09 25 13 00 35 277.9  7.0
2016 09 25 13 00 47 277.2  7.7
2016 09 25 13 00 59 276.4  7.8
2016 09 25 13 01 11 278.5  7.7
2016 09 25 13 01 23 277.5  7.2
2016 09 25 13 01 35 278.7  7.8
2016 09 25 13 01 47 278.8  7.4
2016 09 25 13 01 59 276.0  7.1
2016 09 25 13 02 11 276.8  7.4
2016 09 25 13 02 23 277.1  7.3
2016 09 25 13 02 35 278.3  7.3
2016 09 25 13 02 47 277.9  7.5
2016 09 25 13 02 59 279.5  6.8
2016 09 25 13 03 11 276.9  7.5
2016 09 25 13 03 23 276.0  7.6
2016 09 25 13 03 34 278.0  7.3
2016 09 25 13 03 47 276.8  8.4
2016 09 25 13 03 59 279.7  8.4
2016 09 25 13 04 10 279.3  7.6
2016 09 25 13 04 22 278.3  7.3
2016 09 25 13 04 34 278.8  7.1
2016 09 25 13 04 46 279.5  8.1
2016 09 25 13 04 58 278.2  7.9
2016 09 25 13 05 10 278.2  8.4
2016 09 25 13 05 22 277.7  7.2
2016 09 25 13 05 34 277.4  7.7
2016 09 25 13 05 46 277.4  7.6
2016 09 25 13 05 58 278.3  7.9
2016 09 25 13 06 10 275.2  7.9
2016 09 25 13 06 22 275.9  7.3
2016 09 25 13 06 34 277.2  8.1
2016 09 25 13 06 46 277.0  7.8
2016 09 25 13 06 58 278.2  7.5
2016 09 25 13 07 10 279.5  7.1
2016 09 25 13 07 22 276.7  7.4
2016 09 25 13 07 34 277.4  7.1
2016 09 25 13 07 46 276.2  6.9
2016 09 25 13 07 58 278.2  7.8
2016 09 25 13 08 10 276.2  7.6
2016 09 25 13 08 22 278.8  7.2
2016 09 25 13 08 34 278.5  7.7
2016 09 25 13 08 46 277.6  6.7
2016 09 25 13 08 58 276.4  7.0
2016 09 25 13 09 10 280.0  8.1
2016 09 25 13 09 22 276.2  7.6
2016 09 25 13 09 34 277.8  7.6
2016 09 25 13 09 46 276.9  7.8
2016 09 25 13 09 58 279.4  7.5
2016 09 25 13 10 10 279.8  6.9
2016 09 25 13 10 22 277.1  7.6
2016 09 25 13 10 34 277.9  7.9
2016 09 25 13 10 46 278.2  7.3
2016 09 25 13 10 58 278.2  7.1
2016 09 25 13 11 10 277.3  7.2
2016 09 25 13 11 22 278.3  7.0
2016 09 25 13 11 34 280.7  8.1
2016 09 25 13 11 46 280.4  7.0
2016 09 25 13 11 58 280.1  6.9
2016 09 25 13 12 10 277.6  7.2
2016 09 25 13 12 22 277.3  7.1
2016 09 25 13 12 35 277.5  6.6
2016 09 25 13 12 47 276.4  7.2
2016 09 25 13 12 59 278.2  6.8
2016 09 25 13 13 11 276.5  8.7
2016 09 25 13 13 23 281.2  7.3
2016 09 25 13 13 35 278.4  6.9
2016 09 25 13 13 47 279.6  7.2
2016 09 25 13 13 58 280.1  7.3
2016 09 25 13 14 11 278.5  8.3
2016 09 25 13 14 23 278.2  7.3
2016 09 25 13 14 35 277.4  8.4
2016 09 25 13 14 46 277.2  7.0
2016 09 25 13 14 58 279.8  6.8
2016 09 25 13 15 11 278.2  7.2
2016 09 25 13 15 23 276.5  8.0
2016 09 25 13 15 34 278.3  7.9
2016 09 25 13 15 47 276.8  7.9
2016 09 25 13 15 59 278.6  7.5
2016 09 25 13 16 11 278.1  7.5
2016 09 25 13 16 23 276.0  7.8
2016 09 25 13 16 35 278.2  7.0
2016 09 25 13 16 47 276.8  7.4
2016 09 25 13 16 59 277.1  7.4
2016 09 25 13 17 11 276.4  7.0
2016 09 25 13 17 23 277.0  7.7
2016 09 25 13 17 35 279.2  7.9
2016 09 25 13 17 47 279.9  7.2
2016 09 25 13 17 59 276.8  6.8
2016 09 25 13 18 11 276.6  7.0
2016 09 25 13 18 23 277.3  6.9
2016 09 25 13 18 35 282.0  7.4
2016 09 25 13 18 47 278.6  7.9
2016 09 25 13 18 59 279.2  6.7
2016 09 25 13 19 11 278.9  8.2
2016 09 25 13 19 23 278.3  7.1
2016 09 25 13 19 35 279.2  9.1
2016 09 25 13 19 47 278.5  7.9
2016 09 25 13 19 59 279.9  6.5
2016 09 25 13 20 11 278.0  7.0
2016 09 25 13 20 23 276.0  7.4
2016 09 25 13 20 35 276.5  7.9
2016 09 25 13 20 47 277.6  7.5
2016 09 25 13 20 59 279.6  6.9
2016 09 25 13 21 11 277.1  6.8
2016 09 25 13 21 23 276.9  7.8
2016 09 25 13 21 35 276.6  7.6
2016 09 25 13 21 47 277.6  7.9
2016 09 25 13 21 59 279.1  6.9
2016 09 25 13 22 11 277.2  8.3
2016 09 25 13 22 23 278.9  7.3
2016 09 25 13 22 35 279.9  7.0
2016 09 25 13 22 47 278.7  6.8
2016 09 25 13 22 59 279.7  8.4
2016 09 25 13 23 11 276.2  7.2
2016 09 25 13 23 23 276.8  7.5
2016 09 25 13 23 35 277.2  7.1
2016 09 25 13 23 47 276.6  7.1
2016 09 25 13 23 60 278.9  6.7
2016 09 25 13 24 12 277.7  8.0
2016 09 25 13 24 24 278.2  6.9
2016 09 25 13 24 36 278.3  7.2
2016 09 25 13 24 48 278.7  6.9
2016 09 25 13 25 00 278.5  7.9
2016 09 25 13 25 12 279.3  7.2
2016 09 25 13 25 24 279.6  8.3
2016 09 25 13 25 36 279.6  7.7
2016 09 25 13 25 48 276.8  7.0
2016 09 25 13 26 00 279.2  7.4
2016 09 25 13 26 13 275.5  7.1
2016 09 25 13 26 25 275.6  7.1
2016 09 25 13 26 37 277.5  7.1
2016 09 25 13 26 49 279.0  7.3
2016 09 25 13 27 01 278.5  7.5
2016 09 25 13 27 13 277.8  6.8
2016 09 25 13 27 25 278.6  7.3
2016 09 25 13 27 37 279.6  7.6
2016 09 25 13 27 49 277.8  6.7
2016 09 25 13 28 02 280.0  7.9
2016 09 25 13 28 14 280.2  7.2
2016 09 25 13 28 26 278.0  8.1
2016 09 25 13 28 38 277.8  8.3
2016 09 25 13 28 50 279.6  7.5
2016 09 25 13 29 02 279.2  7.0
2016 09 25 13 29 14 279.2  7.7
2016 09 25 13 29 26 276.7  6.5
2016 09 25 13 29 38 277.8  8.0
2016 09 25 13 29 50 276.8  7.2
2016 09 25 13 30 02 277.6  7.9
2016 09 25 13 30 14 276.9  7.2
2016 09 25 13 30 26 276.5  7.5
2016 09 25 13 30 39 278.0  8.0
2016 09 25 13 30 51 277.3  7.5
2016 09 25 13 31 03 278.8  6.6
2016 09 25 13 31 15 278.7  6.7
2016 09 25 13 31 27 276.6  7.1
2016 09 25 13 31 39 277.7  8.5
2016 09 25 13 31 51 276.5  7.6
2016 09 25 13 32 03 280.7  7.0
2016 09 25 13 32 16 279.5  8.0
2016 09 25 13 32 28 277.8  7.7
2016 09 25 13 32 40 277.2  7.6
2016 09 25 13 32 52 276.9  7.3
2016 09 25 13 33 04 279.6  7.0
2016 09 25 13 33 16 278.2  7.9
2016 09 25 13 33 28 278.0  7.3
2016 09 25 13 33 40 279.5  6.6
2016 09 25 13 33 52 277.5  6.8
2016 09 25 13 34 04 279.4  7.3
2016 09 25 13 34 17 277.5  6.8
2016 09 25 13 34 29 277.8  7.0
2016 09 25 13 34 41 280.3  7.5
2016 09 25 13 34 53 277.5  7.2
2016 09 25 13 35 05 280.8  7.6
2016 09 25 13 35 17 278.8  6.9
2016 09 25 13 35 29 281.2  7.5
2016 09 25 13 35 41 281.0  8.1
2016 09 25 13 35 54 277.8  7.5
2016 09 25 13 36 06 280.2  6.8
2016 09 25 13 36 18 279.1  8.8
2016 09 25 13 36 30 280.7  6.6
2016 09 25 13 36 42 277.8  6.7
2016 09 25 13 36 54 278.2  7.2
2016 09 25 13 37 07 276.6  7.8
2016 09 25 13 37 19 279.3  6.5
2016 09 25 13 37 31 278.7  7.5
2016 09 25 13 37 43 278.2  6.8
2016 09 25 13 37 55 277.2  7.7
2016 09 25 13 38 07 279.5  6.8
2016 09 25 13 38 19 281.8  6.9
2016 09 25 13 38 31 280.7  7.4
2016 09 25 13 38 44 276.7  7.4
2016 09 25 13 38 56 278.6  7.7
2016 09 25 13 39 08 279.5  7.4
2016 09 25 13 39 20 278.2  7.8
2016 09 25 13 39 32 278.1  7.5
2016 09 25 13 39 44 279.1  6.6
2016 09 25 13 39 56 277.4  7.5
2016 09 25 13 40 09 279.8  7.5
2016 09 25 13 40 21 278.2  7.1
2016 09 25 13 40 33 279.2  7.4
2016 09 25 13 40 45 279.9  6.7
2016 09 25 13 40 57 278.6  7.3
2016 09 25 13 41 10 278.6  8.1
2016 09 25 13 41 22 278.2  7.7
2016 09 25 13 41 34 276.9  7.6
2016 09 25 13 41 46 279.7  8.3
2016 09 25 13 41 58 277.9  8.7
2016 09 25 13 42 11 278.1  7.5
2016 09 25 13 42 23 280.1  7.2
2016 09 25 13 42 35 277.0  6.9
2016 09 25 13 42 47 279.2  7.8
2016 09 25 13 42 60 278.4  7.2
2016 09 25 13 43 12 277.8  7.2
2016 09 25 13 43 24 278.3  7.4
2016 09 25 13 43 36 278.2  6.7
2016 09 25 13 43 48 279.9  6.7
2016 09 25 13 44 01 279.5  7.3
2016 09 25 13 44 13 280.1  8.5
2016 09 25 13 44 25 279.5  7.0
2016 09 25 13 44 37 278.2  6.8
2016 09 25 13 44 49 279.1  7.1
2016 09 25 13 45 01 276.8  7.6
2016 09 25 13 45 14 279.3  7.5
2016 09 25 13 45 26 279.7  7.6
2016 09 25 13 45 38 280.4  7.1
2016 09 25 13 45 50 279.2  7.6
2016 09 25 13 46 03 281.0  7.7
2016 09 25 13 46 15 279.6  7.0
2016 09 25 13 46 27 280.4  8.0
2016 09 25 13 46 39 278.5  7.1
2016 09 25 13 46 51 280.2  7.9
2016 09 25 13 47 04 278.2  7.1
2016 09 25 13 47 16 279.0  7.4
2016 09 25 13 47 28 281.1  6.7
2016 09 25 13 47 40 279.3  7.1
2016 09 25 13 47 53 278.6  7.1
2016 09 25 13 48 05 279.2  6.8
2016 09 25 13 48 18 279.0  7.4
2016 09 25 13 48 30 275.4  7.1
2016 09 25 13 48 42 279.0  6.9
2016 09 25 13 48 54 278.1  6.8
2016 09 25 13 49 07 276.9  7.0
2016 09 25 13 49 19 282.4  7.1
2016 09 25 13 49 31 276.7  6.6
2016 09 25 13 49 43 278.9  7.0
2016 09 25 13 49 55 277.6  8.2
2016 09 25 13 50 08 283.0  8.3
2016 09 25 13 50 20 281.6  7.4
2016 09 25 13 50 32 278.2  7.4
2016 09 25 13 50 44 279.0  7.9
2016 09 25 13 50 57 280.7  7.3
2016 09 25 13 51 09 278.1  7.4
2016 09 25 13 51 21 279.5  7.1
2016 09 25 13 51 34 276.9  6.8
2016 09 25 13 51 46 281.9  7.1
2016 09 25 13 51 58 277.0  7.9
2016 09 25 13 52 11 278.2  7.4
2016 09 25 13 52 23 278.8  6.9
2016 09 25 13 52 35 279.2  7.0
2016 09 25 13 52 48 277.9  6.5
2016 09 25 13 53 00 281.5  8.0
2016 09 25 13 53 12 278.9  6.7
2016 09 25 13 53 25 277.7  7.9
2016 09 25 13 53 37 278.3  7.0
2016 09 25 13 53 49 279.3  7.2
2016 09 25 13 54 02 278.1  7.6
2016 09 25 13 54 14 277.6  7.1
2016 09 25 13 54 26 277.0  6.9
2016 09 25 13 54 39 278.8  8.1
2016 09 25 13 54 51 278.3  7.3
2016 09 25 13 55 03 277.1  7.3
2016 09 25 13 55 16 277.5  7.2
2016 09 25 13 55 28 279.6  7.4
2016 09 25 13 55 41 278.8  7.0
2016 09 25 13 55 53 280.0  7.2
2016 09 25 13 56 05 277.5  7.2
2016 09 25 13 56 18 278.6  6.8
2016 09 25 13 56 30 278.9  7.5
2016 09 25 13 56 42 278.9  7.5
2016 09 25 13 56 55 278.9  6.8
2016 09 25 13 57 07 280.6  7.7
2016 09 25 13 57 20 278.6  7.2
2016 09 25 13 57 32 277.4  8.1
2016 09 25 13 57 44 278.0  7.4
2016 09 25 13 57 57 280.3  8.8
2016 09 25 13 58 09 278.5  7.1
2016 09 25 13 58 22 279.2  7.8
2016 09 25 13 58 34 277.0  7.4
2016 09 25 13 58 46 276.8  7.1
2016 09 25 13 58 59 275.7  7.5
2016 09 25 13 59 11 278.9  7.0
2016 09 25 13 59 24 278.4  7.6
2016 09 25 13 59 36 280.8  7.5
2016 09 25 13 59 48 279.7  7.6
2016 09 25 14 00 01 276.4  7.1
2016 09 25 14 00 13 276.0  7.0
2016 09 25 14 00 26 279.3  6.7
2016 09 25 14 00 38 277.8  6.8
2016 09 25 14 00 51 281.6  8.2
2016 09 25 14 01 03 275.4  6.4
2016 09 25 14 01 15 278.1  6.6
2016 09 25 14 01 28 279.3  8.2
2016 09 25 14 01 40 280.0  7.7
2016 09 25 14 01 52 279.9  6.5
2016 09 25 14 02 05 279.3  6.3
2016 09 25 14 02 17 276.3  7.5
2016 09 25 14 02 30 280.3  6.8
2016 09 25 14 02 42 281.0  7.4
2016 09 25 14 02 55 280.8  7.3
2016 09 25 14 03 07 277.3  6.8
2016 09 25 14 03 20 279.9  7.9
2016 09 25 14 03 32 279.2  6.6
2016 09 25 14 03 45 277.3  7.8
2016 09 25 14 03 57 278.3  6.4
2016 09 25 14 04 09 277.9  8.8
2016 09 25 14 04 22 278.6  6.9
2016 09 25 14 04 34 278.6  7.0
2016 09 25 14 04 47 278.8  6.5
2016 09 25 14 04 59 280.5  7.2
2016 09 25 14 05 12 278.1  7.8
2016 09 25 14 05 24 278.8  7.5
2016 09 25 14 05 37 279.5  6.9
2016 09 25 14 05 49 280.6  7.3
2016 09 25 14 06 02 278.8  7.8
2016 09 25 14 06 15 278.5  7.5
2016 09 25 14 06 27 278.9  6.5
2016 09 25 14 06 39 278.7  7.5
2016 09 25 14 06 52 277.9  6.9
2016 09 25 14 07 04 277.9  6.7
2016 09 25 14 07 17 278.6  6.9
2016 09 25 14 07 30 277.4  7.4
2016 09 25 14 07 42 278.8  6.9
2016 09 25 14 07 55 279.6  7.9
2016 09 25 14 08 07 280.7  8.0
2016 09 25 14 08 20 277.5  7.8
2016 09 25 14 08 32 277.9  7.6
2016 09 25 14 08 45 279.7  6.8
2016 09 25 14 08 57 278.4  7.6
2016 09 25 14 09 10 280.6  6.7
2016 09 25 14 09 22 278.9  6.6
2016 09 25 14 09 35 278.8  7.7
2016 09 25 14 09 47 275.8  7.6
2016 09 25 14 09 60 278.6  7.1
2016 09 25 14 10 12 278.7  7.6
2016 09 25 14 10 25 279.9  6.9
2016 09 25 14 10 38 278.8  7.1
2016 09 25 14 10 50 279.1  8.0
2016 09 25 14 11 03 280.2  6.5
2016 09 25 14 11 15 275.7  7.8
2016 09 25 14 11 28 281.1  6.7
2016 09 25 14 11 40 278.6  7.0
2016 09 25 14 11 53 280.1  7.9
2016 09 25 14 12 05 277.0  7.0
2016 09 25 14 12 18 278.2  7.2
2016 09 25 14 12 31 280.5  6.7
2016 09 25 14 12 43 278.8  7.6
2016 09 25 14 12 56 276.8  7.6
2016 09 25 14 13 08 279.3  7.4
2016 09 25 14 13 21 278.3  7.0
2016 09 25 14 13 33 278.4  7.6
2016 09 25 14 13 46 277.5  6.9
2016 09 25 14 13 58 278.9  6.9
2016 09 25 14 14 11 279.8  7.3
2016 09 25 14 14 24 275.9  7.1
2016 09 25 14 14 36 279.6  7.2
2016 09 25 14 14 49 281.4  6.8
2016 09 25 14 15 02 278.3  7.0
2016 09 25 14 15 14 278.8  7.1
2016 09 25 14 15 27 278.8  6.6
2016 09 25 14 15 40 279.3  6.6
2016 09 25 14 15 52 281.2  6.9
2016 09 25 14 16 05 277.7  6.8
2016 09 25 14 16 17 280.9  7.3
2016 09 25 14 16 30 277.8  6.7
2016 09 25 14 16 43 278.7  6.7
2016 09 25 14 16 55 279.0  7.1
2016 09 25 14 17 08 281.5  7.5
2016 09 25 14 17 21 280.0  6.1
2016 09 25 14 17 33 279.9  7.8
2016 09 25 14 17 46 277.5  6.6
2016 09 25 14 17 59 276.5  7.8
2016 09 25 14 18 11 280.7  7.1
2016 09 25 14 18 24 278.9  6.7
2016 09 25 14 18 37 277.9  6.7
2016 09 25 14 18 49 277.7  6.3
2016 09 25 14 19 02 276.9  7.8
2016 09 25 14 19 15 277.0  6.2
2016 09 25 14 19 27 276.5  8.3
2016 09 25 14 19 40 281.0  6.3
2016 09 25 14 19 53 277.5  6.5
2016 09 25 14 20 06 278.5  7.4
2016 09 25 14 20 18 280.2  7.4
2016 09 25 14 20 31 281.2  7.2
2016 09 25 14 20 44 278.7  6.6
2016 09 25 14 20 56 278.4  6.6
2016 09 25 14 21 09 280.4  7.5
2016 09 25 14 21 22 277.8  7.0
2016 09 25 14 21 35 276.7  6.6
2016 09 25 14 21 48 277.6  7.1
2016 09 25 14 22 00 276.3  8.1
2016 09 25 14 22 13 280.4  7.6
2016 09 25 14 22 26 279.8  6.4
2016 09 25 14 22 39 276.0  7.8
2016 09 25 14 22 51 276.7  7.1
2016 09 25 14 23 04 278.9  7.4
2016 09 25 14 23 17 279.3  7.1
2016 09 25 14 23 30 276.4  7.4
2016 09 25 14 23 43 277.4  7.7
2016 09 25 14 23 55 278.5  6.6
2016 09 25 14 24 08 277.2  8.3
2016 09 25 14 24 21 277.5  7.2
2016 09 25 14 24 34 278.5  7.2
2016 09 25 14 24 47 276.3  6.9
2016 09 25 14 24 60 279.0  6.4
2016 09 25 14 25 12 278.3  6.7
2016 09 25 14 25 25 277.5  7.5
2016 09 25 14 25 38 276.4  7.5
2016 09 25 14 25 51 276.9  7.0
2016 09 25 14 26 04 276.8  7.1
2016 09 25 14 26 17 280.0  6.1
2016 09 25 14 26 30 276.2  7.8
2016 09 25 14 26 43 280.8  7.2
2016 09 25 14 26 55 276.8  6.5
2016 09 25 14 27 08 279.0  6.8
2016 09 25 14 27 21 278.0  6.2
2016 09 25 14 27 34 280.5  8.1
2016 09 25 14 27 47 274.5  6.8
2016 09 25 14 27 60 281.0  5.9
2016 09 25 14 28 13 278.7  6.4
2016 09 25 14 28 26 278.5  6.9
2016 09 25 14 28 39 279.8  7.2
2016 09 25 14 28 52 279.9  7.2
2016 09 25 14 29 05 278.1  6.9
2016 09 25 14 29 18 278.6  7.6
2016 09 25 14 29 31 279.0  6.8
2016 09 25 14 29 44 279.5  6.6
2016 09 25 14 29 57 278.6  6.9
2016 09 25 14 30 10 282.7  7.1
2016 09 25 14 30 23 280.3  6.9
2016 09 25 14 30 36 276.7  7.6
2016 09 25 14 30 49 277.8  7.3
2016 09 25 14 31 02 277.6  6.4
2016 09 25 14 31 15 278.9  7.4
2016 09 25 14 31 28 278.7  6.8
2016 09 25 14 31 41 276.9  6.5
2016 09 25 14 31 54 278.3  6.0
2016 09 25 14 32 07 276.3  6.9
2016 09 25 14 32 20 278.6  6.6
2016 09 25 14 32 33 277.0  6.3
2016 09 25 14 32 46 278.4  6.3
2016 09 25 14 32 59 279.7  7.3
2016 09 25 14 33 12 275.8  7.7
2016 09 25 14 33 25 279.3  6.1
2016 09 25 14 33 38 281.7  6.7
2016 09 25 14 33 52 277.3  6.6
2016 09 25 14 34 05 277.4  7.0
2016 09 25 14 34 18 276.8  6.5
2016 09 25 14 34 31 278.7  7.9
2016 09 25 14 34 44 277.0  6.5
2016 09 25 14 34 57 277.4  6.9
2016 09 25 14 35 10 280.5  6.8
2016 09 25 14 35 23 280.3  6.3
2016 09 25 14 35 36 280.2  7.2
2016 09 25 14 35 50 279.9  7.0
2016 09 25 14 36 03 276.1  7.5
2016 09 25 14 36 16 280.5  6.5
2016 09 25 14 36 29 280.4  6.6
2016 09 25 14 36 42 278.0  7.1
2016 09 25 14 36 55 281.0  7.5
2016 09 25 14 37 09 276.2  7.5
2016 09 25 14 37 22 277.7  6.5
2016 09 25 14 37 35 276.3  5.8
2016 09 25 14 37 48 277.1  7.1
2016 09 25 14 38 02 277.5  7.1
2016 09 25 14 38 15 278.7  6.4
2016 09 25 14 38 28 279.7  7.8
2016 09 25 14 38 41 275.8  6.3
2016 09 25 14 38 55 278.9  6.8
2016 09 25 14 39 08 277.3  6.5
2016 09 25 14 39 21 278.6  6.6
2016 09 25 14 39 34 280.7  6.7
2016 09 25 14 39 47 280.5  6.6
2016 09 25 14 40 01 277.0  7.2
2016 09 25 14 40 14 277.3  6.7
2016 09 25 14 40 27 277.6  7.4
2016 09 25 14 40 40 278.1  6.2
2016 09 25 14 40 54 275.8  6.8
2016 09 25 14 41 07 281.1  7.5
2016 09 25 14 41 20 279.3  7.1
2016 09 25 14 41 34 276.4  6.6
2016 09 25 14 41 47 280.0  6.7
2016 09 25 14 42 00 279.4  6.3
2016 09 25 14 42 14 280.6  6.9
2016 09 25 14 42 27 277.7  7.1
2016 09 25 14 42 40 279.5  7.0
2016 09 25 14 42 54 277.1  6.6
2016 09 25 14 43 07 277.6  8.1
2016 09 25 14 43 20 277.4  6.7
2016 09 25 14 43 33 277.9  5.8
2016 09 25 14 43 47 278.6  6.3
2016 09 25 14 43 60 278.5  6.1
2016 09 25 14 44 13 278.2  6.7
2016 09 25 14 44 27 278.4  7.0
2016 09 25 14 44 40 276.9  6.7
2016 09 25 14 44 54 277.6  7.0
2016 09 25 14 45 07 277.5  6.3
2016 09 25 14 45 20 278.5  6.6
2016 09 25 14 45 34 279.0  6.7
2016 09 25 14 45 47 279.6  6.5
2016 09 25 14 46 00 277.8  7.2
2016 09 25 14 46 14 278.1  6.7
2016 09 25 14 46 27 278.1  6.7
2016 09 25 14 46 41 278.2  6.9
2016 09 25 14 46 54 279.4  6.2
2016 09 25 14 47 08 275.6  6.9
2016 09 25 14 47 21 279.6  6.5
2016 09 25 14 47 35 277.8  6.7
2016 09 25 14 47 48 279.4  8.0
2016 09 25 14 48 02 279.8  6.8
2016 09 25 14 48 15 276.9  8.2
2016 09 25 14 48 29 278.3  8.3
2016 09 25 14 48 42 277.2  6.5
2016 09 25 14 48 56 277.3  6.2
2016 09 25 14 49 09 280.5  7.1
2016 09 25 14 49 23 278.1  8.1
2016 09 25 14 49 36 277.3  6.3
2016 09 25 14 49 50 277.2  5.9
2016 09 25 14 50 04 278.6  6.0
2016 09 25 14 50 17 278.7  7.5
2016 09 25 14 50 31 278.7  6.8
2016 09 25 14 50 44 279.3  6.8
2016 09 25 14 50 58 280.0  6.2
2016 09 25 14 51 12 278.9  5.8
2016 09 25 14 51 25 279.7  6.8
2016 09 25 14 51 39 276.0  6.3
2016 09 25 14 51 52 279.4  6.5
2016 09 25 14 52 06 278.4  7.1
2016 09 25 14 52 20 279.3  6.4
2016 09 25 14 52 33 278.8  6.0
2016 09 25 14 52 47 276.5  7.4
2016 09 25 14 53 01 279.8  7.7
2016 09 25 14 53 14 281.5  6.8
2016 09 25 14 53 28 277.3  6.2
2016 09 25 14 53 42 279.5  6.0
2016 09 25 14 53 56 279.8  5.9
2016 09 25 14 54 10 279.6  6.5
2016 09 25 14 54 23 278.9  7.2
2016 09 25 14 54 37 277.4  6.8
2016 09 25 14 54 51 277.3  6.9
2016 09 25 14 55 04 277.3  6.3
2016 09 25 14 55 18 276.4  7.2
2016 09 25 14 55 32 277.9  6.3
2016 09 25 14 55 45 278.8  7.2
2016 09 25 14 55 59 280.4  7.1
2016 09 25 14 56 13 278.5  7.4
2016 09 25 14 56 27 277.1  6.3
2016 09 25 14 56 40 277.7  6.8
2016 09 25 14 56 54 279.8  7.9
2016 09 25 14 57 08 278.1  6.2
2016 09 25 14 57 22 278.3  7.9
2016 09 25 14 57 36 277.9  7.2
2016 09 25 14 57 50 277.9  6.2
2016 09 25 14 58 04 278.6  7.1
2016 09 25 14 58 18 274.7  6.5
2016 09 25 14 58 31 273.3  6.7
2016 09 25 14 58 45 280.7  6.7
2016 09 25 14 58 59 278.7  6.5
2016 09 25 14 59 13 277.3  6.6
2016 09 25 14 59 27 277.8  6.3
2016 09 25 14 59 41 279.3  6.3
2016 09 25 14 59 55 275.5  7.2
2016 09 25 15 00 09 274.5  6.3
2016 09 25 15 00 23 277.5  6.3
2016 09 25 15 00 37 276.1  6.3
2016 09 25 15 00 51 277.5  6.5
2016 09 25 15 01 05 277.9  5.8
2016 09 25 15 01 19 276.2  7.3
2016 09 25 15 01 32 279.4  6.7
2016 09 25 15 01 46 278.1  6.7
2016 09 25 15 02 00 277.4  7.2
2016 09 25 15 02 15 275.1  7.0
2016 09 25 15 02 29 280.7  6.0
2016 09 25 15 02 43 276.2  6.5
2016 09 25 15 02 57 276.7  5.8
2016 09 25 15 03 11 281.0  7.2
2016 09 25 15 03 25 275.2  6.8
2016 09 25 15 03 39 280.6  6.3
2016 09 25 15 03 54 279.1  7.3
2016 09 25 15 04 08 281.2  6.1
2016 09 25 15 04 21 277.8  6.8
2016 09 25 15 04 36 280.9  8.0
2016 09 25 15 04 50 275.7  6.0
2016 09 25 15 05 04 277.4  6.5
2016 09 25 15 05 18 277.2  7.3
2016 09 25 15 05 33 276.4  6.4
2016 09 25 15 05 47 279.6  6.9
2016 09 25 15 06 01 276.7  6.8
2016 09 25 15 06 15 278.9  6.4
2016 09 25 15 06 29 277.5  6.1
2016 09 25 15 06 44 280.0  6.8
2016 09 25 15 06 58 278.7  6.0
2016 09 25 15 07 12 277.7  6.1
2016 09 25 15 07 27 277.9  5.9
2016 09 25 15 07 41 277.8  6.3
2016 09 25 15 07 55 275.7  5.8
2016 09 25 15 08 09 279.2  6.3
2016 09 25 15 08 24 277.8  5.7
2016 09 25 15 08 38 281.9  5.7
2016 09 25 15 08 52 275.8  7.2
2016 09 25 15 09 07 277.6  6.0
2016 09 25 15 09 21 277.3  6.7
2016 09 25 15 09 35 277.1  5.7
2016 09 25 15 09 50 277.8  6.3
2016 09 25 15 10 04 273.9  6.0
2016 09 25 15 10 18 276.5  5.9
2016 09 25 15 10 33 277.9  6.6
2016 09 25 15 10 48 276.2  6.9
2016 09 25 15 11 02 276.2  7.1
2016 09 25 15 11 17 278.9  6.1
2016 09 25 15 11 31 277.1  5.4
2016 09 25 15 11 45 278.2  6.6
2016 09 25 15 11 60 279.8  6.9
2016 09 25 15 12 14 279.3  8.2
2016 09 25 15 12 29 278.5  5.8
2016 09 25 15 12 43 278.4  6.3
2016 09 25 15 12 58 277.1  6.8
2016 09 25 15 13 12 279.8  7.6
2016 09 25 15 13 27 280.5  6.3
2016 09 25 15 13 42 278.4  6.1
2016 09 25 15 13 56 280.9  6.5
2016 09 25 15 14 11 276.5  7.1
2016 09 25 15 14 26 274.8  6.4
2016 09 25 15 14 40 276.0  7.9
2016 09 25 15 14 55 278.9  7.2
2016 09 25 15 15 10 274.3  7.8
2016 09 25 15 15 24 278.9  5.6
2016 09 25 15 15 39 275.1  6.5
2016 09 25 15 15 54 278.8  7.0
2016 09 25 15 16 09 275.4  5.9
2016 09 25 15 16 23 279.9  6.1
2016 09 25 15 16 38 280.0  6.3
2016 09 25 15 16 53 274.8  6.0
2016 09 25 15 17 08 278.7  6.8
2016 09 25 15 17 23 278.0  5.6
2016 09 25 15 17 38 274.8  5.9
2016 09 25 15 17 52 278.2  7.2
2016 09 25 15 18 07 276.7  6.7
2016 09 25 15 18 22 277.4  5.7
2016 09 25 15 18 37 275.8  6.5
2016 09 25 15 18 52 276.9  6.5
2016 09 25 15 19 07 278.5  7.3
2016 09 25 15 19 22 277.9  7.4
2016 09 25 15 19 37 276.1  7.2
2016 09 25 15 19 52 277.3  6.9
2016 09 25 15 20 07 278.7  5.9
2016 09 25 15 20 22 280.8  6.5
2016 09 25 15 20 37 274.0  5.8
2016 09 25 15 20 52 276.3  6.4
2016 09 25 15 21 07 278.0  6.0
2016 09 25 15 21 22 276.3  6.5
2016 09 25 15 21 37 280.4  6.7
2016 09 25 15 21 52 277.8  5.8
2016 09 25 15 22 07 277.4  6.8
2016 09 25 15 22 22 277.1  5.7
2016 09 25 15 22 37 274.8  8.0
2016 09 25 15 22 53 279.6  7.7
2016 09 25 15 23 08 278.1  7.1
2016 09 25 15 23 23 276.1  6.6
2016 09 25 15 23 38 278.7  7.6
2016 09 25 15 23 53 277.0  6.3
2016 09 25 15 24 08 278.0  7.2
2016 09 25 15 24 24 274.4  6.8
2016 09 25 15 24 39 276.6  5.6
2016 09 25 15 24 55 279.3  5.8
2016 09 25 15 25 10 277.6  6.7
2016 09 25 15 25 25 278.1  5.7
2016 09 25 15 25 41 279.8  5.6
2016 09 25 15 25 56 278.2  6.7
2016 09 25 15 26 11 279.4  6.0
2016 09 25 15 26 27 273.4  6.6
2016 09 25 15 26 42 275.4  6.5
2016 09 25 15 26 57 278.0  7.2
2016 09 25 15 27 13 275.8  6.6
2016 09 25 15 27 28 277.6  5.6
2016 09 25 15 27 44 275.1  6.3
2016 09 25 15 27 59 277.1  5.9
2016 09 25 15 28 15 278.6  5.5
2016 09 25 15 28 30 274.8  7.0
2016 09 25 15 28 46 280.5  6.4
2016 09 25 15 29 02 278.2  5.4
2016 09 25 15 29 17 279.2  6.4
2016 09 25 15 29 33 275.4  7.9
2016 09 25 15 29 48 273.0  6.6
2016 09 25 15 30 04 276.9  6.7
2016 09 25 15 30 20 276.6  5.1
2016 09 25 15 30 35 277.0  6.2
2016 09 25 15 30 51 275.1  6.7
2016 09 25 15 31 06 279.3  6.0
2016 09 25 15 31 22 275.7  6.0
2016 09 25 15 31 38 277.1  5.2
2016 09 25 15 31 54 277.6  5.8
2016 09 25 15 32 10 278.3  5.9
2016 09 25 15 32 25 275.0  7.2
2016 09 25 15 32 41 274.4  7.0
2016 09 25 15 32 57 277.8  7.2
2016 09 25 15 33 13 275.2  6.3
2016 09 25 15 33 28 272.8  7.4
2016 09 25 15 33 44 274.6  5.9
2016 09 25 15 34 00 275.4  6.1
2016 09 25 15 34 16 277.4  6.7
2016 09 25 15 34 32 277.5  6.7
2016 09 25 15 34 48 276.6  5.3
2016 09 25 15 35 04 277.6  6.7
2016 09 25 15 35 20 277.5  5.6
2016 09 25 15 35 37 278.0  7.1
2016 09 25 15 35 53 276.7  5.7
2016 09 25 15 36 09 277.9  6.5
2016 09 25 15 36 25 270.5  6.5
2016 09 25 15 36 41 281.9  6.4
2016 09 25 15 36 57 276.4  5.6
2016 09 25 15 37 13 276.6  5.4
2016 09 25 15 37 29 274.5  6.3
2016 09 25 15 37 45 275.2  6.5
2016 09 25 15 38 01 276.6  6.0
2016 09 25 15 38 18 272.3  7.2
2016 09 25 15 38 34 276.9  8.1
2016 09 25 15 38 50 278.4  7.9
2016 09 25 15 39 07 273.1  6.3
2016 09 25 15 39 23 278.9  6.6
2016 09 25 15 39 39 277.8  7.0
2016 09 25 15 39 56 277.3  5.4
2016 09 25 15 40 12 279.2  6.4
2016 09 25 15 40 28 277.7  5.4
2016 09 25 15 40 45 275.9  5.8
2016 09 25 15 41 01 275.8  7.6
2016 09 25 15 41 18 275.0  6.3
2016 09 25 15 41 34 275.5  5.8
2016 09 25 15 41 51 275.1  6.1
2016 09 25 15 42 08 277.2  5.8
2016 09 25 15 42 24 277.1  5.1
2016 09 25 15 42 41 281.0  8.7
2016 09 25 15 42 57 277.5  5.6
2016 09 25 15 43 14 274.2  7.2
2016 09 25 15 43 31 275.6  8.3
2016 09 25 15 43 48 277.9  5.9
2016 09 25 15 44 04 282.6  7.1
2016 09 25 15 44 21 277.6  5.8
2016 09 25 15 44 38 276.4  6.3
2016 09 25 15 44 55 274.6  6.7
2016 09 25 15 45 11 275.6  6.4
2016 09 25 15 45 28 274.8  5.3
2016 09 25 15 45 45 278.4  6.1
2016 09 25 15 46 02 273.5  5.9
2016 09 25 15 46 19 278.5  7.8
2016 09 25 15 46 36 278.7  5.5
2016 09 25 15 46 53 275.7  7.0
2016 09 25 15 47 10 269.5  6.7
2016 09 25 15 47 27 276.8  5.3
2016 09 25 15 47 44 273.2  6.0
2016 09 25 15 48 01 275.2  6.5
2016 09 25 15 48 18 277.1  6.0
2016 09 25 15 48 36 277.4  6.3
2016 09 25 15 48 53 279.3  8.0
2016 09 25 15 49 10 280.0  5.7
2016 09 25 15 49 27 277.6  5.0
2016 09 25 15 49 45 277.0  6.2
2016 09 25 15 50 02 276.3  6.8
2016 09 25 15 50 19 275.5  6.0
2016 09 25 15 50 37 278.8  5.0
2016 09 25 15 50 54 274.7  8.2
2016 09 25 15 51 12 275.0  5.1
2016 09 25 15 51 29 273.9  6.0
2016 09 25 15 51 47 279.0  6.2
2016 09 25 15 52 05 276.9  5.9
2016 09 25 15 52 22 273.7  5.1
2016 09 25 15 52 40 273.2  6.1
2016 09 25 15 52 58 278.4  5.8
2016 09 25 15 53 15 277.8  4.9
2016 09 25 15 53 33 272.0  7.4
2016 09 25 15 53 51 273.0  5.5
2016 09 25 15 54 08 272.6  6.9
2016 09 25 15 54 26 272.1  5.5
2016 09 25 15 54 44 277.3  7.7
2016 09 25 15 55 02 275.2  6.5
2016 09 25 15 55 20 275.2  6.9
2016 09 25 15 55 38 274.4  6.2
2016 09 25 15 55 56 279.1  5.4
2016 09 25 15 56 14 275.0  5.7
2016 09 25 15 56 32 273.9  5.7
2016 09 25 15 56 50 274.2  5.0
2016 09 25 15 57 09 276.7  6.9
2016 09 25 15 57 27 273.8  7.2
2016 09 25 15 57 45 277.5  5.2
2016 09 25 15 58 04 275.6  5.4
2016 09 25 15 58 22 276.5  5.7
2016 09 25 15 58 40 278.6  6.2
2016 09 25 15 58 58 276.9  5.8
2016 09 25 15 59 16 276.9  5.4
2016 09 25 15 59 35 275.7  6.2
2016 09 25 15 59 53 273.9  5.3
2016 09 25 16 00 12 276.0  5.8
2016 09 25 16 00 31 275.6  5.3
2016 09 25 16 00 49 273.9  8.4
2016 09 25 16 01 08 274.6  5.0
2016 09 25 16 01 27 272.5  7.0
2016 09 25 16 01 45 276.1  6.0
2016 09 25 16 02 04 272.1  5.5
2016 09 25 16 02 23 277.8  5.5
2016 09 25 16 02 42 277.6  6.9
2016 09 25 16 03 01 274.6  4.5
2016 09 25 16 03 20 278.4  5.6
2016 09 25 16 03 39 277.9  5.7
2016 09 25 16 03 58 274.8  6.4
2016 09 25 16 04 17 273.0  7.2
2016 09 25 16 04 36 272.6  6.2
2016 09 25 16 04 56 280.3  7.3
2016 09 25 16 05 15 276.1  5.8
2016 09 25 16 05 34 273.5  5.4
2016 09 25 16 05 53 271.9  6.8
2016 09 25 16 06 13 278.1  8.0
2016 09 25 16 06 32 276.2  4.7
2016 09 25 16 06 52 277.5  6.8
2016 09 25 16 07 11 277.8  5.8
2016 09 25 16 07 31 272.4  6.0
2016 09 25 16 07 51 275.5  6.1
2016 09 25 16 08 10 276.2  7.4
2016 09 25 16 08 30 273.8  5.2
2016 09 25 16 08 50 272.1  6.6
2016 09 25 16 09 10 282.2  7.7
2016 09 25 16 09 30 275.4  5.8
2016 09 25 16 09 49 271.9  6.3
2016 09 25 16 10 09 269.9  5.5
2016 09 25 16 10 30 269.3  8.5
2016 09 25 16 10 50 275.6  4.9
2016 09 25 16 11 10 274.7  7.1
2016 09 25 16 11 30 273.8  5.7
2016 09 25 16 11 51 275.4  6.0
2016 09 25 16 12 11 278.8  4.9
2016 09 25 16 12 32 276.0  5.4
2016 09 25 16 12 52 273.5  7.2
2016 09 25 16 13 13 276.8  5.5
2016 09 25 16 13 33 281.8  6.6
2016 09 25 16 13 54 270.8  5.1
2016 09 25 16 14 15 272.2  6.4
2016 09 25 16 14 36 273.1  6.8
2016 09 25 16 14 57 275.5  6.5
2016 09 25 16 15 18 276.5  8.5
2016 09 25 16 15 39 280.1  8.7
2016 09 25 16 15 60 269.0  9.2
2016 09 25 16 16 21 279.1 11.9
2016 09 25 16 16 42 270.5  5.8
2016 09 25 16 17 03 275.0  5.6
2016 09 25 16 17 24 276.4  4.4
2016 09 25 16 17 45 279.4  6.7
2016 09 25 16 18 07 275.6  5.1
2016 09 25 16 18 29 277.7 10.3
2016 09 25 16 18 50 276.3  4.7
2016 09 25 16 19 12 273.3  7.8
2016 09 25 16 19 35 277.8  5.8
2016 09 25 16 19 57 281.9  8.3
2016 09 25 16 20 18 276.0  7.1
2016 09 25 16 20 41 272.3  4.9
2016 09 25 16 21 03 271.8  7.4
2016 09 25 16 21 25 269.3  5.2
2016 09 25 16 21 48 273.3  6.5
2016 09 25 16 22 10 274.6  5.2
2016 09 25 16 22 33 273.2  5.8
2016 09 25 16 22 55 275.3  5.9
2016 09 25 16 23 18 275.8  8.0
2016 09 25 16 23 41 273.7  6.0
2016 09 25 16 24 04 266.1  8.0
2016 09 25 16 24 27 273.6  6.1
2016 09 25 16 24 49 277.5  5.3
2016 09 25 16 25 12 269.9  5.5
2016 09 25 16 25 35 275.5  7.0
2016 09 25 16 25 59 270.5  5.5
2016 09 25 16 26 22 271.5  6.7
2016 09 25 16 26 45 275.1  7.3
2016 09 25 16 27 09 276.5  6.7
2016 09 25 16 27 33 273.5  8.1
2016 09 25 16 27 56 268.1  7.7
2016 09 25 16 28 20 269.8  5.6
2016 09 25 16 28 45 278.0  7.1
2016 09 25 16 29 09 272.5  6.9
2016 09 25 16 29 33 274.7  7.9
2016 09 25 16 29 57 267.7  7.0
2016 09 25 16 30 22 273.7  5.7
2016 09 25 16 30 47 270.1  6.1
2016 09 25 16 31 12 271.1  6.7
2016 09 25 16 31 37 267.6  6.3
2016 09 25 16 32 01 281.5  9.6
2016 09 25 16 32 26 279.0  8.5
2016 09 25 16 32 51 270.1  6.3
2016 09 25 16 33 16 270.0  6.5
2016 09 25 16 33 42 273.1  5.8
2016 09 25 16 34 08 273.0  8.6
2016 09 25 16 34 33 282.7  6.9
2016 09 25 16 35 26 271.2  5.5
2016 09 25 16 35 52 273.3  7.0
2016 09 25 16 36 19 268.2  9.8
2016 09 25 16 36 45 271.9  7.7
2016 09 25 16 37 12 270.2  9.6
2016 09 25 16 37 39 269.2  6.8
2016 09 25 16 38 06 276.6  9.2
2016 09 25 16 38 33 265.7  8.4
2016 09 25 16 39 28 269.9  5.0
2016 09 25 16 39 56 274.5 10.5
2016 09 25 16 40 24 268.3  8.1
2016 09 25 16 40 52 267.1  7.4
2016 09 25 16 41 21 279.1  9.1
2016 09 25 16 41 54 265.8 10.5
2016 09 25 16 42 30 282.5  9.6
2016 09 25 16 43 03 268.7  6.9
2016 09 25 16 43 36 266.1  7.2
2016 09 25 16 44 12 266.6  6.8
2016 09 25 16 44 48 262.3  7.4
2016 09 25 16 45 24 270.2  5.9
2016 09 25 16 45 59 270.7  4.7
2016 09 25 16 46 35 274.2 11.2
2016 09 25 16 47 48 271.9  8.3
2016 09 25 16 48 24 262.7  7.7
2016 09 25 16 49 00 264.5  8.4
2016 09 25 16 49 36 265.1  6.5
2016 09 25 16 50 12 276.5  6.6
2016 09 25 16 50 48 270.9  6.7
2016 09 25 16 51 24 268.9  9.8
2016 09 25 16 52 36 277.0  8.4
2016 09 25 16 53 48 272.8  7.6
2016 09 25 16 54 59 273.8  8.7
2016 09 25 16 55 35 273.0 11.1
2016 09 25 16 56 11 274.5 11.3
2016 09 25 16 56 47 280.0  8.5
2016 09 25 16 57 23 258.8  9.3
2016 09 25 16 59 12 266.6  9.9
2016 09 25 17 02 11 258.5  8.3
2016 09 25 17 03 58 263.0 11.8
2016 09 25 17 07 32 266.5 10.0
2016 09 25 17 09 19 263.2 11.8
2016 09 25 17 11 06 260.1  8.4
