"Instrument #064"
"Intercomparison date: 09-22-2016"
"Site: Izana, Tenerife"
"N table date:24-April-2014"
Lamp Corrections:,  -1.2,  -1.2,  -1.7
"Observations,",46
07:56:00, 4.265, 4.475,  0.0,  0.0,-.999, 4.203, 4.404, 91.9, 76.7,0.281, 4.143, 4.334,251.4,239.8,0.271, 4.234, 4.439,-.999, 4.173, 4.368,0.270
08:00:00, 4.028, 4.201,142.1,126.6,0.276, 3.972, 4.138, 87.5, 72.3,0.281, 3.918, 4.077,239.9,227.0,0.272, 4.000, 4.170,0.276, 3.945, 4.107,0.271
08:04:00, 3.815, 3.960,135.3,119.6,0.275, 3.765, 3.904, 83.3, 68.1,0.278, 3.716, 3.849,229.8,215.9,0.273, 3.790, 3.932,0.277, 3.740, 3.876,0.273
08:08:00, 3.623, 3.745,129.3,113.5,0.276, 3.578, 3.695, 80.0, 64.8,0.279, 3.534, 3.646,219.8,205.1,0.273, 3.600, 3.720,0.276, 3.556, 3.671,0.273
08:12:00, 3.449, 3.553,124.1,108.1,0.276, 3.409, 3.508, 76.9, 61.6,0.280, 3.369, 3.465,210.6,195.3,0.273, 3.429, 3.531,0.277, 3.389, 3.486,0.272
08:16:00, 3.292, 3.381,119.2,103.1,0.276, 3.255, 3.340, 74.0, 58.7,0.279, 3.219, 3.301,202.8,187.0,0.274, 3.273, 3.360,0.278, 3.237, 3.321,0.273
08:20:00, 3.149, 3.225,114.5, 98.4,0.276, 3.115, 3.188, 71.4, 56.1,0.279, 3.082, 3.153,195.2,178.8,0.273, 3.132, 3.207,0.277, 3.098, 3.170,0.273
08:24:00, 3.018, 3.084,110.3, 94.3,0.276, 2.987, 3.050, 68.9, 53.5,0.277, 2.956, 3.018,188.2,171.2,0.273, 3.002, 3.067,0.279, 2.971, 3.034,0.273
08:28:00, 2.897, 2.955,106.5, 90.5,0.276, 2.869, 2.925, 66.7, 51.3,0.276, 2.841, 2.895,182.3,164.8,0.274, 2.883, 2.940,0.280, 2.855, 2.910,0.274
08:32:00, 2.787, 2.837,102.9, 87.0,0.276, 2.761, 2.810, 64.9, 49.4,0.278, 2.735, 2.782,176.7,158.8,0.274, 2.774, 2.823,0.278, 2.748, 2.796,0.274
08:36:00, 2.685, 2.730, 99.8, 84.0,0.277, 2.661, 2.704, 63.1, 47.6,0.277, 2.637, 2.679,171.1,152.7,0.273, 2.673, 2.717,0.280, 2.649, 2.691,0.273
08:40:00, 2.591, 2.630, 96.5, 80.7,0.275, 2.569, 2.607, 61.5, 46.0,0.278, 2.547, 2.584,166.7,147.9,0.274, 2.580, 2.618,0.277, 2.558, 2.595,0.274
08:44:00, 2.504, 2.539, 93.8, 78.0,0.276, 2.483, 2.517, 60.0, 44.4,0.278, 2.463, 2.495,162.0,142.9,0.274, 2.493, 2.528,0.277, 2.473, 2.506,0.274
08:48:00, 2.423, 2.454, 91.2, 75.5,0.276, 2.404, 2.434, 58.4, 42.8,0.275, 2.385, 2.414,157.7,138.3,0.274, 2.413, 2.444,0.279, 2.394, 2.424,0.275
08:52:00, 2.348, 2.375, 88.9, 73.2,0.276, 2.330, 2.356, 57.2, 41.5,0.276, 2.312, 2.338,153.7,134.1,0.274, 2.339, 2.366,0.280, 2.321, 2.347,0.275
08:56:00, 2.277, 2.302, 86.8, 71.1,0.277, 2.261, 2.285, 55.9, 40.1,0.274, 2.244, 2.267,149.7,129.9,0.273, 2.269, 2.293,0.282, 2.252, 2.276,0.274
09:00:00, 2.212, 2.234, 84.7, 69.0,0.276, 2.196, 2.218, 54.9, 39.0,0.276, 2.181, 2.202,146.6,126.7,0.274, 2.204, 2.226,0.281, 2.188, 2.210,0.275
09:04:00, 2.150, 2.170, 82.7, 67.0,0.276, 2.136, 2.155, 53.8, 37.9,0.275, 2.121, 2.140,143.3,123.2,0.274, 2.143, 2.163,0.281, 2.128, 2.148,0.275
09:08:00, 2.093, 2.111, 80.8, 65.1,0.275, 2.079, 2.097, 52.8, 36.8,0.274, 2.065, 2.083,140.0,119.7,0.274, 2.086, 2.104,0.280, 2.072, 2.090,0.275
09:12:00, 2.039, 2.055, 79.2, 63.5,0.276, 2.026, 2.042, 51.9, 35.9,0.274, 2.013, 2.029,136.9,116.5,0.273, 2.032, 2.049,0.281, 2.019, 2.035,0.274
09:16:00, 1.988, 2.003, 77.7, 62.0,0.276, 1.976, 1.990, 51.1, 35.0,0.275, 1.964, 1.978,134.3,113.8,0.274, 1.982, 1.997,0.281, 1.970, 1.984,0.275
09:20:00, 1.940, 1.954, 76.0, 60.2,0.275, 1.929, 1.942, 50.2, 34.1,0.273, 1.918, 1.930,131.5,110.9,0.273, 1.935, 1.948,0.280, 1.923, 1.936,0.274
09:24:00, 1.895, 1.908, 74.7, 58.9,0.275, 1.885, 1.897, 49.7, 33.5,0.277, 1.874, 1.886,129.1,108.4,0.273, 1.890, 1.902,0.278, 1.879, 1.891,0.274
09:28:00, 1.853, 1.864, 73.3, 57.5,0.275, 1.843, 1.854, 48.9, 32.7,0.275, 1.833, 1.843,126.7,106.0,0.273, 1.848, 1.859,0.279, 1.838, 1.848,0.274
09:32:00, 1.813, 1.823, 72.1, 56.3,0.275, 1.803, 1.813, 48.2, 31.9,0.274, 1.794, 1.803,124.3,103.5,0.273, 1.808, 1.818,0.280, 1.798, 1.808,0.273
09:36:00, 1.775, 1.784, 71.0, 55.2,0.276, 1.766, 1.775, 47.6, 31.3,0.274, 1.757, 1.766,122.4,101.6,0.273, 1.770, 1.780,0.280, 1.761, 1.770,0.274
09:40:00, 1.739, 1.748, 69.8, 54.0,0.275, 1.730, 1.739, 47.0, 30.6,0.274, 1.722, 1.730,120.6, 99.8,0.274, 1.735, 1.743,0.279, 1.726, 1.734,0.275
09:44:00, 1.705, 1.713, 68.8, 53.0,0.275, 1.697, 1.705, 46.4, 30.0,0.273, 1.689, 1.696,118.3, 97.5,0.272, 1.701, 1.709,0.280, 1.693, 1.700,0.273
09:48:00, 1.673, 1.680, 67.7, 51.8,0.274, 1.665, 1.672, 46.0, 29.5,0.276, 1.658, 1.664,117.0, 96.2,0.274, 1.669, 1.676,0.277, 1.661, 1.668,0.275
10:20:00, 1.468, 1.471, 61.8, 45.8,0.277, 1.462, 1.466, 42.8, 26.1,0.279, 1.457, 1.461,105.5, 84.7,0.275, 1.465, 1.469,0.280, 1.460, 1.463,0.275
10:24:00, 1.447, 1.451, 61.3, 45.3,0.278, 1.442, 1.446, 42.5, 25.8,0.279, 1.437, 1.441,104.5, 83.7,0.275, 1.445, 1.448,0.282, 1.440, 1.443,0.276
10:28:00, 1.428, 1.431, 60.7, 44.7,0.278, 1.423, 1.426, 42.1, 25.3,0.277, 1.419, 1.422,103.3, 82.5,0.275, 1.426, 1.429,0.283, 1.421, 1.424,0.276
10:32:00, 1.409, 1.412, 60.1, 44.1,0.278, 1.405, 1.408, 41.8, 25.0,0.278, 1.401, 1.403,102.0, 81.2,0.274, 1.407, 1.410,0.282, 1.403, 1.406,0.274
10:36:00, 1.392, 1.395, 59.5, 43.5,0.277, 1.388, 1.390, 41.6, 24.8,0.279, 1.383, 1.386,100.9, 80.1,0.274, 1.390, 1.392,0.280, 1.386, 1.388,0.273
10:40:00, 1.375, 1.378, 58.9, 42.8,0.276, 1.371, 1.374, 41.4, 24.6,0.281, 1.367, 1.369,100.2, 79.4,0.275, 1.373, 1.376,0.277, 1.369, 1.371,0.274
10:44:00, 1.359, 1.362, 58.4, 42.3,0.276, 1.355, 1.358, 41.2, 24.3,0.282, 1.352, 1.354, 99.3, 78.5,0.275, 1.357, 1.360,0.275, 1.353, 1.356,0.274
10:48:00, 1.344, 1.346, 58.0, 41.9,0.277, 1.340, 1.342, 40.8, 23.9,0.279, 1.337, 1.339, 98.1, 77.3,0.273, 1.342, 1.344,0.278, 1.339, 1.341,0.273
10:52:00, 1.330, 1.332, 57.6, 41.4,0.277, 1.326, 1.328, 40.5, 23.6,0.278, 1.323, 1.325, 97.3, 76.5,0.273, 1.328, 1.330,0.280, 1.324, 1.326,0.273
10:56:00, 1.316, 1.318, 57.1, 40.9,0.276, 1.313, 1.314, 40.2, 23.3,0.276, 1.309, 1.311, 96.5, 75.7,0.273, 1.314, 1.316,0.280, 1.311, 1.313,0.274
11:00:00, 1.303, 1.304, 56.6, 40.4,0.275, 1.300, 1.301, 40.0, 23.1,0.276, 1.296, 1.298, 95.8, 75.0,0.273, 1.301, 1.303,0.277, 1.298, 1.300,0.274
11:04:00, 1.290, 1.292, 56.3, 40.1,0.275, 1.287, 1.289, 39.9, 22.9,0.279, 1.284, 1.286, 95.0, 74.2,0.273, 1.289, 1.290,0.277, 1.286, 1.287,0.273
11:08:00, 1.278, 1.280, 56.0, 39.7,0.276, 1.276, 1.277, 39.7, 22.7,0.278, 1.273, 1.274, 94.3, 73.5,0.273, 1.277, 1.278,0.278, 1.274, 1.276,0.273
11:12:00, 1.267, 1.269, 55.6, 39.3,0.275, 1.265, 1.266, 39.5, 22.5,0.278, 1.262, 1.263, 93.7, 72.9,0.273, 1.266, 1.267,0.277, 1.263, 1.264,0.273
11:16:00, 1.257, 1.258, 55.2, 38.9,0.274, 1.254, 1.255, 39.3, 22.3,0.277, 1.251, 1.253, 92.8, 72.0,0.272, 1.255, 1.256,0.276, 1.253, 1.254,0.272
11:20:00, 1.246, 1.248, 55.0, 38.7,0.275, 1.244, 1.245, 39.1, 22.1,0.276, 1.242, 1.243, 92.3, 71.5,0.272, 1.245, 1.246,0.278, 1.243, 1.244,0.272
11:24:00, 1.237, 1.238, 54.7, 38.4,0.275, 1.235, 1.236, 39.0, 22.0,0.277, 1.232, 1.233, 91.9, 71.1,0.273, 1.236, 1.237,0.277, 1.233, 1.234,0.273
