"Instrument #064"
"Intercomparison date: 09-20-2016"
"Site: Izana, Tenerife"
"N table date:24-April-2014"
Lamp Corrections:,  -1.1,  -1.1,  -1.7
"Observations,",46
07:56:00, 4.202, 4.402,144.8,129.5,0.268, 4.142, 4.333, 89.6, 74.5,0.274, 4.083, 4.265,244.4,232.0,0.266, 4.172, 4.367,0.268, 4.112, 4.299,0.265
08:00:00, 3.971, 4.137,137.7,122.1,0.268, 3.917, 4.075, 85.2, 70.1,0.272, 3.864, 4.016,232.7,219.2,0.265, 3.944, 4.106,0.268, 3.890, 4.045,0.265
08:04:00, 3.763, 3.902,131.4,115.7,0.268, 3.715, 3.847, 81.3, 66.1,0.271, 3.667, 3.795,222.8,208.4,0.266, 3.739, 3.875,0.270, 3.691, 3.821,0.266
08:08:00, 3.576, 3.693,125.9,110.0,0.269, 3.532, 3.644, 78.1, 62.9,0.272, 3.489, 3.597,213.1,198.0,0.266, 3.554, 3.669,0.271, 3.511, 3.621,0.266
08:12:00, 3.407, 3.506,120.9,104.9,0.269, 3.367, 3.462, 75.2, 60.0,0.272, 3.328, 3.420,204.4,188.7,0.266, 3.387, 3.484,0.271, 3.347, 3.441,0.265
08:16:00, 3.253, 3.338,116.0,100.0,0.269, 3.216, 3.298, 72.4, 57.1,0.272, 3.181, 3.260,196.4,180.1,0.266, 3.234, 3.318,0.271, 3.199, 3.279,0.265
08:20:00, 3.112, 3.186,111.4, 95.4,0.269, 3.079, 3.150, 69.9, 54.6,0.271, 3.047, 3.115,189.7,172.9,0.266, 3.096, 3.168,0.270, 3.063, 3.133,0.266
08:24:00, 2.984, 3.048,107.3, 91.4,0.268, 2.954, 3.015, 67.6, 52.3,0.271, 2.924, 2.983,183.0,165.7,0.266, 2.969, 3.031,0.270, 2.939, 2.999,0.266
08:28:00, 2.866, 2.922,103.6, 87.8,0.268, 2.838, 2.892, 65.4, 50.0,0.269, 2.811, 2.863,177.1,159.2,0.266, 2.852, 2.907,0.272, 2.825, 2.877,0.266
08:32:00, 2.758, 2.807,100.2, 84.4,0.269, 2.732, 2.779, 63.5, 48.1,0.269, 2.707, 2.753,171.7,153.4,0.266, 2.745, 2.793,0.272, 2.720, 2.766,0.267
08:36:00, 2.658, 2.701, 97.1, 81.4,0.269, 2.634, 2.676, 61.7, 46.2,0.268, 2.611, 2.651,166.5,147.8,0.266, 2.646, 2.688,0.273, 2.623, 2.663,0.266
08:40:00, 2.566, 2.604, 94.2, 78.5,0.269, 2.544, 2.580, 60.0, 44.5,0.267, 2.522, 2.558,161.8,142.7,0.266, 2.555, 2.592,0.274, 2.533, 2.569,0.267
08:44:00, 2.480, 2.514, 91.4, 75.7,0.268, 2.460, 2.492, 58.6, 43.0,0.267, 2.439, 2.471,157.3,138.0,0.266, 2.470, 2.503,0.273, 2.449, 2.482,0.267
08:48:00, 2.400, 2.430, 88.8, 73.1,0.267, 2.381, 2.410, 57.3, 41.6,0.267, 2.363, 2.391,153.4,133.9,0.266, 2.391, 2.420,0.271, 2.372, 2.401,0.267
08:52:00, 2.326, 2.353, 86.8, 71.1,0.269, 2.309, 2.335, 56.1, 40.4,0.267, 2.291, 2.316,149.6,129.9,0.267, 2.317, 2.344,0.274, 2.300, 2.325,0.268
08:56:00, 2.257, 2.281, 84.7, 69.0,0.269, 2.241, 2.264, 55.0, 39.2,0.268, 2.224, 2.247,145.9,126.0,0.266, 2.249, 2.272,0.274, 2.232, 2.255,0.267
09:00:00, 2.193, 2.214, 82.6, 66.9,0.268, 2.177, 2.198, 54.0, 38.1,0.268, 2.162, 2.182,142.4,122.3,0.266, 2.185, 2.206,0.272, 2.169, 2.190,0.266
09:04:00, 2.132, 2.152, 80.8, 65.1,0.269, 2.118, 2.137, 53.0, 37.1,0.268, 2.103, 2.122,139.3,119.0,0.266, 2.125, 2.144,0.273, 2.110, 2.129,0.267
09:08:00, 2.075, 2.093, 79.0, 63.3,0.268, 2.062, 2.079, 52.2, 36.2,0.270, 2.048, 2.065,136.3,115.9,0.266, 2.069, 2.086,0.270, 2.055, 2.072,0.266
09:12:00, 2.022, 2.038, 77.6, 61.9,0.270, 2.009, 2.025, 51.4, 35.4,0.271, 1.997, 2.012,133.6,113.1,0.266, 2.016, 2.031,0.272, 2.003, 2.018,0.266
09:16:00, 1.972, 1.987, 75.8, 60.1,0.268, 1.960, 1.974, 50.5, 34.4,0.270, 1.948, 1.962,130.9,110.3,0.266, 1.966, 1.980,0.270, 1.954, 1.968,0.267
09:20:00, 1.925, 1.938, 74.5, 58.8,0.269, 1.914, 1.926, 49.7, 33.6,0.270, 1.903, 1.915,128.3,107.7,0.266, 1.919, 1.932,0.271, 1.908, 1.921,0.267
09:24:00, 1.881, 1.893, 73.0, 57.3,0.268, 1.870, 1.882, 48.8, 32.6,0.267, 1.859, 1.871,125.6,104.9,0.265, 1.875, 1.887,0.272, 1.865, 1.876,0.266
09:28:00, 1.839, 1.850, 71.8, 56.0,0.268, 1.829, 1.839, 48.0, 31.7,0.265, 1.819, 1.829,123.7,103.0,0.266, 1.834, 1.844,0.274, 1.824, 1.834,0.268
09:32:00, 1.799, 1.809, 70.7, 54.9,0.269, 1.790, 1.799, 47.6, 31.3,0.269, 1.780, 1.790,121.3,100.5,0.266, 1.794, 1.804,0.273, 1.785, 1.795,0.266
09:36:00, 1.762, 1.771, 69.4, 53.6,0.268, 1.753, 1.762, 46.9, 30.6,0.267, 1.744, 1.753,119.7, 98.9,0.267, 1.757, 1.766,0.272, 1.748, 1.757,0.268
09:40:00, 1.726, 1.735, 68.2, 52.4,0.267, 1.718, 1.726, 46.5, 30.1,0.270, 1.709, 1.717,117.3, 96.5,0.266, 1.722, 1.730,0.268, 1.714, 1.722,0.266
09:44:00, 1.693, 1.700, 67.4, 51.6,0.268, 1.685, 1.692, 46.0, 29.6,0.271, 1.677, 1.684,115.4, 94.6,0.265, 1.689, 1.696,0.270, 1.681, 1.688,0.265
09:48:00, 1.661, 1.668, 66.4, 50.6,0.268, 1.653, 1.660, 45.5, 29.0,0.271, 1.646, 1.652,114.1, 93.3,0.267, 1.657, 1.664,0.269, 1.650, 1.656,0.267
10:20:00, 1.458, 1.461, 60.5, 44.5,0.269, 1.453, 1.456, 42.2, 25.5,0.270, 1.448, 1.451,102.6, 81.8,0.266, 1.455, 1.459,0.272, 1.450, 1.454,0.266
10:24:00, 1.438, 1.441, 59.9, 43.9,0.269, 1.433, 1.436, 41.8, 25.0,0.269, 1.428, 1.431,101.3, 80.5,0.265, 1.435, 1.438,0.273, 1.430, 1.434,0.265
10:28:00, 1.419, 1.422, 59.2, 43.2,0.268, 1.414, 1.417, 41.4, 24.6,0.267, 1.409, 1.412,100.4, 79.6,0.266, 1.416, 1.419,0.273, 1.412, 1.414,0.267
10:32:00, 1.400, 1.403, 58.7, 42.7,0.268, 1.396, 1.399, 41.1, 24.3,0.267, 1.391, 1.394, 99.5, 78.7,0.266, 1.398, 1.401,0.273, 1.394, 1.396,0.267
10:36:00, 1.383, 1.385, 58.2, 42.1,0.268, 1.379, 1.381, 40.8, 24.0,0.266, 1.374, 1.377, 98.4, 77.6,0.266, 1.381, 1.383,0.273, 1.376, 1.379,0.267
10:40:00, 1.366, 1.369, 57.7, 41.6,0.268, 1.362, 1.365, 40.7, 23.9,0.270, 1.358, 1.360, 97.4, 76.6,0.266, 1.364, 1.367,0.270, 1.360, 1.362,0.266
10:44:00, 1.350, 1.353, 57.2, 41.1,0.268, 1.347, 1.349, 40.5, 23.6,0.271, 1.343, 1.345, 96.6, 75.8,0.266, 1.348, 1.351,0.269, 1.345, 1.347,0.266
10:48:00, 1.335, 1.337, 56.8, 40.6,0.268, 1.332, 1.334, 40.2, 23.3,0.270, 1.328, 1.330, 95.7, 75.0,0.266, 1.334, 1.336,0.270, 1.330, 1.332,0.266
10:52:00, 1.321, 1.323, 56.4, 40.2,0.268, 1.318, 1.319, 39.9, 23.0,0.268, 1.314, 1.316, 95.2, 74.5,0.267, 1.319, 1.321,0.272, 1.316, 1.318,0.268
10:56:00, 1.307, 1.309, 56.0, 39.8,0.268, 1.304, 1.306, 39.7, 22.8,0.269, 1.301, 1.302, 94.3, 73.6,0.266, 1.306, 1.307,0.271, 1.302, 1.304,0.267
11:00:00, 1.294, 1.296, 55.7, 39.5,0.269, 1.291, 1.293, 39.5, 22.6,0.269, 1.288, 1.290, 93.5, 72.8,0.266, 1.293, 1.294,0.272, 1.290, 1.291,0.266
11:04:00, 1.282, 1.283, 55.3, 39.0,0.268, 1.279, 1.280, 39.3, 22.3,0.269, 1.276, 1.277, 92.8, 72.1,0.266, 1.281, 1.282,0.272, 1.278, 1.279,0.266
11:08:00, 1.270, 1.272, 55.0, 38.7,0.269, 1.267, 1.269, 39.1, 22.1,0.268, 1.265, 1.266, 92.1, 71.4,0.266, 1.269, 1.270,0.273, 1.266, 1.267,0.266
11:12:00, 1.259, 1.260, 54.7, 38.4,0.269, 1.256, 1.258, 38.9, 21.9,0.268, 1.254, 1.255, 91.5, 70.8,0.266, 1.258, 1.259,0.274, 1.255, 1.256,0.266
11:16:00, 1.249, 1.250, 54.3, 38.0,0.268, 1.246, 1.247, 38.8, 21.8,0.269, 1.243, 1.245, 91.0, 70.3,0.266, 1.247, 1.248,0.271, 1.245, 1.246,0.267
11:20:00, 1.238, 1.240, 53.9, 37.6,0.267, 1.236, 1.237, 38.6, 21.6,0.268, 1.234, 1.235, 90.4, 69.7,0.266, 1.237, 1.238,0.269, 1.235, 1.236,0.267
11:24:00, 1.229, 1.230, 53.6, 37.2,0.267, 1.227, 1.228, 38.4, 21.3,0.267, 1.224, 1.225, 90.0, 69.3,0.267, 1.228, 1.229,0.270, 1.226, 1.226,0.268
