"Instrument #064"
"Intercomparison date: 09-23-2016"
"Site: Izana, Tenerife"
"N table date:24-April-2014"
Lamp Corrections:,  -0.6,  -0.6,  -0.6
"Observations,",43
Time Local Mu_C   M_C   RC    NC   O3_C    Mu_D   M_D    RD    ND  O3_D    Mu_A   M_A   RA    NA   O3_A   Mu_CD   M_CD O3_CD  Mu_AD   M_AD O3_AD
08:00:00, 4.057, 4.235,143.4,128.5,0.276, 4.001, 4.171, 88.3, 74.3,0.276, 3.946, 4.109,242.6,230.5,0.274, 4.029, 4.203,0.277, 3.973, 4.140,0.273
08:04:00, 3.841, 3.990,136.3,121.2,0.275, 3.791, 3.933, 84.2, 70.1,0.275, 3.742, 3.878,231.5,218.4,0.274, 3.816, 3.961,0.276, 3.766, 3.905,0.273
08:08:00, 3.647, 3.772,130.6,115.4,0.277, 3.602, 3.721, 80.6, 66.5,0.275, 3.557, 3.672,222.1,208.2,0.275, 3.624, 3.747,0.278, 3.579, 3.697,0.274
08:12:00, 3.472, 3.578,125.3,109.9,0.278, 3.430, 3.532, 77.3, 63.2,0.275, 3.390, 3.488,212.9,198.3,0.275, 3.451, 3.555,0.280, 3.410, 3.510,0.274
08:16:00, 3.312, 3.403,120.0,104.5,0.276, 3.275, 3.362, 74.6, 60.4,0.277, 3.238, 3.322,204.8,189.7,0.275, 3.293, 3.382,0.276, 3.256, 3.342,0.275
08:20:00, 3.167, 3.245,115.5,100.0,0.277, 3.133, 3.208, 71.8, 57.6,0.275, 3.100, 3.172,197.2,181.5,0.275, 3.150, 3.227,0.279, 3.116, 3.190,0.275
08:24:00, 3.035, 3.102,111.3, 95.9,0.277, 3.004, 3.069, 69.4, 55.2,0.275, 2.973, 3.036,190.0,173.7,0.275, 3.019, 3.086,0.279, 2.988, 3.052,0.274
08:28:00, 2.914, 2.972,107.4, 92.0,0.278, 2.885, 2.942, 67.2, 52.9,0.275, 2.857, 2.912,183.9,167.1,0.275, 2.899, 2.957,0.280, 2.871, 2.927,0.275
08:32:00, 2.802, 2.853,103.6, 88.3,0.277, 2.776, 2.825, 65.3, 51.0,0.276, 2.750, 2.798,178.0,160.7,0.275, 2.789, 2.839,0.278, 2.762, 2.811,0.275
08:36:00, 2.699, 2.744,100.4, 85.2,0.278, 2.675, 2.719, 63.5, 49.2,0.277, 2.651, 2.693,172.7,155.0,0.275, 2.687, 2.731,0.278, 2.663, 2.706,0.274
08:40:00, 2.604, 2.644, 97.3, 82.1,0.277, 2.582, 2.620, 61.8, 47.4,0.277, 2.559, 2.597,167.6,149.5,0.275, 2.593, 2.632,0.278, 2.570, 2.609,0.274
08:44:00, 2.516, 2.552, 94.4, 79.2,0.277, 2.495, 2.530, 60.2, 45.8,0.276, 2.475, 2.508,163.0,144.5,0.275, 2.506, 2.541,0.278, 2.485, 2.519,0.274
08:48:00, 2.435, 2.466, 91.9, 76.8,0.278, 2.415, 2.446, 58.7, 44.2,0.275, 2.396, 2.426,159.0,140.3,0.276, 2.425, 2.456,0.280, 2.405, 2.436,0.276
08:52:00, 2.359, 2.387, 89.6, 74.5,0.278, 2.340, 2.368, 57.5, 42.9,0.277, 2.323, 2.349,154.9,136.0,0.276, 2.350, 2.377,0.280, 2.331, 2.358,0.275
08:56:00, 2.288, 2.313, 87.4, 72.3,0.279, 2.271, 2.295, 56.3, 41.7,0.277, 2.254, 2.278,151.2,132.1,0.276, 2.279, 2.304,0.280, 2.262, 2.287,0.276
09:00:00, 2.222, 2.244, 85.2, 70.1,0.278, 2.206, 2.228, 55.2, 40.5,0.278, 2.190, 2.212,147.8,128.5,0.276, 2.214, 2.236,0.279, 2.198, 2.220,0.276
09:04:00, 2.160, 2.180, 83.3, 68.2,0.278, 2.145, 2.165, 54.3, 39.5,0.280, 2.130, 2.150,144.3,124.8,0.276, 2.152, 2.172,0.278, 2.138, 2.157,0.275
09:08:00, 2.102, 2.120, 81.4, 66.3,0.278, 2.088, 2.106, 53.2, 38.4,0.278, 2.074, 2.092,141.3,121.6,0.276, 2.095, 2.113,0.278, 2.081, 2.099,0.276
09:12:00, 2.047, 2.064, 79.7, 64.6,0.278, 2.034, 2.051, 52.2, 37.3,0.278, 2.022, 2.037,138.3,118.5,0.276, 2.041, 2.057,0.279, 2.028, 2.044,0.276
09:16:00, 1.996, 2.011, 78.2, 63.1,0.279, 1.984, 1.999, 51.3, 36.4,0.277, 1.972, 1.986,135.5,115.6,0.276, 1.990, 2.005,0.280, 1.978, 1.993,0.276
09:48:00, 1.679, 1.687, 68.4, 53.1,0.280, 1.671, 1.679, 46.2, 30.9,0.282, 1.664, 1.671,117.5, 97.2,0.275, 1.675, 1.683,0.278, 1.668, 1.675,0.274
09:52:00, 1.649, 1.655, 67.4, 52.1,0.280, 1.641, 1.648, 45.7, 30.3,0.282, 1.634, 1.640,115.9, 95.6,0.276, 1.645, 1.651,0.278, 1.637, 1.644,0.274
09:56:00, 1.619, 1.626, 66.6, 51.3,0.280, 1.612, 1.618, 45.4, 30.0,0.286, 1.605, 1.611,114.7, 94.4,0.278, 1.616, 1.622,0.276, 1.609, 1.615,0.275
10:00:00, 1.592, 1.597, 65.5, 50.2,0.279, 1.585, 1.591, 44.7, 29.3,0.282, 1.578, 1.584,112.8, 92.5,0.276, 1.588, 1.594,0.276, 1.582, 1.587,0.275
10:04:00, 1.566, 1.571, 64.7, 49.4,0.279, 1.559, 1.564, 44.2, 28.7,0.281, 1.553, 1.558,111.2, 90.9,0.276, 1.562, 1.567,0.277, 1.556, 1.561,0.275
10:08:00, 1.541, 1.545, 64.1, 48.8,0.280, 1.534, 1.539, 43.8, 28.3,0.281, 1.529, 1.533,109.7, 89.4,0.276, 1.538, 1.542,0.279, 1.531, 1.536,0.274
10:12:00, 1.517, 1.521, 63.3, 47.9,0.280, 1.511, 1.515, 43.6, 28.1,0.285, 1.505, 1.510,108.5, 88.2,0.276, 1.514, 1.518,0.275, 1.508, 1.512,0.274
10:16:00, 1.494, 1.498, 62.6, 47.2,0.280, 1.489, 1.493, 43.2, 27.6,0.285, 1.483, 1.487,107.5, 87.2,0.278, 1.491, 1.496,0.276, 1.486, 1.490,0.276
10:20:00, 1.473, 1.476, 62.1, 46.7,0.281, 1.468, 1.471, 42.8, 27.2,0.284, 1.462, 1.466,106.3, 86.0,0.278, 1.470, 1.474,0.279, 1.465, 1.469,0.276
10:24:00, 1.452, 1.456, 61.4, 46.0,0.280, 1.447, 1.451, 42.5, 26.9,0.285, 1.442, 1.446,105.1, 84.8,0.278, 1.450, 1.453,0.277, 1.445, 1.448,0.276
10:28:00, 1.433, 1.436, 60.8, 45.4,0.280, 1.428, 1.431, 42.3, 26.7,0.288, 1.423, 1.426,104.0, 83.7,0.278, 1.430, 1.434,0.275, 1.426, 1.429,0.275
10:32:00, 1.414, 1.417, 60.2, 44.8,0.280, 1.410, 1.413, 42.0, 26.4,0.288, 1.405, 1.408,102.7, 82.4,0.277, 1.412, 1.415,0.274, 1.408, 1.410,0.274
10:36:00, 1.397, 1.399, 59.6, 44.1,0.280, 1.392, 1.395, 41.6, 25.9,0.286, 1.388, 1.391,101.6, 81.3,0.276, 1.394, 1.397,0.275, 1.390, 1.393,0.274
10:40:00, 1.380, 1.382, 59.3, 43.8,0.282, 1.376, 1.378, 41.2, 25.5,0.284, 1.372, 1.374,100.9, 80.6,0.277, 1.378, 1.380,0.280, 1.374, 1.376,0.276
10:44:00, 1.364, 1.366, 58.7, 43.2,0.280, 1.360, 1.362, 41.0, 25.3,0.285, 1.356, 1.358, 99.8, 79.5,0.277, 1.362, 1.364,0.277, 1.358, 1.360,0.274
10:48:00, 1.349, 1.351, 58.3, 42.8,0.281, 1.345, 1.347, 40.8, 25.1,0.286, 1.341, 1.343, 99.0, 78.7,0.277, 1.347, 1.349,0.277, 1.343, 1.345,0.274
10:52:00, 1.334, 1.336, 57.8, 42.2,0.280, 1.331, 1.332, 40.6, 24.8,0.288, 1.327, 1.329, 98.2, 77.9,0.277, 1.332, 1.334,0.275, 1.329, 1.331,0.274
10:56:00, 1.320, 1.322, 57.4, 41.8,0.280, 1.317, 1.319, 40.4, 24.6,0.288, 1.314, 1.315, 97.2, 76.9,0.276, 1.319, 1.320,0.274, 1.315, 1.317,0.273
11:00:00, 1.307, 1.309, 57.0, 41.4,0.280, 1.304, 1.306, 40.2, 24.4,0.289, 1.301, 1.302, 96.7, 76.5,0.277, 1.306, 1.307,0.274, 1.302, 1.304,0.274
11:04:00, 1.295, 1.296, 56.6, 41.0,0.280, 1.292, 1.293, 40.0, 24.2,0.289, 1.289, 1.290, 95.9, 75.7,0.277, 1.293, 1.295,0.273, 1.290, 1.292,0.274
11:08:00, 1.283, 1.284, 56.3, 40.6,0.281, 1.280, 1.281, 39.8, 24.0,0.289, 1.277, 1.278, 95.1, 74.9,0.277, 1.281, 1.283,0.274, 1.278, 1.280,0.273
11:12:00, 1.271, 1.273, 56.0, 40.3,0.281, 1.269, 1.270, 39.6, 23.7,0.289, 1.266, 1.267, 94.5, 74.3,0.277, 1.270, 1.271,0.275, 1.267, 1.269,0.274
11:16:00, 1.261, 1.262, 55.6, 39.9,0.280, 1.258, 1.259, 39.4, 23.5,0.289, 1.256, 1.257, 93.8, 73.6,0.277, 1.259, 1.261,0.274, 1.257, 1.258,0.273
