"Instrument #064"
"Intercomparison date: 09-20-2016"
"Site: Izana, Tenerife"
"N table date:24-April-2014"
Lamp Corrections:,  -0.6,  -0.6,  -0.6
"Observations,",46
Time Local Mu_C   M_C   RC    NC   O3_C    Mu_D   M_D    RD    ND  O3_D    Mu_A   M_A   RA    NA   O3_A   Mu_CD   M_CD O3_CD  Mu_AD   M_AD O3_AD
07:56:00, 4.202, 4.402,144.8,130.0,0.267, 4.142, 4.333, 89.6, 75.6,0.267, 4.083, 4.265,244.4,232.5,0.265, 4.172, 4.367,0.268, 4.112, 4.299,0.265
08:00:00, 3.971, 4.137,137.7,122.6,0.267, 3.917, 4.075, 85.2, 71.1,0.266, 3.864, 4.016,232.7,219.7,0.265, 3.944, 4.106,0.268, 3.890, 4.045,0.265
08:04:00, 3.763, 3.902,131.4,116.2,0.267, 3.715, 3.847, 81.3, 67.2,0.265, 3.667, 3.795,222.8,208.9,0.266, 3.739, 3.875,0.270, 3.691, 3.821,0.266
08:08:00, 3.576, 3.693,125.9,110.5,0.268, 3.532, 3.644, 78.1, 64.0,0.266, 3.489, 3.597,213.1,198.5,0.266, 3.554, 3.669,0.270, 3.511, 3.621,0.265
08:12:00, 3.407, 3.506,120.9,105.4,0.269, 3.367, 3.462, 75.2, 61.0,0.267, 3.328, 3.420,204.4,189.2,0.266, 3.387, 3.484,0.270, 3.347, 3.441,0.265
08:16:00, 3.253, 3.338,116.0,100.5,0.269, 3.216, 3.298, 72.4, 58.2,0.267, 3.181, 3.260,196.4,180.6,0.265, 3.234, 3.318,0.270, 3.199, 3.279,0.265
08:20:00, 3.112, 3.186,111.4, 96.0,0.268, 3.079, 3.150, 69.9, 55.7,0.267, 3.047, 3.115,189.7,173.4,0.266, 3.096, 3.168,0.269, 3.063, 3.133,0.266
08:24:00, 2.984, 3.048,107.3, 91.9,0.268, 2.954, 3.015, 67.6, 53.3,0.267, 2.924, 2.983,183.0,166.2,0.266, 2.969, 3.031,0.269, 2.939, 2.999,0.265
08:28:00, 2.866, 2.922,103.6, 88.3,0.268, 2.838, 2.892, 65.4, 51.1,0.266, 2.811, 2.863,177.1,159.8,0.266, 2.852, 2.907,0.270, 2.825, 2.877,0.266
08:32:00, 2.758, 2.807,100.2, 85.0,0.269, 2.732, 2.779, 63.5, 49.2,0.266, 2.707, 2.753,171.7,153.9,0.266, 2.745, 2.793,0.271, 2.720, 2.766,0.266
08:36:00, 2.658, 2.701, 97.1, 81.9,0.269, 2.634, 2.676, 61.7, 47.3,0.266, 2.611, 2.651,166.5,148.3,0.266, 2.646, 2.688,0.271, 2.623, 2.663,0.266
08:40:00, 2.566, 2.604, 94.2, 79.0,0.269, 2.544, 2.580, 60.0, 45.6,0.265, 2.522, 2.558,161.8,143.2,0.266, 2.555, 2.592,0.272, 2.533, 2.569,0.266
08:44:00, 2.480, 2.514, 91.4, 76.3,0.268, 2.460, 2.492, 58.6, 44.1,0.265, 2.439, 2.471,157.3,138.5,0.266, 2.470, 2.503,0.271, 2.449, 2.482,0.266
08:48:00, 2.400, 2.430, 88.8, 73.7,0.268, 2.381, 2.410, 57.3, 42.7,0.266, 2.363, 2.391,153.4,134.4,0.266, 2.391, 2.420,0.269, 2.372, 2.401,0.267
08:52:00, 2.326, 2.353, 86.8, 71.7,0.269, 2.309, 2.335, 56.1, 41.5,0.266, 2.291, 2.316,149.6,130.4,0.267, 2.317, 2.344,0.272, 2.300, 2.325,0.267
08:56:00, 2.257, 2.281, 84.7, 69.6,0.269, 2.241, 2.264, 55.0, 40.3,0.267, 2.224, 2.247,145.9,126.5,0.266, 2.249, 2.272,0.271, 2.232, 2.255,0.266
09:00:00, 2.193, 2.214, 82.6, 67.5,0.269, 2.177, 2.198, 54.0, 39.2,0.268, 2.162, 2.182,142.4,122.8,0.266, 2.185, 2.206,0.269, 2.169, 2.190,0.265
09:04:00, 2.132, 2.152, 80.8, 65.7,0.269, 2.118, 2.137, 53.0, 38.2,0.269, 2.103, 2.122,139.3,119.5,0.266, 2.125, 2.144,0.270, 2.110, 2.129,0.266
09:08:00, 2.075, 2.093, 79.0, 63.9,0.269, 2.062, 2.079, 52.2, 37.3,0.271, 2.048, 2.065,136.3,116.4,0.266, 2.069, 2.086,0.268, 2.055, 2.072,0.265
09:12:00, 2.022, 2.038, 77.6, 62.4,0.270, 2.009, 2.025, 51.4, 36.5,0.272, 1.997, 2.012,133.6,113.6,0.267, 2.016, 2.031,0.269, 2.003, 2.018,0.265
09:16:00, 1.972, 1.987, 75.8, 60.6,0.269, 1.960, 1.974, 50.5, 35.5,0.272, 1.948, 1.962,130.9,110.8,0.267, 1.966, 1.980,0.267, 1.954, 1.968,0.265
09:20:00, 1.925, 1.938, 74.5, 59.3,0.270, 1.914, 1.926, 49.7, 34.7,0.272, 1.903, 1.915,128.3,108.2,0.267, 1.919, 1.932,0.268, 1.908, 1.921,0.265
09:24:00, 1.881, 1.893, 73.0, 57.8,0.269, 1.870, 1.882, 48.8, 33.7,0.269, 1.859, 1.871,125.6,105.4,0.266, 1.875, 1.887,0.269, 1.865, 1.876,0.265
09:28:00, 1.839, 1.850, 71.8, 56.6,0.269, 1.829, 1.839, 48.0, 32.8,0.267, 1.819, 1.829,123.7,103.5,0.267, 1.834, 1.844,0.271, 1.824, 1.834,0.267
09:32:00, 1.799, 1.809, 70.7, 55.5,0.270, 1.790, 1.799, 47.6, 32.4,0.272, 1.780, 1.790,121.3,101.0,0.266, 1.794, 1.804,0.269, 1.785, 1.795,0.265
09:36:00, 1.762, 1.771, 69.4, 54.2,0.269, 1.753, 1.762, 46.9, 31.6,0.270, 1.744, 1.753,119.7, 99.4,0.268, 1.757, 1.766,0.268, 1.748, 1.757,0.267
09:40:00, 1.726, 1.735, 68.2, 52.9,0.268, 1.718, 1.726, 46.5, 31.2,0.273, 1.709, 1.717,117.3, 97.0,0.266, 1.722, 1.730,0.264, 1.714, 1.722,0.264
09:44:00, 1.693, 1.700, 67.4, 52.1,0.270, 1.685, 1.692, 46.0, 30.7,0.275, 1.677, 1.684,115.4, 95.1,0.266, 1.689, 1.696,0.266, 1.681, 1.688,0.264
09:48:00, 1.661, 1.668, 66.4, 51.1,0.269, 1.653, 1.660, 45.5, 30.1,0.275, 1.646, 1.652,114.1, 93.8,0.268, 1.657, 1.664,0.265, 1.650, 1.656,0.265
10:20:00, 1.458, 1.461, 60.5, 45.1,0.271, 1.453, 1.456, 42.2, 26.6,0.277, 1.448, 1.451,102.6, 82.3,0.267, 1.455, 1.459,0.267, 1.450, 1.454,0.264
10:24:00, 1.438, 1.441, 59.9, 44.5,0.271, 1.433, 1.436, 41.8, 26.1,0.276, 1.428, 1.431,101.3, 81.0,0.266, 1.435, 1.438,0.268, 1.430, 1.434,0.264
10:28:00, 1.419, 1.422, 59.2, 43.7,0.270, 1.414, 1.417, 41.4, 25.7,0.274, 1.409, 1.412,100.4, 80.1,0.267, 1.416, 1.419,0.267, 1.412, 1.414,0.265
10:32:00, 1.400, 1.403, 58.7, 43.2,0.271, 1.396, 1.399, 41.1, 25.4,0.274, 1.391, 1.394, 99.5, 79.2,0.267, 1.398, 1.401,0.268, 1.394, 1.396,0.265
10:36:00, 1.383, 1.385, 58.2, 42.7,0.271, 1.379, 1.381, 40.8, 25.1,0.274, 1.374, 1.377, 98.4, 78.1,0.267, 1.381, 1.383,0.268, 1.376, 1.379,0.265
10:40:00, 1.366, 1.369, 57.7, 42.1,0.270, 1.362, 1.365, 40.7, 24.9,0.278, 1.358, 1.360, 97.4, 77.1,0.267, 1.364, 1.367,0.265, 1.360, 1.362,0.263
10:44:00, 1.350, 1.353, 57.2, 41.6,0.270, 1.347, 1.349, 40.5, 24.7,0.279, 1.343, 1.345, 96.6, 76.4,0.267, 1.348, 1.351,0.263, 1.345, 1.347,0.264
10:48:00, 1.335, 1.337, 56.8, 41.2,0.270, 1.332, 1.334, 40.2, 24.4,0.278, 1.328, 1.330, 95.7, 75.5,0.267, 1.334, 1.336,0.264, 1.330, 1.332,0.263
10:52:00, 1.321, 1.323, 56.4, 40.8,0.271, 1.318, 1.319, 39.9, 24.1,0.277, 1.314, 1.316, 95.2, 75.0,0.268, 1.319, 1.321,0.266, 1.316, 1.318,0.265
10:56:00, 1.307, 1.309, 56.0, 40.3,0.271, 1.304, 1.306, 39.7, 23.9,0.278, 1.301, 1.302, 94.3, 74.1,0.267, 1.306, 1.307,0.265, 1.302, 1.304,0.265
11:00:00, 1.294, 1.296, 55.7, 40.0,0.271, 1.291, 1.293, 39.5, 23.6,0.278, 1.288, 1.290, 93.5, 73.3,0.267, 1.293, 1.294,0.266, 1.290, 1.291,0.264
11:04:00, 1.282, 1.283, 55.3, 39.6,0.271, 1.279, 1.280, 39.3, 23.4,0.278, 1.276, 1.277, 92.8, 72.6,0.267, 1.281, 1.282,0.265, 1.278, 1.279,0.264
11:08:00, 1.270, 1.272, 55.0, 39.3,0.271, 1.267, 1.269, 39.1, 23.2,0.278, 1.265, 1.266, 92.1, 71.9,0.267, 1.269, 1.270,0.266, 1.266, 1.267,0.264
11:12:00, 1.259, 1.260, 54.7, 39.0,0.272, 1.256, 1.258, 38.9, 23.0,0.278, 1.254, 1.255, 91.5, 71.3,0.267, 1.258, 1.259,0.267, 1.255, 1.256,0.264
11:16:00, 1.249, 1.250, 54.3, 38.5,0.271, 1.246, 1.247, 38.8, 22.9,0.279, 1.243, 1.245, 91.0, 70.8,0.267, 1.247, 1.248,0.264, 1.245, 1.246,0.264
11:20:00, 1.238, 1.240, 53.9, 38.1,0.270, 1.236, 1.237, 38.6, 22.6,0.278, 1.234, 1.235, 90.4, 70.2,0.267, 1.237, 1.238,0.263, 1.235, 1.236,0.264
11:24:00, 1.229, 1.230, 53.6, 37.8,0.269, 1.227, 1.228, 38.4, 22.4,0.277, 1.224, 1.225, 90.0, 69.8,0.268, 1.228, 1.229,0.263, 1.226, 1.226,0.265
